0 0.07438194251134647 0.7429691250000001 0.06404386081694408 0.15937436250000014
0 0.043873282904689864 0.5710946625 0.08774656580937973 0.15312431250000003
0 0.20978280181543107 0.4226559750000001 0.0756431588502268 0.11718843750000008
0 0.35955645385779134 0.504686925 0.12607138275340402 0.20781224999999998
0 0.19894065960665658 0.5566399874999999 0.05395887443267777 0.14609396250000006
0 0.15178960363086233 0.5593748625 0.05042822390317703 0.14062421250000012
0 0.1492695915279879 0.6101555625 0.07261782753403925 0.13281164999999984
0 0.28643495310136147 0.5710946625 0.09077146142208775 0.09062572499999999
0 0.30559757942511345 0.6753909375 0.05849687140695914 0.1382814
0 0.2718103237518911 0.7363289249999999 0.06555652647503776 0.09921858750000001
0 0.5519415189107413 0.4371087375 0.12455871709531025 0.22890712499999988
0 0.6974273645990923 0.473436675 0.08572814523449324 0.12031154999999999
0 0.630861845688351 0.6167976749999999 0.07362517397881996 0.15078150000000012
0 0.6694405809379727 0.5593748625 0.06404386081694413 0.18281205000000011
0 0.9624302571860817 0.27539156249999996 0.07513948562783668 0.19765687499999993
0 0.9460411255673223 0.5124994875 0.09278944629349462 0.24531255000000002
0 0.9473019546142207 0.5503899375000001 0.10539609077155809 0.14296893750000012