0 0.03593715 0.13195702692998199 0.0703137 0.1358471526032316
0 0.22499924999999998 0.1134058456014363 0.16562505000000002 0.22680991023339325
0 0.36406350000000004 0.25643291921005384 0.19687529999999998 0.10951540394973075
0 0.52929585 0.29682858168761217 0.2632824 0.20945562657091563
0 0.4566412500000001 0.4165168833034112 0.18203175 0.13405107360861773
0 0.09531135000000002 0.4416517342908438 0.1890621 0.18432077558348303
0 0.13007805 0.32645070017953315 0.25859295000000004 0.09994022262118485
0 0.16093815000000003 0.5305210197486534 0.19062525000000002 0.12028748294434466
0 0.26249955 0.4075408833034111 0.25781265 0.14242935727109513
0 0.61953015 0.5879706427289049 0.1218747 0.11310609694793539
0 0.930469325 0.30191503052064633 0.13906135000000008 0.08916814362657088