0 0.10570187689202826 0.24101563750000002 0.07416789505549953 0.1429689375
0 0.02169513622603427 0.742188175 0.04339027245206854 0.07812562499999998
0 0.07214953784056505 0.8621095749999999 0.037336734611503566 0.07265587500000004
0 0.23435979818365288 0.6667974249999999 0.028758441977800142 0.08828100000000005
0 0.3176082663975782 0.724218325 0.06710467810292642 0.20312471250000008
0 0.38168443995963675 0.584766475 0.07719475277497478 0.23203215000000016
0 0.32870784258324937 0.43359291250000004 0.09939390514631691 0.16406189999999998
0 0.4086774894046418 0.24609332499999997 0.10797219778002021 0.173436975
0 0.6617050090817356 0.25507825000000006 0.11251248435923289 0.27109305
0 0.9465190635721494 0.3347663875 0.10696187285570125 0.32578098749999984
0 0.027749675075681084 0.3109366375 0.05549935015136217 0.17499948749999994
0 0.0991425872855701 0.5363285874999999 0.09434969122098902 0.22421958749999982
0 0.46770944904137235 0.4046873875 0.11099905549949557 0.24218752500000007
0 0.517153614530777 0.301953625 0.10898005247225018 0.09921858750000007
0 0.7189699293642784 0.24453081250000003 0.06256274470232082 0.18749958749999995
0 0.73410751160444 0.3695318124999999 0.10595319475277509 0.1453117499999999
0 0.8105447265388497 0.18476518749999998 0.10443976589303738 0.16640662499999992