0 0.07111444321940472 0.4066411375000001 0.0837933936052921 0.2367196875
0 0.041621486218302056 0.581250475 0.042448194046306585 0.03906281249999988
0 0.24393550606394704 0.29414023750000007 0.08213980154355008 0.11640622500000006
0 0.17420034399117956 0.4273439499999999 0.08158740463065048 0.11562592499999996
0 0.2053468930540242 0.53476525 0.10308770011025345 0.06640582500000003
0 0.26819238809261303 0.61054615 0.08765117530319727 0.1835942625000001
0 0.3547405689084894 0.5394527874999999 0.1041888952590958 0.20390692499999996
0 0.40959160308710035 0.5191401250000001 0.061742500551267954 0.09609356250000006
0 0.4669239250275634 0.5644529875 0.11797182800440997 0.11640622499999986
0 0.49283439911797133 0.6117185125 0.048511964718853384 0.0734380874999998
0 0.5915101212789418 0.4480467625 0.08269039911797138 0.12890632499999993
0 0.6786106990077176 0.4578119875 0.0760742315325249 0.15312431250000003
0 0.9614107078280043 0.43554666249999996 0.07717858434399127 0.13046883749999982