0 0.03303031770045383 0.43867205000000004 0.06606063540090766 0.10390612500000007
0 0.03504769742813914 0.7511726375000001 0.06908717700453851 0.10390612499999996
0 0.09556255370650535 0.5871088250000001 0.11951540090771556 0.08828100000000005
0 0.07513909833585473 0.6519540500000001 0.08572814523449321 0.11953124999999998
0 0.11396802420574884 0.2460928625 0.1432176701966718 0.1249990875
0 0.13918295915279885 0.29414060000000003 0.10287443267776107 0.20546943749999994
0 0.18961118305597569 0.64023425 0.07866849016641445 0.1898443125
0 0.2022194735249621 0.7460930375000001 0.07059984266263233 0.06250050000000018
0 0.4586483993948561 0.24453034999999995 0.1195154009077154 0.13281165000000003
0 0.7483609077155825 0.26640552500000003 0.07059984266263242 0.20312471250000003
0 0.9566314311649016 0.4058592875 0.08673713767019653 0.10703114999999996