0 0.03457112419974398 0.579296475 0.06914224839948796 0.24765536249999998
0 0.493278361075544 0.5562508500000001 0.08130536235595381 0.19999968749999997
0 0.6193979001280412 0.37890663750000003 0.09795134443021769 0.16406189999999998
0 0.5861080256081946 0.5937492375 0.11715712163892422 0.23437496250000006
0 0.7644055928297055 0.5078129625 0.14468588988476327 0.1249990875
0 0.913252066581306 0.33398392500000007 0.17349586683738794 0.13359386250000005
0 0.09346970550576186 0.635156775 0.05761942125480153 0.07812562499999998
0 0.2567219462227914 0.5609383875 0.08962835339308572 0.16406189999999993
0 0.1651732240717031 0.5765616 0.08962835339308588 0.1437492374999999
0 0.8233038668373878 0.3945317625 0.10499339308578737 0.13281165
0 0.08130566965428938 0.41093718749999986 0.16261133930857877 0.07812562500000003