0 0.028981685483870995 0.40898388750000003 0.05796337096774199 0.2367196874999999
0 0.09576670967741938 0.6863289 0.0655234838709677 0.15078150000000012
0 0.12021216129032254 0.4687495125 0.09727838709677425 0.24218752499999996
0 0.22681532258064502 0.4257813750000001 0.11592793548387093 0.15624933749999992
0 0.23714693548387106 0.671874225 0.089213806451613 0.21093727500000004
0 0.31174348387096784 0.546092925 0.06703703225806457 0.2187498375000001
0 0.36819554838709667 0.2855473125 0.10231916129032265 0.11484371250000008
0 0.37651183870967764 0.4363288125 0.13306393548387102 0.10390612500000007
0 0.401714064516129 0.6093756375 0.09879029032258074 0.2109372749999998
0 0.5234379032258065 0.5148445875000001 0.14465738709677434 0.20312471250000003
0 0.4705147096774194 0.2281245 0.09223761290322591 0.176562
0 0.5032764516129031 0.330860175 0.12449593548387078 0.1585940624999999
0 0.7394146774193548 0.483202275 0.08266112903225808 0.135156375
0 0.6544865161290323 0.4132812750000001 0.14768119354838727 0.0937507500000001
0 0.9674899677419355 0.5015622750000001 0.06502006451612907 0.2546876250000001
0 0.8820567419354839 0.38320338749999994 0.05544358064516153 0.10703115000000007
0 0.9523692903225807 0.29179736249999993 0.09526141935483856 0.23671968749999994