0 0.06465232345876701 0.6511727125 0.1293030072057646 0.09921858750000012
0 0.03402717053642914 0.7667967250000001 0.06805400800640511 0.11171868750000014
0 0.2081664051240993 0.628905475 0.11769477021617297 0.2625001874999998
0 0.18154481345076062 0.7226562249999999 0.053243183346677325 0.10156331249999984
0 0.10688571337069656 0.5898445750000001 0.08006469175340272 0.10156331249999995
0 0.3136505748598879 0.6835934125 0.06925481505204167 0.11250090000000013
0 0.3056447590072058 0.520703875 0.08286613931144915 0.16171908749999991
0 0.44455552922337865 0.27226629999999996 0.09087326180944755 0.18984431249999997
0 0.4859892522017614 0.4218754374999999 0.06405175340272218 0.1249990875
0 0.5568460144115293 0.4039055875 0.06645336749399522 0.1249990875
0 0.55284245316253 0.520703875 0.06965595516413126 0.11953125000000009
0 0.49879960288230596 0.552344275 0.04963945556445154 0.15624933750000003
0 0.628302526821457 0.34882750000000007 0.04123249959967967 0.09921858749999996
0 0.6609281537229783 0.6546878875 0.05844624499599682 0.13281164999999995
0 0.9545636957566053 0.67578085 0.09087260848678946 0.22656240000000005
0 0.9199353082465973 0.5429691999999999 0.11208926180944745 0.13281165000000006