0 0.04451185432473441 0.5312505625 0.07789518664643394 0.20312471250000003
0 0.12569580576631256 0.6160163875000002 0.05311057966616077 0.07734341249999999
0 0.2559437693474962 0.4113272499999999 0.056651945371775425 0.13203135000000005
0 0.3199293960546282 0.5015628249999999 0.05918125644916539 0.15937436250000003
0 0.38720213657056135 0.37578152499999995 0.05007606676783011 0.08906321249999988
0 0.5025284855842185 0.42460956250000015 0.062215769347496175 0.1335938625
0 0.44284202731411215 0.5699213125 0.06727439150227615 0.12265627499999998
0 0.7546786767830045 0.5953116625000001 0.0930710531107738 0.2187498375
0 0.6762766373292868 0.5234379999999998 0.1041987010622153 0.17499948749999994
0 0.6770360910470409 0.3925790125 0.09863487708649488 0.07265587500000004
0 0.633283301972686 0.3121086624999999 0.1335350773899847 0.15078149999999996
0 0.8636817481031867 0.4406248375000001 0.08244860698027323 0.23281245000000006
0 0.9511887830045525 0.3707038375 0.09762243399089521 0.21953204999999998