0 0.09820264684014875 0.30234418750000003 0.09603521189591088 0.13593667500000012
0 0.15458450557620815 0.345312325 0.09727286245353156 0.11875094999999991
0 0.40117626765799264 0.5121091000000001 0.09603521189591074 0.10703115000000007
0 0.47180930855018594 0.4554685 0.09231821561338294 0.25156259999999986
0 0.5985127732342008 0.5632818625 0.07806703345724875 0.10312582500000012
0 0.6967158959107806 0.4421881000000001 0.11214286988847577 0.19218712499999985
0 0.783147182156134 0.528124375 0.10904672118959113 0.22656240000000005
0 0.8528499628252789 0.5226565374999999 0.07249153903345706 0.19531215000000002
0 0.8915730557620818 0.41718789999999983 0.08550102602230458 0.15468682499999992
0 0.9575588401486987 0.4308584499999999 0.07372918959107777 0.11015617500000002
0 0.9625155390334572 0.32187463749999995 0.07496892193308546 0.1546868250000001
0 0.8590463048327139 0.28632891249999987 0.1319695464684013 0.09453104999999995