0 0.13748779011099888 0.2523428875 0.07214889202825428 0.1328116500000001
0 0.7515133804238143 0.5738283999999999 0.09233068819374368 0.21953204999999992
0 0.9777999192734612 0.4863277 0.04440016145307768 0.12265627500000009
0 0.45282609081735636 0.5074225750000001 0.07719475277497478 0.17421918749999998
0 0.3983344177598387 0.49140538750000007 0.0893038304742686 0.1640619000000001
0 0.3216452391523712 0.4851553375 0.06407617356205847 0.1671869250000001
0 0.2156920443995963 0.5410156375000001 0.06710467810292642 0.12734381250000004
0 0.33274481533804245 0.7117196499999999 0.07214889202825431 0.1249990875
0 0.27875871644803224 0.7328126125000002 0.05903195963673069 0.0937507500000001
0 0.6606961210898081 0.47851513749999997 0.10242240968718452 0.12265627499999993
0 0.6775990958627649 0.5917963374999999 0.08577139858728555 0.0835934625000001
0 0.9414725812310796 0.58671865 0.055499527749747646 0.08281316249999993
0 0.8171046296670031 0.4082039875000001 0.07214889202825447 0.22109456250000004
0 0.8488899293642787 0.5179681 0.062058817356205886 0.19531215000000002
0 0.9086777800201817 0.5566407625 0.06357224621594348 0.22109456250000004