0 0.06992100000000001 0.6101565250000001 0.1382814 0.1406242125
0 0.09843765 0.7003901875 0.19531215 0.22109456249999992
0 0.08281124999999999 0.7628906875 0.15937500000000002 0.21640702499999986
0 0.2871096 0.5648436625000001 0.1304682 0.20624973749999992
0 0.37851689999999993 0.7277351124999999 0.13515509999999992 0.22890712499999988
0 0.27031275 0.6949223499999999 0.09687449999999995 0.049218187499999844
0 0.49414155000000004 0.6183592375000001 0.2054688 0.11484371249999992
0 0.7367179500000001 0.5429684875 0.17031194999999988 0.15624933750000003
0 0.68320365 0.7250002375 0.10390739999999998 0.1921871249999999
0 0.84140565 0.6015617500000001 0.08125064999999987 0.19531215000000013
0 0.7902348 0.7003901875 0.12578129999999987 0.1382813999999999
0 0.7324212 0.7851560125000001 0.07265714999999995 0.1093758749999999
0 0.9539070125 0.7550781249999999 0.09218597499999992 0.24765536249999998
0 0.98242175 0.5492185375 0.035156500000000035 0.18437456250000006