0 0.025492498738011092 0.42148427499999996 0.050984997476022184 0.2539054125
0 0.0757195598182736 0.24335976250000002 0.11004507622412919 0.09765607500000009
0 0.12746079757698137 0.4191414624999999 0.10247411206461378 0.2382821999999999
0 0.05880805249873805 0.4933598500000001 0.0681469156991418 0.12109376250000004
0 0.08076796769308431 0.6554690875 0.05451753255931354 0.13281164999999995
0 0.1067646320040384 0.7570304875 0.07824373144876323 0.07031306250000002
0 0.1539632912670369 0.6359367250000001 0.1070166905603231 0.1953121499999999
0 0.4177178879353862 0.27968769999999993 0.12266609591115607 0.21249978749999998
0 0.4404340757193338 0.6964845625 0.12468447046945991 0.12890632499999988
0 0.23725378293791002 0.7093748124999999 0.08682470671378079 0.23593747500000006
0 0.22387649066128207 0.5648433625 0.05805174760222101 0.0875007000000001
0 0.3255926824835943 0.6566414500000001 0.0817762988389702 0.18203175000000016
0 0.7188280666330138 0.378124075 0.11105508732963154 0.11718843750000013
0 0.7370016759212519 0.46601492499999997 0.09490150025239796 0.18359426249999994
0 0.9439682746087834 0.49648487499999994 0.07672953861685994 0.1039061249999999
0 0.9419482523977789 0.3617186500000001 0.11610349520444208 0.18124953749999995