0 0.021421758064516124 0.30191503052064633 0.04284351612903225 0.08916814362657088
0 0.10257109677419357 0.44165173429084376 0.09425458064516128 0.15798902692998207
0 0.32131996774193555 0.3827048904847397 0.08316454838709675 0.2052657522441652
0 0.4304435161290323 0.16516983842010774 0.16834606451612893 0.11370381328545778
0 0.4823582258064516 0.4982047827648116 0.09677496774193534 0.2423695798922802
0 0.5330143870967742 0.383901788150808 0.09526141935483862 0.11909058527827665
0 0.6247485806451611 0.45391956912028725 0.10231916129032248 0.07241157630161577
0 0.8699598709677419 0.4539195691202872 0.08568493548387102 0.12148438061041289
0 0.5914817741935485 0.5894678635547577 0.08820532258064528 0.08737352962298017
0 0.6754030967741934 0.5326144919210054 0.08266112903225808 0.07899524596050278
0 0.9193541935483871 0.6738484165170557 0.08871038709677426 0.11490071095152599
0 0.7875504516129033 0.6469174865350091 0.14364890322580648 0.11250691561938975
0 0.8860890322580646 0.8791141184919211 0.13608938709677432 0.24177176301615788
0 0.9682463306451613 0.8055056947935368 0.0635073387096774 0.21065252423698377