0 0.08059402816901406 0.5484380124999999 0.05477288262910801 0.17187446249999988
0 0.06442386228482008 0.8066408125000001 0.08502915805946805 0.24609285000000014
0 0.11997996870109554 0.6121089625 0.06781355868544607 0.15390652500000002
0 0.2065721690140846 0.6714844375 0.08450644131455409 0.13671888749999994
0 0.23656793740219095 0.757812775 0.09546135837245692 0.20312471249999997
0 0.2548255649452271 0.5203127875 0.05372915179968707 0.15468682499999997
0 0.32133488575899827 0.7652351874999999 0.08972339280125191 0.26171797500000016
0 0.529473201877934 0.6035161 0.08867966197183097 0.20703195000000008
0 0.449921502347418 0.5222654499999999 0.039123730829421166 0.11484371250000003
0 0.4822635367762129 0.5398432375 0.06520678560250398 0.14218672499999996
0 0.38393319561815337 0.41601651249999994 0.06885728951486692 0.09765607499999995
0 0.4452272676056339 0.44335952500000003 0.10067830985915499 0.12109376250000004
0 0.4634848951486696 0.355468675 0.10798102034428803 0.11718843750000002
0 0.7485647323943663 0.5445307749999999 0.06572779968701092 0.18749958749999995
0 0.8075125383411581 0.398828875 0.1251949170579031 0.2085944624999999
0 0.829420669796557 0.5734382125000002 0.054251868544600956 0.07812562499999987
0 0.942618641627543 0.5429682625000002 0.07824746165884189 0.1640619000000001
0 0.9647889827856024 0.37695369999999995 0.0704220344287948 0.1585940624999999