0 0.11406310000000001 0.42109438749999994 0.15781185 0.10312582500000006
0 0.23476479999999997 0.6605470375 0.11796809999999996 0.13984391249999994
0 0.09140634999999998 0.576563425 0.18281204999999998 0.103125825
0 0.13359355 0.4800778 0.24531255 0.13203134999999988
0 0.40624974999999997 0.40039157499999994 0.2062490999999999 0.20703195000000008
0 0.64609255 0.40781207499999994 0.12031155000000004 0.14374923749999996
0 0.46328050000000004 0.5417960875 0.10312455000000009 0.11015617499999991
0 0.5699215 0.6300790000000001 0.1117180499999999 0.2679680249999999
0 0.330859 0.5394532749999998 0.09765734999999992 0.06171828749999986
0 0.5199210999999999 0.4031245375 0.06328079999999997 0.10000080000000006
0 0.8777345500000001 0.46093749999999994 0.1320313500000001 0.21093727499999992