0 0.0375627646076795 0.21796942499999997 0.075125529215359 0.17968702499999994
0 0.08820332554257085 0.5652335250000001 0.08514190317195314 0.21328200000000003
0 0.13188679799666117 0.7437501 0.07234201001669444 0.22656239999999983
0 0.21619317529215365 0.766015425 0.09293227378964938 0.1773442125
0 0.2829716727879799 0.46523463749999994 0.07401306176961611 0.11171868749999997
0 0.18169140567612707 0.6476565375000001 0.1096264440734559 0.07031306250000002
0 0.36254824707846417 0.47929725 0.08514190317195336 0.27578058750000006
0 0.6140796794657764 0.3781240875 0.1352262303839734 0.23437496250000012
0 0.7234282203672788 0.3582034875 0.12799166611018364 0.1382814
0 0.6558160133555928 0.5121100125 0.02949406343906491 0.091406025
0 0.7726770217028383 0.4457022750000001 0.13745127212020047 0.16171908749999997
0 0.8224816293823038 0.5574209625000001 0.08903799666110157 0.16171908750000002
0 0.9744020300500835 0.4859374500000001 0.051195939899833065 0.1015633125