0 0.05244950420583869 0.6562491749999998 0.10489859673428995 0.29687546249999985
0 0.11949474517565561 0.5269527 0.047005799109351806 0.11484371250000003
0 0.7137559307273628 0.23867201250000003 0.13211205541810989 0.18828179999999992
0 0.5937647659574468 0.2531247750000001 0.11776402177140022 0.19687466250000007
0 0.45422997723899056 0.6703117875000002 0.20188025729836723 0.23749998750000012
0 0.41835666303810004 0.5277349125000002 0.060861244928253344 0.16328159999999997
0 0.517812568035626 0.45273431250000007 0.07471507570509656 0.18515677499999988
0 0.5353777654626423 0.4894523999999999 0.19792178921326076 0.15078150000000012
0 0.4747652370113805 0.3492183375 0.18060369322117747 0.21249978749999993
0 0.8233542998515585 0.46328175000000016 0.06927238396833246 0.1843745625
0 0.8087575497278574 0.7257819374999999 0.08659047996041569 0.25937516250000003
0 0.9586833527956458 0.5375001374999999 0.08263329440870859 0.096875775