0 0.03629083870967737 0.3328133250000001 0.07056425806451609 0.14843677499999997
0 0.09853880645161289 0.6683595374999999 0.10433448387096776 0.0960935624999999
0 0.07913248387096777 0.3597661875 0.05241977419354837 0.0835934625
0 0.20766070967741937 0.27382799999999996 0.097781806451613 0.0835934625
0 0.19934441935483865 0.4226568375 0.07711693548387097 0.2500000875
0 0.12348767741935483 0.4457024625 0.07056425806451608 0.1460939625
0 0.40423445161290317 0.4054692000000001 0.12096706451612887 0.16406190000000015
0 0.4999992903225806 0.327343575 0.154233870967742 0.19531215000000002
0 0.6234883870967741 0.5554684875 0.0856849354838709 0.2343749624999999
0 0.8266131612903225 0.27382799999999996 0.07560503225806448 0.09921858750000004
0 0.9208677419354839 0.2152347375 0.08871038709677426 0.18984431250000003
0 0.8538307096774191 0.45781241250000004 0.09576648387096776 0.11718843750000002
0 0.9684980403225807 0.46914015000000003 0.06300391935483873 0.20859446250000013