0 0.021556725868725785 0.39960889999999993 0.04311345173745157 0.18046923749999993
0 0.35843076447876454 0.5019525125000002 0.07207264864864837 0.10078109999999996
0 0.4095877683397682 0.5753906 0.06499434749034727 0.06953084999999992
0 0.47072160617760644 0.3046876999999999 0.12676880308880312 0.15156179999999989
0 0.5386102857142858 0.45585935 0.08236874131274113 0.13359386249999994
0 0.6821107644787643 0.5992184375 0.10553389961389947 0.23281245
0 0.7287645405405405 0.4417967374999999 0.1061766177606176 0.08203094999999988
0 0.6258036138996139 0.496874825 0.14478801544401532 0.12812411249999994
0 0.7786361081081081 0.6292963250000001 0.08365417760617755 0.16953165000000003
0 0.7969745791505791 0.5453127125 0.1061766177606176 0.13437416249999995
0 0.9372588416988417 0.4644522125000001 0.1254823166023168 0.1773442125000001