0 0.1854842539021852 0.5179688375 0.09417200416233085 0.26093767500000004
0 0.26612984807492196 0.510156275 0.07856356295525499 0.17656199999999989
0 0.09521308636836634 0.585937175 0.05931241623309054 0.06718803750000013
0 0.02939644536940685 0.7421884250000002 0.05567140894901145 0.07343808750000014
0 0.3579599916753382 0.777344 0.1019770738813735 0.15937436250000026
0 0.2684700104058272 0.8124995750000001 0.05202870343392302 0.12968662500000006
0 0.5174289781477628 0.5792969749999999 0.09209167117585848 0.3257809874999999
0 0.9240377023933403 0.39960995 0.15192459521331947 0.2101569749999999
0 0.024193881373569186 0.3042966875 0.04838776274713837 0.11484371250000003
0 0.020811854318418282 0.17265548750000004 0.041623708636836565 0.09687577500000005
0 0.17507749427679498 0.37812492499999995 0.07648322996878246 0.07031306249999997
0 0.25754359209157135 0.6703128500000002 0.06035343184183142 0.11718843749999996
0 0.34339256607700314 0.5265617 0.08012423725286177 0.16406190000000004
0 0.42403816024973995 0.5777344625 0.07804390426638913 0.19765687500000007
0 0.8655051987513008 0.4710934625 0.07960457856399583 0.15624933749999992