0 0.3414058 0.22890713750000002 0.10937460000000004 0.11718843750000005
0 0.10781305 0.5062502375000001 0.13281165 0.19218712500000001
0 0.17343730000000002 0.6039063125 0.21093855000000003 0.15312431249999992
0 0.0324223 0.6246091249999999 0.06484395000000001 0.12734381249999982
0 0.34101565 0.5335932500000001 0.14609460000000007 0.12812411249999994
0 0.36328225000000003 0.7273428875000001 0.12812475 0.2187498375
0 0.5597648499999999 0.32812572500000003 0.19765559999999993 0.13281165000000006
0 0.62734495 0.6675772625 0.0937507500000001 0.11953125000000009
0 0.8335940499999999 0.5804686250000001 0.12031154999999993 0.14374923750000002
0 0.8640614500000001 0.7042972624999999 0.09687450000000009 0.1773442125000001
0 0.6523426 0.5453130500000001 0.11718779999999995 0.09375074999999994
0 0.75625 0.6414066125 0.07031370000000003 0.12499908749999977
0 0.7140628 0.49843767499999997 0.17812514999999995 0.09843828749999994