0 0.10625025000000007 0.21562544999999997 0.21249915000000003 0.10781336250000001
0 0.2410152 0.8281246124999999 0.24765599999999993 0.17968702500000022
0 0.27812534999999994 0.501563325 0.16249875000000016 0.21093727499999998
0 0.39335984999999996 0.5351563875 0.08828100000000005 0.10937587500000012
0 0.7558602000000001 0.20078062500000005 0.1601553000000001 0.23437496250000003
0 0.4312503 0.39335981249999996 0.11718779999999995 0.14296893750000006
0 0.4929679500000001 0.4187501625000001 0.12656160000000016 0.22031235000000016
0 0.5984385000000001 0.5242188 0.10312455000000009 0.1578118500000001
0 0.6433593000000001 0.3964848375000001 0.11484435000000004 0.14453145
0 0.7230468000000001 0.47109337500000004 0.10703115000000007 0.22187486250000005
0 0.8417977499999999 0.4535155875000001 0.17265540000000001 0.14453144999999995
0 0.9531251375 0.43359307499999994 0.093749725 0.1890621
0 0.9515619875 0.5808594000000001 0.09687602500000003 0.15078150000000012