0 0.16376526582278478 0.4640634375000001 0.07014845569620248 0.10937587500000007
0 0.26160263291139235 0.4527337875 0.06856465822784805 0.09140602500000006
0 0.3132912405063292 0.47734383749999987 0.0664557974683544 0.1453117499999999
0 0.3370258227848103 0.5957027250000001 0.08227827848101271 0.10703114999999985
0 0.3800104303797467 0.740624325 0.0595989873417721 0.1406242125
0 0.9224679493670886 0.2300786249999999 0.12869215189873429 0.18203175
0 0.5208341265822783 0.7652343750000001 0.049051240506328975 0.1898443125000001
0 0.4240503291139241 0.7156241249999999 0.07383939240506354 0.19999968749999997
0 0.4469930126582279 0.5527345875 0.10917701265822793 0.11953124999999998
0 0.47942987341772136 0.7687495500000001 0.04430329113924031 0.15624933749999992
0 0.765031594936709 0.43046846250000015 0.07753205063291135 0.1203115500000001
0 0.7616040506329114 0.5347647375000001 0.04535858227848122 0.06796833749999998
0 0.780854075949367 0.6281253375000001 0.06698258227848097 0.0937507500000001
0 0.9881331392405064 0.589452675 0.02373372151898734 0.05703075000000002
0 0.9775841012658228 0.5109369 0.044831797468354195 0.04687537499999994
0 0.9818035443037976 0.38867268750000006 0.03639291139240497 0.05703075000000002