0 0.11874959999999998 0.45117153749999994 0.12187469999999995 0.08359346250000005
0 0.1789066500000001 0.7464844875000001 0.10937460000000002 0.21796953750000014
0 0.08163945 0.581250225 0.16171844999999996 0.16874943750000015
0 0.2597645999999999 0.5863279124999998 0.07421775000000003 0.14921898749999996
0 0.4601563500000001 0.317577675 0.08125065000000009 0.07578089999999998
0 0.5066403 0.4093757625000001 0.08828100000000011 0.06875054999999997
0 0.86523405 0.3152348625 0.12109439999999994 0.2210945625000001
0 0.8855473500000002 0.5886726375000002 0.10234424999999991 0.22109456249999992
0 0.9578129375 0.46054661250000006 0.08437412500000008 0.2523429000000002
0 0.9757815125 0.29687486249999995 0.04843697499999988 0.1000008
0 0.9722657000000001 0.18828120000000004 0.05546859999999987 0.08750069999999999