0 0.017441803842264885 0.41406216249999994 0.03488360768452977 0.15781184999999992
0 0.119565265925177 0.5144531124999999 0.10869549039433778 0.21484451250000003
0 0.3225487724974723 0.3070310125 0.11931256622851372 0.22812491249999994
0 0.39029244893832155 0.46562507500000005 0.08796793528816982 0.2312499375000001
0 0.48255737917087954 0.35351623749999994 0.11981751263902918 0.14140642500000006
0 0.4605658078867543 0.4566401499999999 0.04550128210313459 0.042968137500000114
0 0.7148640808897877 0.42421944999999994 0.0970685217391305 0.11093838750000001
0 0.7027305156723965 0.27695312499999997 0.06572224064711829 0.1773442125
0 0.6579883033367038 0.38085925 0.041961706774519825 0.13046883750000005
0 0.657735830131446 0.6101565250000001 0.07077830535894836 0.07812562500000009
0 0.6617803518705763 0.490235125 0.08594484934277047 0.147656475
0 0.8743677411526793 0.3757815625 0.12184059858442875 0.08281316249999993
0 0.8771482467138525 0.466405375 0.06976676238624868 0.0953132625
0 0.9613243518705763 0.358203775 0.0773512962588474 0.0867184875
0 0.9448935733063701 0.43749985 0.05965628311425686 0.07031306250000002