2 0.6468686868686868 0.7646530025170801 0.11111111111111127 0.2517080186983098
2 0.3216161616161617 0.7772384034519956 0.14141414141414152 0.2912621359223301
2 0.09227272727272727 0.8964401294498382 0.18454545454545454 0.20711974110032363
2 0.601711229946524 0.5282933561774225 0.06617647058823525 0.12492861222158773
2 0.4222326203208557 0.5282933561774223 0.07620320855614968 0.12016942699409859
2 0.27016042780748667 0.5812392918332381 0.10762032085561497 0.1380163715971825
2 0.16422535211267605 0.5503213455490223 0.10819462227912931 0.1344637403710287
2 0.3370806658130602 0.45460139477642564 0.06722151088348276 0.1071151830074296
2 0.617367514002585 0.4242933173821685 0.046531667384747996 0.07975582447583554
2 0.5370142180094786 0.39208423442077334 0.04523912106850482 0.07515452690992205
2 0.4734640241275312 0.3541235295019862 0.04222317966393803 0.06518504885044252
2 0.4148685911245153 0.3253654197150263 0.05342524773804391 0.07208699519931284
2 0.549724256785868 0.29852451724719703 0.036191296854804024 0.06135063421218122
2 0.5992718655751831 0.2689995245325849 0.03188280913399405 0.055982453718615356
2 0.5066393795777681 0.2686160830687587 0.03188280913399384 0.05368180493565861
2 0.4450280051701852 0.2904722465068483 0.03877638948728997 0.04524609273148363
3 0.46506247307195175 0.24560959523919082 0.03748384317104699 0.06748569763339926
2 0.5596035940803383 0.231890193422142 0.02616279069767436 0.04327538195228419
3 0.6021511627906977 0.19590577255964484 0.03144820295983085 0.06444268834198838
2 0.9609090909090909 0.4166666666666667 0.07818181818181819 0.09870550161812297
2 0.8530338891877353 0.37650562034430596 0.08391608391608397 0.10532161391011267
2 0.7793383539537386 0.4042722276478811 0.06670252824098993 0.08234235269336092
2 0.73845615922539 0.3396430554757664 0.059171597633136036 0.06798031443289103
2 0.9065494359654943 0.3009354404365389 0.05175846051758464 0.05964613894597595
2 0.8390311877903118 0.25693903101599225 0.03351028533510275 0.04252001984267593
2 0.7671997345719972 0.2932582146316113 0.0384870603848706 0.04547279899841737
2 0.7215792966157929 0.30890794415704065 0.04479097544790978 0.04133890818037934
2 0.7313669542136695 0.24483263647745263 0.0384870603848706 0.04429168733612077
2 0.6933775713337758 0.26402570098977163 0.038818845388188326 0.047244466491862126
2 0.7676974120769741 0.23597429901022843 0.029528865295288514 0.03956724068693449
2 0.7973921698739216 0.21796234616020604 0.030524220305242124 0.03661446153119314
2 0.7973921698739216 0.2616634776651785 0.03516921035169203 0.04488224316726903
2 0.7474585268745852 0.20969456452413016 0.0275381552753815 0.03425223820660005
2 0.7000132714001327 0.19404483499870082 0.024883875248838814 0.027756124063969004
2 0.7219110816191108 0.17957621713556804 0.02023888520238891 0.022441121583634514
2 0.6806038487060385 0.230659296529894 0.02720637027206356 0.036023905700044795
2 0.5217198474814368 0.240221607835573 0.02307846678707599 0.03464854940454509
2 0.5262351996789082 0.21325289154646843 0.021673690547862737 0.029290526300749437