2 0.5457680835197614 0.7097844112769486 0.10253542132736779 0.23217247097844093
2 0.2456189410887398 0.7213930348258706 0.13049962714392252 0.26865671641791045
2 0.05956375838926174 0.8679104477611941 0.11912751677852348 0.26417910447761195
2 0.9408557046979866 0.6395522388059701 0.11828859060402684 0.18955223880597014
2 0.5040959336754837 0.4917690956979807 0.061068890643505694 0.11523266022827047
2 0.3384696999605212 0.4917690956979806 0.07032175286221866 0.11084284460052676
2 0.19813462297670753 0.5406057945566285 0.09931405448085273 0.12730465320456535
2 0.10037574439928158 0.5120874500735758 0.09984403062671329 0.12402774858103843
2 0.25988987616977033 0.423796510405718 0.062033273466301206 0.09880176581879327
2 0.5185438468144661 0.39584070170474644 0.042940297083240604 0.07356582018815876
2 0.44439231527720335 0.3661314281672208 0.04174751105315042 0.06932163825422662
2 0.385747002131111 0.3311169272122798 0.03896434364960724 0.06012591073070668
2 0.331674035433697 0.30459079012520335 0.04930182257705395 0.06649218363160499
2 0.4561213779064219 0.27983306217726533 0.03339800884252049 0.05658909245242984
2 0.5018448423932058 0.25259956143453355 0.029422055408887125 0.05163754686284222
2 0.41636184357008804 0.2522458796067058 0.029422055408886934 0.04951545589587615
2 0.35950570946913063 0.2724057437928839 0.03578358090270047 0.041734455683666995
3 0.377993892935526 0.23102496993704466 0.03459079487261039 0.06224800169767275
2 0.465238216013735 0.2183703575147519 0.024143514905571976 0.0399166955918084
3 0.5045019119712814 0.1851787573759112 0.029020992664273434 0.059441166261714654
2 0.8412592827925818 0.38973770202243224 0.08240339938842776 0.09008213371014742
2 0.736021206465192 0.3517619005563897 0.07743933918430569 0.09714739909917856
2 0.6680135816687186 0.3773734875916277 0.06155434653111488 0.07595160293208515
2 0.6302867241173901 0.3177603108716771 0.05460466224534365 0.06270423032765172
2 0.7854063586929897 0.2820568689399717 0.04776368000783818 0.05501688637106438
2 0.7230992504776368 0.24147510622072124 0.030923921030715625 0.03921995860115481
2 0.6568118355949639 0.2749754875258743 0.03551658256993092 0.04194356683734617
2 0.6147124381521579 0.28941061117768824 0.04133395385293688 0.03813051530667825
2 0.6237446725126145 0.2303083124523369 0.03551658256993092 0.04085412354286961
2 0.5886873560966052 0.24801176598758037 0.03582276000587849 0.04357773177906089
2 0.6572711017488855 0.22213748774376293 0.027249791799343427 0.03649635036496345
2 0.6846739822662028 0.20552347750299602 0.028168324107186525 0.03377274212877218
2 0.6846739822662028 0.24583287939862736 0.03245480821045406 0.04139884519010785
2 0.6385942781560769 0.19789737444166036 0.025412727183657426 0.031593855539819145
2 0.5948109048155586 0.1834622507898464 0.022963307696076088 0.025601917420198277
2 0.6150186155881056 0.17011657043250902 0.018676823592808554 0.020699422595053925
2 0.5768995248126194 0.21723499291861864 0.02510654974770966 0.03322802048153386
2 0.4302783827429367 0.22605515469012555 0.021297242840422472 0.03195940825672965
2 0.4344452346030193 0.20117953279957834 0.020000888928396823 0.02701723172218381