2 0.5629340277777778 0.7160493827160493 0.09548611111111124 0.2160493827160493
2 0.28342013888888895 0.7268518518518517 0.12152777777777782 0.24999999999999992
2 0.08680555555555555 0.8695987654320987 0.15885416666666666 0.25771604938271603
2 0.9370659722222221 0.6512345679012346 0.12152777777777786 0.17592592592592587
2 0.5241268382352942 0.5131740196078431 0.05687040441176468 0.10723039215686272
2 0.36988740808823534 0.513174019607843 0.06548713235294117 0.10314542483660129
2 0.23920036764705888 0.5586192810457515 0.09248621323529413 0.11846405228758172
2 0.14816241197183097 0.5320813771517997 0.09297975352112675 0.11541471048513298
2 0.2967099471830986 0.4499217527386542 0.057768485915492954 0.09194053208137716
2 0.5375814573459715 0.42390731964191686 0.03998815165876781 0.0684570826750921
2 0.46852784360189564 0.3962611901000527 0.03887736966824642 0.06450763559768302
2 0.4139143957345971 0.36367825171142704 0.0362855450236967 0.055950500263296454
2 0.36355894549763035 0.3389942074776198 0.04591232227488149 0.06187467087941019
2 0.47945053317535535 0.315955766192733 0.031101895734597117 0.0526592943654555
2 0.5220305094786729 0.2906134807793576 0.027399289099526138 0.04805160610847814
2 0.4424244668246445 0.29028436018957343 0.027399289099526047 0.0460768825697736
2 0.3894771919431279 0.309044233807267 0.03332345971563977 0.03883622959452341
3 0.40669431279620855 0.2705371248025277 0.03221267772511842 0.05792522380200103
2 0.4879405886627907 0.2587613049095608 0.022483648255813993 0.03714470284237726
3 0.5245049055232558 0.22787467700258404 0.027025799418604633 0.05531330749354003
2 0.8381102071005918 0.41822813938198555 0.07673816568047345 0.08382642998027616
2 0.7401072485207101 0.38288954635108485 0.07211538461538458 0.09040105193951346
2 0.6767751479289942 0.4067225509533202 0.057322485207100635 0.07067718606180139
2 0.6416420118343196 0.3512491781722551 0.05085059171597637 0.05834976988823143
2 0.7860971715328466 0.31802514193025144 0.0444799270072993 0.05119626926196265
2 0.7280736770072992 0.2802615571776156 0.028797901459853927 0.03649635036496351
2 0.6663435218978101 0.31143552311435524 0.033074817518248256 0.039030819140308204
2 0.627138458029197 0.3248682076236821 0.03849224452554747 0.035482562854825594
2 0.6355497262773723 0.2698702351987024 0.033074817518248166 0.03801703163017033
2 0.6029026003649636 0.2863442822384429 0.033359945255474435 0.04055150040551499
2 0.6667712135036495 0.2622668288726683 0.025376368613138654 0.03396188158961881
2 0.6922901459854014 0.24680656934306575 0.02623175182481745 0.031427412814274115
2 0.6922901459854014 0.2843167072181671 0.03022354014598534 0.03852392538523925
2 0.6493784215328466 0.2397100567721006 0.023665602189780977 0.029399837793998372
2 0.608605155109489 0.22627737226277375 0.021384580291970857 0.02382400648824006
2 0.6274235857664233 0.21385847526358479 0.017392791970802967 0.019261962692619625
2 0.5919251824817519 0.2577047850770479 0.02338047445255471 0.03092051905920516
2 0.45538424392935983 0.2659124356144224 0.019833057395143516 0.02974000490556783
2 0.45926462472406177 0.2427642874662743 0.01862582781456954 0.025141035074809893