2 0.07389380530973451 0.7302839116719243 0.14778761061946902 0.20504731861198738
2 0.06415929203539823 0.5323343848580442 0.12831858407079647 0.14037854889589904
2 0.2574237954768929 0.46915527514896604 0.10029498525073739 0.12443042411496674
2 0.08092428711897749 0.3981773571678935 0.09537856440511312 0.1051524710830704
2 0.31494591937069816 0.3385909568874868 0.06588003933136667 0.08061689449702072
2 0.10157325467059984 0.30441640378548895 0.07374631268436592 0.07535927094286723
2 0.18425556744140817 0.24747807397649668 0.04959642127783725 0.05546503969216901
2 0.24017310123504806 0.2596110514091587 0.04570650588349714 0.04853190973064782
2 0.25597588252455516 0.19807952300065865 0.038412914519109206 0.051998474711408504
2 0.3301273947291647 0.2136790654140812 0.035009238549061586 0.046798627240267655
2 0.39309540017504624 0.19461295801989803 0.03257804142759894 0.041598779769126806
2 0.3104346980453176 0.18291330120983118 0.03744043567052423 0.04593198599507748
2 0.2880676845278615 0.1629805525704579 0.027715647184673654 0.03726557354317608
2 0.3414970687233901 0.15087922828151196 0.02362854149483948 0.029797614601625767
2 0.30828336416932306 0.1439264515411326 0.020061969193731818 0.028605710017560716
2 0.318871625688237 0.1314114534084498 0.017609950736720097 0.021056980985148882
2 0.3852990347963711 0.13180875493647148 0.022959809188381995 0.039332851274146007
2 0.41461180089610133 0.14491970536118684 0.02139943380664719 0.030592217657669122
2 0.8269911504424778 0.9061514195583596 0.1831858407079646 0.18769716088328076
2 0.413782931543078 0.7454222415606078 0.1240972434136913 0.25925523042894943
2 0.5689044858101924 0.5795351535588673 0.07628928898382671 0.1450378911490628
2 0.6924931339639916 0.580441640378549 0.09561590885972956 0.179484390296965
2 0.771325399247279 0.46531781427898034 0.07628928898382671 0.13778599659160956
2 0.6334960838164989 0.4109286050980819 0.06103143118706133 0.09427462924689073
2 0.4647037019876755 0.38092721356962356 0.0495760552286521 0.08836110789964824
2 0.5427744057823287 0.30454027449749776 0.037066209516749354 0.06110955125770059
2 0.48092016865125337 0.25664359918740814 0.03104295047027762 0.06606437973805467
2 0.5990687114858917 0.28100483921581576 0.035676226659871135 0.058632137017523595
2 0.6868692952786916 0.3231208812988257 0.05096603808553031 0.07845145093893999
2 0.660227957188528 0.2785274249756387 0.03938284761154611 0.058632137017523595
2 0.7489331668385906 0.2990458864740376 0.06352136380911015 0.06676859360182696
3 0.9106194690265487 0.7799684542586751 0.17876106194690267 0.3990536277602524
2 0.4805834708264587 0.19841736619793618 0.02624868756562173 0.042773886542265924
2 0.5237063146842658 0.1947414853232102 0.028498575071246472 0.0501256482917179
2 0.5754537273136343 0.21713094156017754 0.03149842507874599 0.046783938405603395
2 0.6240137993100345 0.2004223921296049 0.03712314384280795 0.05747741004116988