2 0.7549313893653516 0.35568807339449543 0.06668953687821612 0.07477064220183482
2 0.627795883361921 0.2165749235474006 0.03848198970840471 0.056467889908256894
2 0.3337907375643225 0.46964831804281343 0.06139794168096058 0.10449541284403674
2 0.23554888507718694 0.4680122324159021 0.06889365351629506 0.10810397553516826
2 0.6895454545454546 0.19353211009174312 0.031466552315608964 0.06711009174311924
2 0.6090394511149227 0.1685932721712538 0.026963979416809652 0.030000000000000006
2 0.29796740994854204 0.33591743119266054 0.049982847341337885 0.07475535168195717
2 0.830540308747856 0.2996330275229358 0.05883361921097762 0.05636085626911317
2 0.9416809605488851 0.8799694189602446 0.11663807890222985 0.2400611620795107
2 0.5626072041166381 0.7186544342507645 0.10634648370497427 0.21100917431192662
2 0.3816466552315609 0.9472477064220184 0.1423670668953688 0.10550458715596331
2 0.18267581475128644 0.9288990825688074 0.15608919382504288 0.14220183486238533
2 0.08576329331046312 0.7370030581039755 0.14408233276157806 0.24770642201834864
2 0.28730703259005147 0.6314984709480123 0.10120068610634649 0.2018348623853211
2 0.41509433962264153 0.5871559633027523 0.09605488850771869 0.23547400611620795
2 0.5283018867924528 0.481651376146789 0.06518010291595197 0.12232415902140673
2 0.7686535162950258 0.2309633027522936 0.05586620926243576 0.07183486238532114
2 0.4330102915951972 0.4285321100917431 0.06410806174957118 0.10449541284403674
2 0.5016981132075472 0.30853211009174314 0.04396226415094339 0.08980122324159025
2 0.446295025728988 0.3142354740061162 0.04487135506003425 0.06530581039755348
2 0.36936535162950257 0.3395412844036697 0.057692967409948524 0.08980122324159025
2 0.39088336192109774 0.2913761467889908 0.04762435677530015 0.07183486238532114
2 0.3460120068610635 0.25301223241590215 0.04578902229845625 0.04735474006116203
2 0.5068181818181818 0.1693272171253823 0.025025728987993195 0.04143730886850152
2 0.4567753001715266 0.23996941896024465 0.027409948542024044 0.057370030581039726
2 0.4695797598627787 0.19694189602446485 0.02561749571183524 0.04354740061162082
2 0.43025728987993134 0.18951070336391437 0.0220497427101201 0.03506116207951071
2 0.3775300171526587 0.20649847094801224 0.032178387650085745 0.049923547400611584
2 0.5643224699828473 0.15498470948012233 0.018473413379073725 0.027614678899082572
2 0.6408833619210977 0.16507645259938838 0.020257289879931296 0.03506116207951071