3 0.5811582381729201 0.8934782608695652 0.1362153344208809 0.21304347826086956
2 0.17047308319738988 0.8978260869565218 0.15497553017944535 0.20434782608695654
2 0.13339333595844816 0.7016325170747959 0.12750557836905366 0.20656338497417964
2 0.05057096247960848 0.6376811594202898 0.10114192495921696 0.16231884057971013
2 0.2913689973936359 0.6749791770781276 0.08906639665485365 0.16658337497917727
2 0.4315313794978529 0.5417124770947859 0.06562787121936568 0.12993503248375818
2 0.5515366297275506 0.5642012327169748 0.06750295325420501 0.1282691987339663
3 0.23712506400257202 0.49559928065164494 0.07918457746395009 0.11213371416481534
2 0.36393946249746967 0.4310695017454776 0.04703444826806064 0.08674494869353648
2 0.3192809328265254 0.3534732633683158 0.05062721494065367 0.06996501749125446
2 0.45509044592129466 0.3402655814949668 0.03857311614526001 0.08067394873991579
2 0.5107402020266957 0.31849075462268867 0.03174246016120344 0.06139787249232517
2 0.40888306720561873 0.3145641464981795 0.03294787004074277 0.06068394374241452
2 0.35242970451385813 0.31170843149853644 0.03415327992028219 0.04783322624402084
2 0.3817613449159829 0.25566502463054186 0.033349673333922546 0.06853715999143284
2 0.4639301183712501 0.267087884629114 0.03294787004074277 0.048547154993931654
2 0.42254437917373167 0.2727993146284001 0.03294787004074277 0.03569643749553796
2 0.4251561005794003 0.2442421646319697 0.025313607470326835 0.03569643749553796
1 0.5073248740346675 0.23317626900835295 0.03294787004074277 0.08352966373955872
2 0.9304130428487312 0.4137981305205385 0.0757743950114385 0.09175885430066036
2 0.7998590692780679 0.4566760998199125 0.08011815013948279 0.09518909184461026
2 0.7274631504773305 0.4905496955664179 0.09749317065165979 0.13034902667009685
2 0.8384702259717945 0.3962181631077952 0.07529175555276703 0.07031986965097337
2 0.8650153961987316 0.3529114141154275 0.05888201395793315 0.059171597633136064
2 0.7204648783265926 0.3602006688963211 0.05453825882988886 0.049738444387273796
2 0.6478276397965193 0.3533401938084212 0.048263945867158334 0.06174427579109853
2 0.7050204156491019 0.2774461881485293 0.04295491182177092 0.05574136008918616
2 0.7472513682828653 0.28001886630649175 0.04150699344575597 0.045450647457336464
2 0.6195932314642316 0.30617442757910984 0.04392019073911404 0.0531686819312237
2 0.6481759517244365 0.2687059125304604 0.039700298834976624 0.0564319610106451
2 0.5954828278161949 0.27159163780941387 0.03464753352870702 0.04424778761061948
2 0.7190951219160086 0.24818519943568038 0.03139932726039074 0.03975888162113631
2 0.6819212057341667 0.22445812491984093 0.02706838556930232 0.03206361421059386
2 0.6142733271607659 0.22814553684118896 0.025474087464299387 0.030465247856552257
2 0.6426867324094078 0.22031161596378984 0.022044883382566955 0.02785394089741915
2 0.572632991882584 0.22357574966270616 0.02596397376168987 0.04047525786656225
2 0.5999441529620975 0.20486138312225266 0.022289826531262102 0.02480741611176394
2 0.6262755414468302 0.2029029029029029 0.022044883382566955 0.028724376550463518
2 0.6566484918850334 0.19680985333159245 0.020085338193005408 0.02785394089741915