2 0.8854166666666666 0.7013888888888888 0.14496527777777785 0.18055555555555555
2 0.8893229166666666 0.5277777777777778 0.11805555555555572 0.12345679012345682
2 0.7157118055555555 0.47145061728395066 0.0885416666666666 0.10956790123456793
2 0.8715277777777777 0.40895061728395066 0.08420138888888892 0.09259259259259255
2 0.9716145833333332 0.37474747474747483 0.055208333333333394 0.09517396184062876
2 0.6649305555555556 0.35648148148148145 0.05815972222222214 0.07098765432098769
2 0.853298611111111 0.3263888888888889 0.06510416666666678 0.0663580246913581
2 0.7803056318681318 0.2762515262515262 0.04378434065934069 0.048840048840048826
2 0.7309409340659341 0.2869352869352869 0.04035027472527473 0.0427350427350427
2 0.7169900412087912 0.23275335775335776 0.033911401098901096 0.04578754578754582
2 0.6515281593406593 0.2464896214896215 0.03090659340659343 0.0412087912087912
2 0.5959392170329669 0.22970085470085466 0.02876030219780228 0.03663003663003662
2 0.668913118131868 0.2193986568986569 0.03305288461538458 0.04044566544566545
2 0.6886589972527473 0.20184676434676432 0.024467719780219797 0.03281440781440782
2 0.6414908690176322 0.1911908760145536 0.020859571788413068 0.02623845507976491
2 0.6708123425692695 0.1850685698292751 0.017710957178841368 0.025188916876574298
2 0.6614648929471032 0.17404841869577387 0.01554628463476071 0.018541841589700545
2 0.6028219458438286 0.17439826476350406 0.02026920654911839 0.034634760705289674
2 0.5769442695214105 0.18594318499860063 0.01889168765743072 0.02693814721522531
2 0.2133461186801704 0.8865980204342274 0.16214482356723742 0.22402618135376745
2 0.5776760057471264 0.7147190293742018 0.10955459770114943 0.22828863346104733
2 0.4407327586206896 0.5686462324393359 0.06734913793103452 0.1277139208173691
2 0.33162715517241376 0.5694444444444444 0.08441091954022992 0.15804597701149425
2 0.26203304597701144 0.4680715197956577 0.06734913793103452 0.12132822477650064
2 0.38371048850574707 0.4201787994891443 0.05387931034482758 0.0830140485312899
2 0.5327225130890052 0.39376090750436293 0.04376636125654443 0.07780686445607911
2 0.4638007198952879 0.3264979639325189 0.0327225130890052 0.05381035485747524
2 0.5184064136125655 0.28432228039557883 0.027405104712041873 0.05817335660267595
2 0.41410340314136124 0.30577370564281553 0.03149541884816749 0.0516288539848749
2 0.3365919502617801 0.3428592204770215 0.044993455497382186 0.06908086096567771
2 0.36011125654450266 0.3035922047702152 0.034767670157068054 0.05162885398487494
2 0.2818011886503068 0.3216598500340831 0.05607745398773005 0.05879345603271982
3 0.11990870786516857 0.7457865168539325 0.1975070224719101 0.3511235955056179
2 0.518703654661017 0.23305084745762714 0.02317266949152543 0.03766478342749531
2 0.4806342690677966 0.22981403013182675 0.025158898305084776 0.04413841807909604
2 0.4349510063559322 0.24952919020715633 0.02780720338983054 0.04119585687382299
2 0.39208156779661013 0.23481638418079095 0.03277277542372885 0.050612052730696806