2 0.04512635379061372 0.5385852090032154 0.09025270758122744 0.13183279742765272
2 0.013086642599277979 0.3770096463022508 0.026173285198555957 0.10128617363344052
2 0.08844765342960288 0.3871025366202215 0.07521058965102269 0.09110396570203656
2 0.22533092659446446 0.4397999285459092 0.07821901323706384 0.10003572704537345
2 0.1019182067999355 0.30153093055622204 0.05612730570971872 0.060789301083009374
2 0.12953284120911696 0.2599382508678473 0.04310577078506379 0.04799155348658639
2 0.2245002424699607 0.2535393770696357 0.039962641665319744 0.05599014573435079
2 0.1843130915818023 0.2203452192414135 0.04130969700235282 0.05519028650957436
2 0.3050990534691166 0.30712994512965713 0.04579988145913036 0.062389019532562325
2 0.2929755554358174 0.23194317800067185 0.035921475654219895 0.03839324278926904
2 0.3372038723350756 0.23714226296171875 0.032778346534475644 0.039193102014045564
2 0.2512207985886932 0.17962694485166075 0.024552373850812336 0.031992354232304995
2 0.32931098764197186 0.17334996395798066 0.02114232192708857 0.029157588667417193
2 0.3575007502114232 0.20048272007904944 0.027053078594876635 0.03401718677865339
2 0.284639307441188 0.18610640899997571 0.02728041538979176 0.037661885362080566
2 0.575812274368231 0.9252411575562701 0.13898916967509026 0.1495176848874598
2 0.35777319351326575 0.8549992344204563 0.11890436078161715 0.2577451130505792
2 0.6582169204206562 0.6601425975115336 0.09260712603986822 0.1607717041800643
2 0.7571024956835661 0.5811547602404584 0.0941767383456286 0.15378163008527893
2 0.41963584994506364 0.4909828044177268 0.06278449223041921 0.09646302250803858
2 0.5040025113796893 0.42597511533622245 0.06043007377177843 0.1146372151544807
2 0.5828755297441532 0.43172250959193503 0.05406442386508318 0.0854342389362662
2 0.6829383142363836 0.4437609705329543 0.06670852299482039 0.08776426363452787
2 0.42395228378590477 0.3373565093123321 0.04229233157187965 0.0753374652437983
2 0.4237342820767715 0.27949422930549733 0.03313625978827677 0.04504714416639477
2 0.48717277943459075 0.30978455038290076 0.036188283716144264 0.06368734175248922
2 0.553881302429411 0.32725973561986427 0.04665236575454746 0.08310421423800425
2 0.6123057604771621 0.3105612252823214 0.050140393100682 0.07300744054553644
2 0.4699482876378183 0.25141218388806813 0.025368328617426106 0.040844703224124465
2 0.5244658015416138 0.2648822455896411 0.03341789442872481 0.046058920656991395
2 0.4243340813737926 0.1994872686191014 0.021465508830129737 0.03345789519422959