2 0.7402734375 0.34380555555555553 0.059875 0.06280555555555556
2 0.6818046875 0.2721388888888889 0.0368828125 0.03841666666666667
2 0.639453125 0.2985277777777778 0.047617187500000005 0.06027777777777778
2 0.31290625 0.3780833333333334 0.0495 0.06522222222222222
2 0.36491406249999997 0.44206944444444446 0.056109374999999996 0.08195833333333333
2 0.5932265625 0.22659722222222223 0.02884375 0.030500000000000003
2 0.806046875 0.29356944444444444 0.035015625 0.03688888888888889
2 0.85546875 0.7 0.1515625 0.2111111111111111
2 0.96171875 0.5069444444444444 0.0765625 0.1361111111111111
2 0.5796875 0.7138888888888889 0.1125 0.25555555555555554
2 0.42374999999999996 0.8528611111111111 0.1339296875 0.2615138888888889
2 0.18278125 0.8786111111111111 0.156984375 0.2427638888888889
2 0.32604687499999996 0.6059861111111111 0.096609375 0.15808333333333333
2 0.21735937500000002 0.5337638888888889 0.1075859375 0.15808333333333333
2 0.45009375 0.49669444444444444 0.0680625 0.13856944444444444
2 0.5280390625 0.38251388888888893 0.046109375 0.08197222222222222
2 0.4594296875 0.3737361111111111 0.0625703125 0.09562499999999999
2 0.39465625000000004 0.358125 0.0450078125 0.0761111111111111
2 0.5188828125 0.28738888888888886 0.0336015625 0.05409722222222223
2 0.466265625 0.29415277777777776 0.042476562499999995 0.06762499999999999
2 0.415234375 0.28119444444444447 0.04184375 0.0665
2 0.3588125 0.2964027777777778 0.0405703125 0.04733333333333333
2 0.3813203125 0.25131944444444443 0.0310625 0.03831944444444445
2 0.47926562500000003 0.2220277777777778 0.0215546875 0.03831944444444445
2 0.5188828125 0.22822222222222222 0.023453125 0.034944444444444445
2 0.43647656250000005 0.24175 0.0247265625 0.04845833333333333
2 0.452640625 0.20680555555555558 0.026625 0.03719444444444445
2 0.40509375 0.2163888888888889 0.0355 0.03831944444444445
2 0.6745234375 0.2214583333333333 0.032968750000000005 0.050722222222222224
2 0.7122421875 0.22088888888888888 0.0336015625 0.04056944444444444
2 0.6640625 0.17581944444444444 0.025992187500000003 0.020291666666666666
2 0.6463125 0.1865277777777778 0.01965625 0.025916666666666668
2 0.6139765625 0.19327777777777777 0.01965625 0.034944444444444445
2 0.5775234375 0.17581944444444444 0.026625 0.018027777777777778
2 0.4913125 0.18258333333333335 0.0202890625 0.029305555555555557