2 0.7470703125 0.3550277777777778 0.060750000000000005 0.06791666666666667
2 0.6312578125 0.22866666666666666 0.0350546875 0.051291666666666666
2 0.36343749999999997 0.4585416666666666 0.055929687500000005 0.09491666666666668
2 0.2739453125 0.45705555555555555 0.0627578125 0.09819444444444445
2 0.6875078125 0.2077361111111111 0.028664062499999997 0.06095833333333334
2 0.614171875 0.18508333333333332 0.0245625 0.02725
2 0.9845078125000001 0.4326388888888889 0.029609375 0.04975
2 0.3308046875 0.3370694444444444 0.04553125 0.06790277777777778
2 0.8159453125 0.3041111111111111 0.053593749999999996 0.051194444444444445
2 0.93203125 0.8472222222222222 0.1359375 0.25
2 0.571875 0.6847222222222222 0.096875 0.19166666666666668
2 0.40703125 0.9222222222222223 0.1296875 0.15555555555555556
2 0.22578125 0.9055555555555556 0.1421875 0.18888888888888888
2 0.0296875 0.9027777777777778 0.05 0.19444444444444445
2 0.1375 0.7013888888888888 0.13125 0.225
2 0.32109375 0.6055555555555555 0.0921875 0.18333333333333332
2 0.4375 0.5652777777777778 0.0875 0.21388888888888888
2 0.540625 0.46944444444444444 0.059375 0.1111111111111111
2 0.7595703125 0.24173611111111112 0.050890625 0.06525
2 0.4538203125 0.4211944444444444 0.0583984375 0.09491666666666668
2 0.516390625 0.31219444444444444 0.040046874999999996 0.08156944444444444
2 0.465921875 0.31737499999999996 0.040875 0.059319444444444445
2 0.39584375 0.3403611111111111 0.052554687499999996 0.08156944444444444
2 0.4154453125 0.2966111111111111 0.0433828125 0.06525
2 0.3745703125 0.2617638888888889 0.0417109375 0.043013888888888886
2 0.5210546875000001 0.18575000000000003 0.022796875 0.03763888888888889
2 0.47546875 0.24991666666666668 0.02496875 0.052111111111111115
2 0.48713281249999996 0.21083333333333334 0.0233359375 0.03955555555555556
2 0.45131249999999995 0.20408333333333334 0.0200859375 0.03184722222222222
2 0.40328125000000004 0.2195138888888889 0.029312500000000002 0.04534722222222222
2 0.5734375 0.17272222222222222 0.016828125 0.025083333333333332
2 0.6431796875 0.1818888888888889 0.018453125 0.03184722222222222