2 0.8179009433962263 0.355586592178771 0.08543238993710697 0.08797486033519554
2 0.7058411949685535 0.3074441340782123 0.0456132075471698 0.0490083798882682
2 0.6194261006289308 0.2582960893854749 0.03297169811320759 0.04136871508379889
2 0.7435691823899372 0.26398044692737427 0.034072327044025096 0.03477653631284913
2 0.5956446540880503 0.20798882681564243 0.019827044025157253 0.023561452513966488
2 0.6925393081761007 0.4043715083798882 0.0570597484276729 0.06325418994413402
2 0.7257389937106918 0.2273463687150838 0.03194968553459127 0.03132681564245811
2 0.203498427672956 0.5523882681564246 0.10755503144654084 0.13592178770949712
2 0.4386477987421384 0.8028212290502794 0.12482704402515721 0.23747206703910612
2 0.569001572327044 0.594804469273743 0.08506289308176104 0.1471927374301676
2 0.9339622641509434 0.8456703910614525 0.1320754716981132 0.28910614525139666
2 0.9615566037735849 0.6649860335195531 0.06373427672955988 0.17561452513966483
2 0.4516981132075471 0.45932960893854746 0.058529874213836514 0.10628491620111735
2 0.527256289308176 0.3684916201117318 0.053419811320754754 0.10675977653631277
2 0.36834119496855344 0.4633938547486034 0.05608490566037738 0.10675977653631277
2 0.30123427672955977 0.37976256983240225 0.06343553459119493 0.10082402234636863
2 0.39504716981132076 0.35129888268156423 0.037389937106918195 0.07236033519553073
2 0.4641588050314465 0.34298882681564247 0.04740566037735845 0.07948324022346372
2 0.4217610062893082 0.2836731843575419 0.041399371069182456 0.05812849162011174
2 0.35264937106918237 0.30800279329608937 0.03805817610062891 0.06168994413407823
2 0.5219182389937107 0.25639664804469275 0.03205188679245281 0.043896648044692746
2 0.4718396226415094 0.27596368715083797 0.037389937106918195 0.05931564245810052
2 0.3813600628930817 0.2581703910614525 0.027374213836478027 0.05694134078212288
2 0.43911949685534585 0.2297067039106145 0.03338836477987424 0.05456703910614524
2 0.4768474842767295 0.2285195530726257 0.039394654088050235 0.04270949720670389
2 0.6821698113207547 0.22318435754189947 0.034724842767295656 0.034399441340782114
2 0.6374292452830188 0.21784916201117316 0.03205188679245281 0.04033519553072625
2 0.6427751572327044 0.18107541899441343 0.021367924528301937 0.028463687150837982
2 0.6761556603773585 0.17691340782122902 0.026705974842767318 0.034399441340782114
2 0.6574606918238993 0.15853351955307263 0.02003144654088052 0.03083798882681566
2 0.6107232704402515 0.1757262569832402 0.029378930817609977 0.03677374301675975
2 0.5766666666666667 0.1591201117318436 0.02003144654088052 0.024916201117318442
2 0.5194654088050314 0.2173463687150838 0.02262578616352199 0.038365921787709534
2 0.39880503144654084 0.2237430167597765 0.03290880503144646 0.04506983240223461
2 0.5266588050314465 0.17593575418994414 0.01919811320754723 0.023743016759776536
2 0.4545047169811321 0.20121508379888267 0.023655660377358428 0.04262569832402232
2 0.49272798742138363 0.18568435754189944 0.02056603773584912 0.034706703910614554