2 0.75653125 0.3707638888888889 0.06496874999999999 0.061388888888888896
2 0.68484375 0.28055555555555556 0.0440078125 0.04654166666666666
2 0.2193203125 0.5427638888888889 0.08577343750000001 0.12683333333333333
2 0.616046875 0.26675 0.0385390625 0.04755555555555556
2 0.3423671875 0.53525 0.0655859375 0.12293055555555556
2 0.3751875 0.4184583333333334 0.0436171875 0.0796388888888889
2 0.8464296875 0.3764722222222222 0.0772734375 0.07952777777777778
2 0.43840625 0.5539722222222222 0.075 0.13568055555555555
2 0.7167343749999999 0.2631805555555556 0.033945312500000005 0.042861111111111114
2 0.6280859375000001 0.19947222222222222 0.025859375 0.034277777777777775
2 0.7831406249999999 0.263625 0.033671875000000004 0.033791666666666664
2 0.32875 0.35262499999999997 0.0396640625 0.06447222222222222
2 0.534734375 0.4141944444444445 0.044578125 0.06948611111111111
2 0.6911640625000001 0.19933333333333333 0.024515625 0.02745833333333333
2 0.7842890625 0.47665277777777776 0.10978125000000001 0.153875
2 0.9294296875000001 0.35936111111111113 0.09816406250000001 0.10695833333333334
2 0.559453125 0.6539861111111112 0.1034453125 0.18577777777777776
2 0.42328124999999994 0.8856388888888889 0.1414453125 0.2287361111111111
2 0.28500000000000003 0.7544166666666666 0.135109375 0.22143055555555557
2 0.0532578125 0.872625 0.1042265625 0.25475
2 0.5224375 0.3087916666666667 0.0347890625 0.06475
2 0.4591015625 0.38706944444444447 0.0538203125 0.10534722222222222
2 0.464265625 0.31072222222222223 0.0347890625 0.04736111111111111
2 0.4678046875 0.26045833333333335 0.027726562500000003 0.04155555555555556
2 0.4025625 0.31845833333333334 0.045125 0.07827777777777778
2 0.3617890625 0.28123611111111113 0.0375078125 0.05991666666666667
2 0.3897890625 0.23630555555555555 0.028265625 0.04543055555555556
2 0.423765625 0.2735138888888889 0.03425 0.054125
2 0.43735937500000005 0.234375 0.027726562500000003 0.039625
2 0.51340625 0.22033333333333333 0.025124999999999998 0.04225
2 0.4797890625 0.210375 0.021734375 0.03802777777777778
2 0.417484375 0.2028333333333333 0.0247890625 0.03138888888888889
2 0.4607734375 0.1850138888888889 0.0183359375 0.023541666666666666
2 0.493546875 0.18531944444444445 0.020710937500000002 0.03138888888888889
2 0.6585703125 0.1638888888888889 0.0159609375 0.02233333333333333
2 0.6307265625 0.1654027777777778 0.018 0.030180555555555558
2 0.6100078124999999 0.176875 0.0220703125 0.028972222222222222
2 0.5859062500000001 0.1865277777777778 0.025468750000000002 0.03863888888888889
2 0.570453125 0.15815277777777778 0.0169765625 0.022944444444444444
2 0.5280078125000001 0.1527222222222222 0.020374999999999997 0.02415277777777778