2 0.8536429872495446 0.4705215419501135 0.10018214936247719 0.11985746679624223
2 0.9704918032786886 0.4096209912536443 0.05901639344262295 0.09912536443148688
2 0.902823315118397 0.32393909944930355 0.08196721311475409 0.09232264334305156
2 0.8049180327868852 0.3320375769355361 0.06830601092896169 0.08260447035957251
2 0.6806010928961749 0.37981859410430835 0.07103825136612028 0.09070294784580508
2 0.7926841203816979 0.2544493277054958 0.050974635021613396 0.05511799602570237
2 0.7676045999510642 0.21673701463527842 0.039148519696598924 0.04351420738871244
2 0.6813555174944947 0.2109351203167834 0.03629394013538875 0.050766575286831185
2 0.7178533561699697 0.18083779353959067 0.03751733137590731 0.05004133849701932
2 0.608155941603458 0.2595259852341789 0.04159530217763643 0.05656846960532619
2 0.6191664627681265 0.19135372699186282 0.032623766413832495 0.03481136591096989
2 0.5789984503710953 0.19606776612564003 0.02976918685262214 0.035536602700781836
2 0.6570879960358426 0.14391830859727842 0.022298385431721367 0.02900764479955351
2 0.5861667423710616 0.13822693525053056 0.019201387455093557 0.026437347159086726
2 0.560564892430937 0.1628283555235696 0.024569517281248617 0.03084357168560118
2 0.6267374158648883 0.14979327463263103 0.02477598381302399 0.034148240080487044
2 0.3622950819672131 0.8760932944606414 0.12622950819672132 0.2478134110787172
2 0.5603174603174603 0.7562821046786062 0.10798855061150148 0.23369892174556886
2 0.287455452601568 0.5796045126124983 0.08410548823948678 0.1457725947521866
2 0.197647897362794 0.5079858030168588 0.08553100498930861 0.13943465584991763
2 0.5041339985744832 0.42622639117758904 0.05702066999287253 0.08746355685131195
2 0.4275124732715609 0.36728355938648743 0.05488239486813975 0.10394219799721137
2 0.355880256593015 0.3724947535950198 0.04910113249386242 0.0774636976943988
2 0.26500356379187456 0.3834100928155942 0.06058446186742695 0.07957634399515501
2 0.5002138275124733 0.2869325784143886 0.038409756870198895 0.06830889705778796
2 0.5004118159499485 0.2344685286122731 0.03009424249623825 0.04084449514795561
2 0.4427971806446504 0.26193293052210537 0.03286608062089167 0.05774566555400626
2 0.3822127187772234 0.2777777777777778 0.04236952561970376 0.07535105139364234
2 0.32915181753385603 0.2626371459556908 0.04553734061930791 0.06619625075703159
2 0.45844040762073546 0.20900638247577025 0.023039432875498464 0.03703411866677175
2 0.40892778023925563 0.22121976203608854 0.030350022153300894 0.04176187849657237
2 0.499867080194949 0.16192577417067214 0.01949490474080635 0.030336458907887474