2 0.646015625 0.30523611111111115 0.045546875 0.053
2 0.7149765625 0.30622222222222223 0.051265625 0.05583333333333334
2 0.29107812499999997 0.41325 0.057851562499999995 0.07972222222222222
2 0.7166171875 0.41841666666666666 0.0807734375 0.1066388888888889
2 0.21785937500000002 0.5535555555555556 0.08644531250000001 0.12894444444444444
2 0.3517890625 0.4976388888888889 0.0611171875 0.10818055555555556
2 0.7712265625 0.2552361111111111 0.05571875 0.042388888888888886
2 0.38271875 0.3645555555555556 0.0488671875 0.08484722222222223
2 0.676828125 0.19515277777777776 0.029867187499999996 0.05316666666666667
2 0.85740625 0.48343055555555553 0.1006796875 0.09969444444444445
2 0.763015625 0.29375 0.0368828125 0.03913888888888889
2 0.5952109375 0.8691805555555555 0.14029687500000002 0.26163888888888887
2 0.3944921875 0.8963472222222222 0.1305703125 0.20730555555555555
2 0.43546874999999996 0.6284722222222222 0.0791796875 0.18520833333333334
2 0.2847578125 0.7235416666666667 0.1027890625 0.19755555555555557
2 0.100703125 0.7630555555555555 0.1569609375 0.21730555555555556
2 0.535515625 0.5028888888888888 0.07128124999999999 0.14597222222222223
2 0.4664921875 0.42268055555555556 0.05053125000000001 0.08180555555555555
2 0.46875 0.2991666666666667 0.04240625 0.07218055555555555
2 0.3458515625 0.29930555555555555 0.045875 0.05384722222222223
2 0.34764062500000004 0.21775 0.029843750000000002 0.042763888888888886
2 0.3912890625 0.23754166666666668 0.029843750000000002 0.03801388888888889
2 0.4099921875 0.29654166666666665 0.03696875 0.06572222222222222
2 0.42224218750000003 0.26763888888888887 0.0249453125 0.057013888888888885
2 0.47925000000000006 0.24981944444444446 0.0213828125 0.04830555555555556
2 0.5146640625 0.23516666666666666 0.03340625 0.04434722222222222
2 0.48549218749999995 0.21141666666666667 0.0231640625 0.036430555555555556
2 0.43782812499999996 0.22765277777777776 0.029398437500000003 0.043555555555555556
2 0.6266796875 0.20230555555555554 0.0276171875 0.03880555555555556
2 0.6320234375 0.1587638888888889 0.0204921875 0.030875
2 0.59884375 0.1607361111111111 0.0209375 0.034847222222222224
2 0.6465 0.14530555555555555 0.0129140625 0.026125
2 0.8686328124999999 0.32994444444444443 0.0731796875 0.06212499999999999
2 0.9730546875 0.423125 0.05389843749999999 0.09845833333333333