2 0.7643841166936791 0.336628242074928 0.06301458670988654 0.07046109510086453
2 0.6442544570502431 0.2055331412103746 0.03636142625607771 0.053213256484149866
2 0.36645056726094 0.4440201729106628 0.05801458670988657 0.09847262247838622
2 0.2736223662884927 0.44247838616714696 0.06509724473257703 0.10187319884726231
2 0.7026012965964343 0.18381844380403456 0.029732576985413334 0.06324207492795388
2 0.6265316045380875 0.16031700288184436 0.025478119935170223 0.028270893371757932
2 0.3326012965964344 0.3179971181556196 0.04722852512155589 0.07044668587896252
2 0.8358265802269045 0.2838040345821326 0.055591572123176586 0.05311239193083576
2 0.942868719611021 0.8472622478386167 0.11426256077795786 0.25936599423631124
2 0.5826580226904376 0.6786743515850144 0.10048622366288493 0.1988472622478386
2 0.41166936790923825 0.9221902017291066 0.13452188006482982 0.15561959654178675
2 0.22366288492706646 0.9048991354466859 0.14748784440842788 0.19020172910662825
2 0.023095623987034037 0.9020172910662824 0.046191247974068074 0.19596541786743515
2 0.13209076175040518 0.6959654178674352 0.13614262560777957 0.2334293948126801
2 0.3225283630470016 0.5965417867435159 0.09562398703403566 0.19020172910662825
2 0.44327390599675853 0.5547550432276657 0.09076175040518639 0.2219020172910663
2 0.5502431118314425 0.4553314121037464 0.06158833063209076 0.11527377521613832
2 0.7773500810372771 0.21909221902017292 0.05278768233387366 0.06769452449567726
2 0.4602025931928687 0.40527377521613833 0.06057536466774716 0.09847262247838622
2 0.5251053484602918 0.29219020172910665 0.041539708265802264 0.08462536023054758
2 0.4727552674230146 0.29756484149855905 0.04239870340356559 0.06154178674351582
2 0.40006482982171804 0.32141210374639767 0.05451377633711506 0.08462536023054758
2 0.42039708265802267 0.27602305475504324 0.04499999999999998 0.06769452449567726
2 0.37799837925445706 0.23987031700288183 0.04326580226904375 0.04462536023054751
2 0.5299432739059968 0.16100864553314123 0.023646677471637005 0.03904899135446685
2 0.4826580226904376 0.2275792507204611 0.025899513776337143 0.05406340057636885
2 0.4947568881685575 0.18703170028818444 0.02420583468395453 0.04103746397694527
2 0.45760129659643434 0.18002881844380403 0.020834683954619154 0.03304034582132566
2 0.4077795786061589 0.19603746397694527 0.030405186385737425 0.04704610951008642
2 0.5842787682333873 0.147492795389049 0.017455429497568852 0.02602305475504323
2 0.6566207455429497 0.1570028818443804 0.01914100486223654 0.03304034582132566