2 0.22523274478330657 0.3799285714285714 0.06674157303370794 0.06314285714285721
2 0.298876404494382 0.28714285714285714 0.045208667736757566 0.04787142857142856
2 0.7771027287319422 0.5568428571428572 0.08811396468699836 0.13045714285714294
2 0.36955056179775286 0.27294285714285715 0.03959069020866768 0.04891428571428573
2 0.6506982343499197 0.5491142857142857 0.06737560192616376 0.12644285714285713
2 0.6169823434991974 0.4289857142857143 0.04480738362760829 0.08191428571428576
2 0.13288121990369176 0.3858 0.07938202247191 0.08179999999999998
2 0.5520385232744783 0.5683714285714286 0.07704654895666131 0.13955714285714294
2 0.26611556982343504 0.2692714285714286 0.03487158908507227 0.044085714285714304
2 0.35718298555377204 0.20374285714285714 0.02656500802568211 0.03525714285714287
2 0.1978972712680578 0.26972857142857143 0.03459069020866767 0.034757142857142834
2 0.6646869983948636 0.3612714285714286 0.040746388443017645 0.06631428571428566
2 0.45308186195826644 0.42460000000000003 0.04579454253611553 0.07147142857142853
2 0.2923836276083467 0.2036 0.025184590690208754 0.028242857142857118
2 0.19671749598715882 0.48884285714285713 0.11277688603531308 0.1582714285714285
2 0.049357945425361156 0.3678571428571429 0.09871589085072231 0.11
2 0.4276886035313001 0.6712428571428571 0.10626805778491179 0.19108571428571428
2 0.5678170144462279 0.8957142857142857 0.14526484751203853 0.20857142857142857
2 0.7096308186195827 0.7745428571428571 0.13879614767255222 0.22775714285714294
2 0.9474317817014446 0.8821428571428571 0.10513643659711075 0.2357142857142857
2 0.4657142857142857 0.3161857142857143 0.03573836276083465 0.0666
2 0.5307784911717496 0.3967 0.05528892455858756 0.10835714285714289
2 0.5254735152487962 0.31817142857142855 0.03573836276083465 0.048714285714285745
2 0.5218378812199037 0.2664714285714286 0.028483146067415737 0.042742857142857166
2 0.5888603531300161 0.3261285714285714 0.046356340288924554 0.08051428571428573
2 0.6307463884430177 0.2878428571428572 0.038531300160513635 0.06162857142857141
2 0.6019823434991973 0.24162857142857141 0.0290369181380416 0.0467285714285714
2 0.5670786516853933 0.2799 0.0351845906902086 0.05567142857142861
2 0.5531139646869984 0.23964285714285713 0.028483146067415737 0.04075714285714282
2 0.47499197431781703 0.22519999999999998 0.025810593900481606 0.04345714285714288
2 0.5095264847512039 0.21495714285714285 0.02232744783306576 0.039114285714285706
2 0.5735313001605137 0.2072 0.025465489566613177 0.03228571428571432
2 0.5290609951845907 0.18887142857142858 0.018836276083467118 0.0242142857142857
2 0.4953932584269663 0.1891857142857143 0.021276083467094697 0.03228571428571432
2 0.32586677367576244 0.16714285714285715 0.016396468699839538 0.02297142857142855
2 0.3544703049759229 0.16870000000000002 0.018491171749598686 0.031042857142857167
2 0.37575441412520066 0.1805 0.02267255216693419 0.02980000000000002
2 0.40051364365971104 0.19042857142857145 0.026163723916532832 0.039742857142857135
2 0.41638844301765654 0.16124285714285716 0.017439807383627624 0.023600000000000013
2 0.459991974317817 0.15565714285714286 0.020930979133226266 0.024842857142857163