2 0.9379646017699116 0.32217665615141955 0.08776991150442463 0.0638485804416404
2 0.5908849557522124 0.1893217665615142 0.033185840707964605 0.037507886435331275
2 0.6811858407079646 0.3426498422712934 0.07399115044247778 0.08337539432176658
2 0.37597345132743365 0.27635646687697163 0.03939823008849556 0.06290220820189274
2 0.18694690265486727 0.49070977917981073 0.08995575221238936 0.14146687697160892
2 0.631495575221239 0.12253943217665615 0.02446017699115053 0.0351261829652997
2 0.8288230088495575 0.2512776025236593 0.060619469026548675 0.055678233438485825
2 0.5101504424778761 0.3394321766561514 0.04299115044247781 0.07052050473186117
2 0.9424778761061947 0.5694006309148265 0.11504424778761062 0.19242902208201892
2 0.9672566371681416 0.4558359621451104 0.06548672566371681 0.08517350157728706
2 0.5716814159292035 0.9274447949526814 0.16991150442477876 0.14511041009463724
2 0.15398230088495576 0.8974763406940063 0.17699115044247787 0.20504731861198738
2 0.03805309734513274 0.8580441640378549 0.07610619469026549 0.28391167192429023
2 0.3938053097345133 0.7318611987381703 0.11858407079646018 0.3028391167192429
2 0.5271150442477875 0.5281388012618297 0.07835398230088492 0.16988958990536282
2 0.287212389380531 0.5447003154574133 0.08481415929203542 0.13965299684542581
2 0.4225132743362832 0.37697160883280756 0.05492920353982305 0.11517350157728704
2 0.3356725663716814 0.3690536277602524 0.0654247787610619 0.11085173501577283
2 0.27822123893805306 0.29414826498422714 0.06862831858407076 0.0775394321766561
2 0.3179115044247788 0.23059936908517348 0.049336283185840706 0.08154574132492112
2 0.3549203539823009 0.18703470031545744 0.030053097345132774 0.047160883280757064
2 0.40694690265486727 0.1846372239747634 0.027362831858407044 0.051955835962145105
2 0.44641592920353984 0.19582018927444797 0.03184070796460178 0.047160883280757064
2 0.4430530973451327 0.26537854889589907 0.03946902654867249 0.0663564668769716
2 0.49530973451327437 0.1942271293375394 0.03184070796460178 0.0503627760252366
2 0.49598230088495576 0.13865930599369083 0.025115044247787707 0.04955835962145113
2 0.4217433628318584 0.14545741324921135 0.02467256637168141 0.037570977917981065
2 0.3703893805309734 0.15785488958990537 0.02780530973451324 0.03996845425867508
2 0.7303008849557522 0.19121451104100945 0.04680530973451336 0.0499369085173502
2 0.6475132743362833 0.19632492113564667 0.03916814159292035 0.04313880126182969
2 0.6721858407079646 0.16738170347003156 0.035026548672566306 0.039731861198738165
2 0.7053008849557523 0.14837539432176655 0.033115044247787676 0.04143533123028393
2 0.6822212389380531 0.13048895899053625 0.025159292035398285 0.03291798107255521
2 0.6619999999999999 0.10750788643533123 0.024840707964601715 0.03121451104100945
2 0.5850973451327434 0.10239747634069402 0.0181504424778761 0.027807570977917972
2 0.5677433628318583 0.14070977917981073 0.03120353982300884 0.03746056782334385
2 0.5594690265486726 0.10779179810725553 0.017831858407079727 0.029511041009463734
2 0.6107345132743363 0.08764984227129337 0.01719469026548678 0.02212933753943218