3 0.39832535885167464 0.8948863636363636 0.1331738437001595 0.21022727272727273
2 0.7998405103668261 0.8991477272727273 0.15151515151515152 0.20170454545454544
2 0.8360923206658234 0.7061455067920585 0.12465856386001595 0.20245559038662495
2 0.9240866010375993 0.6441026645768025 0.11365927881354364 0.16000522466039707
2 0.6816440264716127 0.6800222048066875 0.08707767328456993 0.16327063740856865
2 0.544611266934316 0.5494056948798328 0.06416249610441972 0.12735109717868343
2 0.4272855597719482 0.5714472309299895 0.06599571027883201 0.12571839080459765
3 0.734676771557294 0.5042095222295951 0.07741650077416493 0.10990378234903776
2 0.6106939545279921 0.44096300597213 0.045984237301947645 0.08501990710019912
2 0.6543553240467941 0.36490987460815044 0.04949678270912392 0.06857366771159884
2 0.5215782402715253 0.3519648454993282 0.03771183444504687 0.07906963725929246
2 0.4671710624523693 0.3306230407523511 0.031033697095403042 0.060176892073443705
2 0.5667538752838209 0.32677451858486345 0.03221219192181071 0.059477160770264235
2 0.6219467163205821 0.3239755933721451 0.03339068674821838 0.04688199731303178
2 0.5932700088779944 0.2690466860725481 0.03260502353061327 0.06717420510523957
2 0.5129359448778688 0.2802423869234214 0.03221219192181071 0.04758172861621142
2 0.5533976005845335 0.28584023734885805 0.03221219192181071 0.03498656515897897
2 0.5508441951273167 0.2578509852216749 0.02474839135456196 0.03498656515897897
1 0.4705101311271911 0.24700515002239137 0.03221219192181071 0.08186856247201067
2 0.056868907071336156 0.4240350995158687 0.0740824627464303 0.08993410435718131
2 0.18450779989241523 0.4660603819257665 0.07832922812679896 0.09329612694997312
2 0.25528722289855893 0.49926035502958577 0.09531628964827343 0.12775685852608926
2 0.14675877428913864 0.4068047337278106 0.07361059992638945 0.06892146315223241
2 0.12080631918688599 0.3643591984938139 0.057567264044996846 0.05799488972565892
2 0.26212923378915276 0.3715034965034965 0.05332049866462818 0.04874932759548142
2 0.33314458820531695 0.36477945131791284 0.04718628200409579 0.06051640667025282
2 0.2772288440304634 0.29039470145239377 0.04199579098364526 0.05463286713286712
2 0.2359408472768797 0.2929162183969876 0.04058020252352219 0.044546799354491705
2 0.360748563177713 0.3185516406670253 0.04293951662372712 0.052111350188273224
2 0.3328040535772255 0.28182823813354785 0.03881384878124509 0.05530973451327432
2 0.3843206165050599 0.28465657683024936 0.033873904390904944 0.043367860016090116
2 0.26346840552709216 0.2617156074014481 0.030698225854257615 0.03896822204344326
2 0.29981228211316713 0.2384603781174577 0.026463987805394454 0.031425985518905915
2 0.3659496817391555 0.24207446082446077 0.024905288063182655 0.02985940485940491
2 0.3381707065917592 0.23439632814632813 0.021552653131600548 0.02730002730002729
2 0.40666024876551193 0.23759555009555006 0.025384235910551656 0.039670352170352204
2 0.37995890627469575 0.21925334425334422 0.02179212705528496 0.024314086814086814
2 0.3542154594786174 0.21733381108381106 0.021552653131600548 0.028153153153153164
2 0.3245206929417456 0.2113619301119301 0.019636861742124905 0.02730002730002729