3 0.5929656569284802 0.8929837164750959 0.13115401500638563 0.21125478927203054
2 0.19962284482758616 0.8967113665389529 0.149066091954023 0.20274584929757347
2 0.16370330459770113 0.7043422733077905 0.12212643678160921 0.19795657726692215
2 0.07749640804597697 0.6436781609195402 0.11135057471264367 0.15644955300127714
2 0.3150143678160919 0.6787994891443166 0.08530890804597702 0.15964240102171148
2 0.44926364942528724 0.5510855683269476 0.06285919540229878 0.12452107279693492
2 0.5642061781609196 0.5726372924648786 0.06465517241379315 0.1229246487867177
3 0.2630588503649635 0.5068937550689375 0.07584397810218975 0.1074614760746147
2 0.38452326642335766 0.4450527169505271 0.045050182481751834 0.0831305758313058
2 0.34174876847290636 0.37068965517241376 0.04849137931034484 0.06704980842911878
2 0.47182881773399005 0.3580322933771209 0.03694581280788176 0.07731253420908592
2 0.5251308497536945 0.3371647509578544 0.030403325123152757 0.058839627805145
2 0.4275708128078817 0.3334017515051998 0.03155788177339902 0.058155446086480586
2 0.37349907635467977 0.33066502463054187 0.03271243842364528 0.04584017515051997
2 0.40159328817733986 0.27695675971538036 0.03194273399014773 0.06568144499178984
2 0.48029556650246297 0.287903667214012 0.03155788177339902 0.04652435686918446
2 0.44065578817733986 0.29337712096332785 0.03155788177339902 0.034209085933223846
2 0.44315732758620685 0.2660098522167488 0.02424568965517242 0.034209085933223846
1 0.52185960591133 0.25540503557744937 0.03155788177339893 0.08004926108374381
2 0.9270987426035504 0.42850098619329385 0.07257766272189344 0.08793556870479952
2 0.8020525147928994 0.4695923734385273 0.07673816568047336 0.09122287968441817
2 0.7327107988165681 0.5020545693622617 0.09338017751479288 0.12491781722550949
2 0.8390347633136095 0.4116535174227482 0.07211538461538466 0.0673898750821828
2 0.8644600591715976 0.3701512163050624 0.056397928994082844 0.05670611439842206
2 0.7260077662721894 0.37713675213675213 0.05223742603550301 0.04766600920447072
2 0.6564349112426036 0.37056213017751477 0.04622781065088759 0.05917159763313605
2 0.7112148668639053 0.29783037475345164 0.04114275147928996 0.053418803418803444
2 0.7516642011834319 0.3002958579881657 0.03975591715976323 0.043556870479947406
2 0.6293916420118343 0.32536160420775806 0.04206730769230775 0.050953320184089414
2 0.6567685287610618 0.28945427728613565 0.03802544247787605 0.05408062930186822
2 0.6062983960176991 0.2922197640117994 0.0331858407079646 0.04240412979351033
2 0.7246957964601769 0.26978859390363813 0.03007466814159292 0.038102261553589006
2 0.6890901548672566 0.24705014749262533 0.025926438053097377 0.030727630285152407
2 0.6242961711711711 0.2505839172505839 0.024399399399399346 0.02919586252919587
2 0.6515108858858859 0.24307640974307637 0.021114864864864823 0.02669336002669335
2 0.5844125375375375 0.2462045378712045 0.024868618618618575 0.03878878878878878
2 0.610571509009009 0.2282699366032699 0.021349474474474484 0.023773773773773776
2 0.635792042042042 0.22639305972639304 0.021114864864864913 0.02752752752752754
2 0.6648836336336336 0.22055388722055388 0.01923798798798799 0.02669336002669335