2 0.6294732297063903 0.33636923076923075 0.04958549222797934 0.05101538461538457
2 0.8108721934369603 0.37387692307692305 0.07981001727115723 0.07507692307692301
2 0.776070811744387 0.4247538461538461 0.08759930915371335 0.08604615384615377
2 0.8390155440414507 0.3153846153846154 0.04742659758203806 0.04881538461538464
2 0.6328583765112262 0.24116923076923075 0.04082037996545767 0.040399999999999985
2 0.555587219343696 0.20116923076923077 0.03277202072538864 0.037830769230769196
2 0.75 0.5653384615384616 0.10393782383419681 0.12398461538461543
2 0.4118652849740933 0.31218461538461534 0.03608808290155437 0.05779999999999999
2 0.7285578583765112 0.2316923076923077 0.03234024179620038 0.034307692307692324
2 0.5434542314335061 0.7408769230769231 0.10096718480138175 0.2278461538461539
2 0.36675302245250435 0.7638615384615385 0.10658031088082898 0.21386153846153844
2 0.1771502590673575 0.8398153846153846 0.12901554404145077 0.24584615384615377
2 0.4813471502590673 0.33653846153846156 0.04482728842832477 0.0774461538461539
2 0.4076597582037997 0.45209230769230774 0.06588082901554401 0.1076923076923077
2 0.32716753022452505 0.40127692307692303 0.055690846286701214 0.08107692307692314
2 0.28335924006908464 0.5065538461538461 0.08082901554404147 0.16335384615384624
2 0.2266493955094991 0.3897846153846154 0.07879101899827289 0.10406153846153844
2 0.271139896373057 0.3081076923076923 0.05501727115716756 0.08349230769230767
2 0.3645250431778929 0.2675692307692307 0.03667530224525046 0.058076923076923075
2 0.3139291882556131 0.2609230769230769 0.037357512953367866 0.06655384615384614
2 0.3366839378238342 0.21553846153846154 0.020379965457685684 0.05566153846153847
2 0.38014680483592406 0.2312769230769231 0.033963730569948225 0.0653384615384615
2 0.4215803108808291 0.25184615384615383 0.0325993091537133 0.058076923076923075
2 0.4684455958549223 0.23670769230769234 0.04075129533678761 0.05203076923076922
2 0.4276943005181347 0.20163076923076922 0.03124352331606223 0.04718461538461541
2 0.3978065630397236 0.17318461538461538 0.024447322970638986 0.04839999999999997
2 0.6776424870466321 0.18952307692307693 0.04075129533678761 0.04235384615384611
2 0.68646804835924 0.2476 0.050259067357512996 0.054446153846153825
2 0.6059844559585492 0.15624615384615384 0.03328151986183071 0.03872307692307695
2 0.5652331606217617 0.1526153846153846 0.027849740932642485 0.0363076923076923
2 0.5326252158894645 0.14716923076923077 0.02377374784110533 0.04235384615384616
2 0.9533678756476683 0.42 0.09326424870466321 0.11692307692307692