2 0.646015625 0.30523611111111115 0.045546874999999966 0.05300000000000003
2 0.7149765625 0.30622222222222223 0.05126562500000009 0.05583333333333332
2 0.29107812499999997 0.41325 0.05785156249999997 0.0797222222222222
2 0.7166171875 0.41841666666666666 0.08077343750000007 0.10663888888888885
2 0.21785937500000002 0.5535555555555556 0.08644531249999998 0.1289444444444445
2 0.3517890625 0.4976388888888889 0.06111718750000002 0.10818055555555553
2 0.7712265625 0.2552361111111111 0.05571874999999995 0.042388888888888865
2 0.38271875 0.3645555555555556 0.048867187499999964 0.08484722222222227
2 0.676828125 0.19515277777777776 0.029867187500000014 0.053166666666666626
2 0.85740625 0.48343055555555553 0.10067968749999992 0.0996944444444444
2 0.763015625 0.29375 0.03688281250000003 0.0391388888888889
2 0.5952109375 0.8691805555555555 0.14029687499999993 0.26163888888888903
2 0.3944921875 0.8963472222222222 0.1305703125 0.20730555555555555
2 0.43546874999999996 0.6284722222222222 0.07917968749999993 0.1852083333333332
2 0.2847578125 0.7235416666666667 0.10278906249999994 0.19755555555555557
2 0.100703125 0.7630555555555555 0.1569609375 0.2173055555555556
2 0.535515625 0.5028888888888888 0.07128125 0.14597222222222225
2 0.4664921875 0.42268055555555556 0.05053125000000005 0.08180555555555552
2 0.46875 0.2991666666666667 0.04240624999999998 0.07218055555555551
2 0.3458515625 0.29930555555555555 0.04587500000000002 0.0538472222222222
2 0.34764062500000004 0.21775 0.029843750000000037 0.04276388888888892
2 0.3912890625 0.23754166666666668 0.029843750000000037 0.038013888888888896
2 0.4099921875 0.29654166666666665 0.03696874999999995 0.06572222222222221
2 0.42224218750000003 0.26763888888888887 0.02494531250000005 0.057013888888888906
2 0.47925000000000006 0.24981944444444446 0.021382812499999914 0.04830555555555552
2 0.5146640625 0.23516666666666666 0.03340624999999999 0.04434722222222223
2 0.48549218749999995 0.21141666666666667 0.023164062500000072 0.036430555555555584
2 0.43782812499999996 0.22765277777777776 0.029398437500000086 0.043555555555555577
2 0.6266796875 0.20230555555555554 0.027617187499999928 0.03880555555555555
2 0.6320234375 0.1587638888888889 0.020492187500000016 0.030874999999999986
2 0.59884375 0.1607361111111111 0.020937499999999963 0.034847222222222224
2 0.6465 0.14530555555555555 0.01291406249999998 0.026125000000000002
2 0.8686328124999999 0.32994444444444443 0.07317968750000006 0.06212500000000003
2 0.973046875 0.42291666666666666 0.05390625 0.09861111111111111