2 0.1622139303482588 0.32684365781710917 0.09010779436152576 0.09290560471976403
2 0.2804063018242122 0.2760029498525074 0.04810945273631839 0.051755162241887954
2 0.37155058043117745 0.22410029498525075 0.03477611940298512 0.04368731563421829
2 0.24061359867330012 0.2301032448377581 0.03593698175787721 0.03672566371681413
2 0.39663349917081264 0.1709734513274336 0.020912106135986756 0.02488200589970502
2 0.29443615257048095 0.378362831858407 0.06018242122719729 0.06679941002949848
2 0.2594195688225539 0.19141592920353984 0.03369817578772811 0.033082595870206497
2 0.810240464344942 0.5346755162241887 0.11344112769485899 0.14353982300884946
2 0.5622222222222222 0.7991445427728614 0.13165837479270312 0.2507817109144542
2 0.4247346600331675 0.5794690265486726 0.0897180762852405 0.15544247787610618
2 0.05472636815920398 0.8443952802359882 0.10945273631840796 0.3053097345132743
2 0.022388059701492536 0.6533923303834809 0.04477611940298507 0.18584070796460178
2 0.5484577114427861 0.43640117994100297 0.06173300165837483 0.11224188790560476
2 0.4687645107794362 0.3404719764011799 0.05634328358208959 0.11274336283185832
2 0.6363764510779436 0.44069321533923306 0.05915422885572151 0.11274336283185832
2 0.707155887230514 0.3523746312684366 0.06690713101160867 0.10647492625368722
2 0.6082089552238806 0.32231563421828907 0.03943615257048089 0.07641592920353983
2 0.5353150912106136 0.3135398230088496 0.04999999999999996 0.08393805309734517
2 0.5800331674958541 0.2508997050147493 0.04366500829187403 0.06138643067846608
2 0.6529270315091211 0.2765929203539823 0.04014096185737965 0.06514749262536876
2 0.47439469320066335 0.222094395280236 0.03380597014925372 0.04635693215339234
2 0.5272139303482587 0.2427581120943953 0.03943615257048089 0.06264011799410026
2 0.6226451077943616 0.22396755162241888 0.028872305140961993 0.06013274336283183
2 0.5617247097844114 0.19390855457227138 0.03521558872305143 0.05762536873156341
2 0.5219320066334993 0.19265486725663716 0.04155058043117736 0.045103244837758086
2 0.30537313432835816 0.18702064896755163 0.03662520729684915 0.03632743362831858
2 0.3525621890547264 0.18138643067846605 0.03380597014925372 0.04259587020648967
2 0.34692371475953565 0.14255162241887906 0.022537313432835875 0.030058997050147487
2 0.31171641791044774 0.13815634218289083 0.02816749585406304 0.03632743362831858
2 0.33143449419568827 0.11874631268436579 0.02112769485903816 0.03256637168141595
2 0.38072968490878933 0.13690265486725664 0.030986733001658284 0.038834808259586996
2 0.4166500829187397 0.11936578171091447 0.02112769485903816 0.026312684365781717
2 0.47698175787728025 0.18085545722713864 0.02386401326699832 0.0405162241887906
2 0.6042454394693201 0.18761061946902652 0.034709784411277055 0.04759587020648965
2 0.46939469320066335 0.13712389380530973 0.020248756218905532 0.025073746312684365
2 0.545497512437811 0.16382005899705013 0.02495024875621884 0.04501474926253689
2 0.5051824212271974 0.14741887905604717 0.021691542288557283 0.036651917404129784