2 0.7905 0.2969902912621359 0.06967272727272736 0.07317152103559865
2 0.7224636363636364 0.21349514563106795 0.04291818181818185 0.0447572815533981
2 0.6731818181818182 0.24423948220064726 0.05540909090909095 0.07022653721682844
2 0.29319999999999996 0.3369255663430421 0.05760000000000001 0.0759870550161812
2 0.3537181818181818 0.4114724919093852 0.06529090909090914 0.09548543689320386
2 0.6193909090909091 0.1604368932038835 0.03356363636363643 0.035533980582524285
2 0.8670363636363636 0.23846278317152103 0.04074545454545449 0.042977346278317154
2 0.9181818181818182 0.7119741100323624 0.16363636363636364 0.2459546925566343
2 0.6036363636363636 0.7281553398058253 0.13090909090909092 0.2977346278317152
2 0.4218181818181818 0.8681229773462783 0.15636363636363637 0.26375404530744334
2 0.14136363636363636 0.88915857605178 0.18272727272727274 0.22168284789644013
2 0.3084909090909091 0.6024433656957929 0.11241818181818179 0.18417475728155347
2 0.18201818181818186 0.5183009708737865 0.12519090909090913 0.18417475728155347
2 0.45283636363636365 0.47511326860841424 0.0792000000000001 0.16144012944983815
2 0.5435363636363636 0.34208737864077676 0.05365454545454544 0.09550161812297732
2 0.46370000000000006 0.33186084142394817 0.07280909090909084 0.1114077669902913
2 0.38832727272727274 0.3136731391585761 0.052372727272727286 0.08867313915857607
2 0.5328818181818181 0.23126213592233008 0.03909999999999999 0.06302588996763753
2 0.4716545454545455 0.23914239482200647 0.049427272727272625 0.0787864077669903
2 0.4122727272727273 0.2240453074433657 0.04869090909090904 0.0774757281553398
2 0.34661818181818177 0.24176375404530745 0.04720909090909086 0.05514563106796114
2 0.37280909090909087 0.18923948220064724 0.036145454545454536 0.044644012944983776
2 0.4867818181818182 0.15511326860841426 0.025081818181818108 0.044644012944983824
2 0.5328818181818181 0.16233009708737864 0.027290909090909074 0.040711974110032356
2 0.43699090909090915 0.1780906148867314 0.028772727272727252 0.056456310679611627
2 0.4558 0.13737864077669903 0.030981818181818117 0.043333333333333335
2 0.40047272727272726 0.14854368932038836 0.04130909090909096 0.044644012944983824
2 0.7139909090909091 0.15444983818770225 0.038363636363636405 0.0590938511326861
2 0.7578818181818181 0.1537864077669903 0.03909999999999999 0.0472653721682848
2 0.7018181818181818 0.10127831715210356 0.03024545454545453 0.02364077669902915
2 0.6811636363636363 0.11375404530744339 0.022872727272727347 0.030194174757281547
2 0.6435363636363636 0.12161812297734627 0.022872727272727347 0.040711974110032356
2 0.6011181818181819 0.10127831715210356 0.030981818181818117 0.021003236245954675
2 0.5008 0.10915857605177995 0.023609090909090934 0.03414239482200646