2 0.7708333333333333 0.529320987654321 0.10850694444444446 0.13580246913580246
2 0.869357638888889 0.4027777777777778 0.07986111111111124 0.09259259259259262
2 0.9616319444444443 0.4064335887611751 0.07517361111111125 0.08755853554704139
2 0.9331597222222221 0.3387345679012346 0.07378472222222214 0.06327160493827166
2 0.7643229166666666 0.38348765432098764 0.06423611111111108 0.07253086419753091
2 0.8350225225225227 0.28340840840840836 0.055602477477477485 0.05630630630630628
2 0.6671960851648351 0.3495115995115995 0.05537431318681314 0.06105006105006103
2 0.6178313873626374 0.2781593406593406 0.039921016483516515 0.04807692307692307
2 0.6572066326530612 0.24348072562358275 0.03380102040816322 0.0470521541950113
2 0.6992984693877551 0.2423469387755102 0.034438775510204064 0.043650793650793634
2 0.7366071428571428 0.22760770975056685 0.034438775510204064 0.0459183673469388
2 0.6004464285714285 0.23044217687074825 0.02997448979591839 0.034580498866213144
2 0.6970663265306122 0.2018140589569161 0.026785714285714236 0.03287981859410433
2 0.6583227040816325 0.19954648526077096 0.02774234693877551 0.026077097505668927
2 0.6335109147609147 0.16675329175329173 0.021277286902286897 0.02685377685377684
2 0.6059803794178794 0.16718641718641716 0.016242203742203733 0.02425502425502426
2 0.5760135135135135 0.16473203973203973 0.017379158004158058 0.023388773388773387
2 0.5717643805309734 0.6997295968534907 0.0884955752212389 0.19051130776794484
2 0.29694413716814155 0.6849803343166175 0.10163163716814161 0.1683874139626353
2 0.16281803097345132 0.6407325467059981 0.12375553097345131 0.20034414945919363
2 0.5367398648648648 0.39527027027027023 0.04476351351351351 0.08183183183183185
2 0.44636824324324326 0.4587087087087086 0.054054054054054036 0.09759759759759758
2 0.3826013513513513 0.39001501501501507 0.04898648648648649 0.07282282282282285
2 0.29877533783783783 0.4042792792792792 0.057854729729729736 0.08483483483483485
2 0.33488175675675674 0.3355855855855856 0.04476351351351351 0.06156156156156152
2 0.41321790540540543 0.3018018018018018 0.03167229729729728 0.054054054054054036
2 0.47233952702702703 0.27402402402402404 0.03082770270270272 0.054054054054054036
2 0.5160472972972973 0.29767267267267267 0.03125 0.053303303303303316
2 0.5183546686746988 0.23678045515394913 0.025884789156626464 0.03681392235609104
2 0.5241199171686747 0.20833333333333334 0.020472515060240948 0.02510040160642571
2 0.479409826807229 0.22715863453815258 0.022355045180722843 0.040997322623828616
2 0.43258189006024106 0.2390813253012048 0.028943900602409568 0.048109103078982605
2 0.3792827560240964 0.2484939759036144 0.038591867469879484 0.05354752342704149