2 0.18484848484848487 0.5017979144192736 0.1262626262626263 0.15821646889608063
2 0.07020202020202015 0.35436893203883496 0.0929292929292932 0.10787486515641859
2 0.019545454545454546 0.279126213592233 0.03909090909090909 0.07281553398058252
2 0.1924242424242425 0.33189500179791437 0.0747474747474747 0.0845019777058613
2 0.11015561015560996 0.21529782209393858 0.06470106470106471 0.06559958016268692
2 0.3054445554445555 0.29231124862192825 0.06443556443556438 0.07112628471851766
2 0.36288711288711284 0.2091824033571606 0.046453546453546386 0.05601194921583275
2 0.31706864564007425 0.16878013341258832 0.03933209647495356 0.05481804372234326
2 0.2680890538033395 0.1674592166963873 0.04007421150278292 0.050855293573740155
2 0.22467532467532475 0.15028729938577368 0.04007421150278292 0.05349712700614229
2 0.38311688311688324 0.15358959117627627 0.03487940630797766 0.04028795984413182
2 0.2706864564007422 0.12023644409219997 0.03116883116883111 0.03830658476983029
2 0.31576994434137307 0.11759461065979789 0.03228200371057524 0.03038108447262399
2 0.34464184464184466 0.07938894832098714 0.02475902475902475 0.03128595361605069
2 0.37667737667737666 0.07989356047608472 0.018900018900018783 0.028258280685465157
2 0.41154791154791154 0.07703409159719837 0.020223020223020284 0.027249056375269965
2 0.41649235720032185 0.7003322163988888 0.10297666934835062 0.22195492167139202
2 0.736283185840708 0.6831486095598134 0.1182622687047466 0.19617951141277895
2 0.8923572003218021 0.6315977890425868 0.14400643604183416 0.23341065956410909
2 0.4572481572481573 0.34562232135047666 0.052088452088452086 0.09533805650310512
2 0.5624078624078624 0.4195311816671039 0.06289926289926288 0.11370593894865728
2 0.6366093366093366 0.33949969386862594 0.057002457002457006 0.08484212367707517
2 0.7341523341523342 0.35611825417650655 0.06732186732186722 0.09883670077844837
2 0.6921375921375922 0.2760867663780285 0.052088452088452086 0.07172220764453764
2 0.600982800982801 0.23672701828041634 0.03685503685503673 0.06297559695617946
2 0.5321867321867322 0.20436455873349077 0.035872235872235994 0.06297559695617946
2 0.48132678132678136 0.2319163824018193 0.03636363636363636 0.06210093588734367
2 0.4786418400876232 0.1609739930596171 0.0301204819277109 0.042890006628455574
2 0.4719331872946331 0.127831715210356 0.023822562979189568 0.02924318633758335
2 0.523959474260679 0.14976410496354345 0.026013143483022843 0.04776387101805276
2 0.5784501642935377 0.16365461847389554 0.033680175246440326 0.056049440480368085
2 0.6404709748083243 0.17462081335048926 0.04490690032858703 0.06238546418684446