2 0.7594577352472089 0.37208806818181817 0.06631578947368427 0.06278409090909097
2 0.6862838915470495 0.27982954545454547 0.04492025518341302 0.047599431818181805
2 0.21110845295055822 0.5479971590909091 0.08755183413078146 0.12971590909090916
2 0.6160606060606061 0.26571022727272725 0.03933811802232849 0.04863636363636365
2 0.3367065390749601 0.5403125 0.06694577352472093 0.1257244318181818
2 0.370207336523126 0.4208664772727273 0.044521531100478504 0.08144886363636368
2 0.85122009569378 0.37792613636363637 0.07887559808612428 0.08133522727272725
2 0.43473684210526314 0.5594602272727273 0.07655502392344497 0.13876420454545463
2 0.7188357256778309 0.2620596590909091 0.03464912280701758 0.04383522727272729
2 0.6283492822966508 0.1969034090909091 0.02639553429027106 0.03505681818181819
2 0.7866188197767144 0.26251420454545454 0.034370015948963245 0.03455965909090907
2 0.32280701754385965 0.3535369318181818 0.04048644338118021 0.06593749999999994
2 0.5330622009569378 0.41650568181818187 0.045502392344497565 0.07106534090909088
2 0.6927352472089314 0.19676136363636365 0.025023923444976164 0.028082386363636337
2 0.7877910685805424 0.48038352272727275 0.11205741626794256 0.15737215909090904
2 0.9359409888357257 0.36042613636363635 0.10019936204146737 0.10938920454545453
2 0.5582934609250398 0.6617471590909091 0.10559011164274329 0.18999999999999997
2 0.4190590111642743 0.890625 0.14433811802232854 0.21875
2 0.2781499202551834 0.7644602272727272 0.1379106858054226 0.22646306818181827
2 0.04704944178628389 0.8771306818181818 0.09409888357256778 0.24573863636363635
2 0.5205103668261564 0.30870738636363637 0.03551036682615628 0.06622159090909091
2 0.45586124401913874 0.3887642045454545 0.05493620414673054 0.1077414772727273
2 0.4611323763955343 0.31068181818181817 0.03551036682615628 0.04843750000000003
2 0.4647448165869218 0.2592755681818182 0.02830143540669857 0.042500000000000024
2 0.39814992025518336 0.31859375 0.04606060606060605 0.0800568181818182
2 0.35653110047846887 0.2805255681818182 0.03828548644338117 0.06127840909090907
2 0.3851116427432217 0.23457386363636362 0.028851674641148285 0.046463068181818154
2 0.419792663476874 0.2726278409090909 0.034960127591706476 0.055355113636363674
2 0.4336682615629984 0.23259943181818182 0.02830143540669857 0.04052556818181814
2 0.5112918660287081 0.21823863636363636 0.02564593301435413 0.043210227272727296
2 0.47697767145135567 0.20805397727272726 0.02218500797448161 0.03889204545454545
2 0.41338118022328546 0.20034090909090907 0.025303030303030317 0.03210227272727276
2 0.45756778309409885 0.18211647727272728 0.01871610845295058 0.02407670454545453
2 0.4910207336523126 0.18242897727272728 0.021140350877192977 0.03210227272727276
2 0.6594657097288676 0.16051136363636365 0.016291866028708184 0.022840909090909068
2 0.6310446570972887 0.1620596590909091 0.018373205741626764 0.030866477272727257
2 0.6098963317384369 0.17379261363636364 0.02252791068580542 0.029630681818181837
2 0.5852950558213716 0.18366477272727275 0.025996810207336452 0.039517045454545444
2 0.5695215311004784 0.15464488636363638 0.017328548644338134 0.023465909090909107
2 0.5261961722488039 0.14909090909090908 0.020797448165869162 0.024701704545454565