2 0.3540855704697987 0.3233432835820895 0.04817114093959737 0.04949253731343279
2 0.17786073825503354 0.3597313432835821 0.07753355704697992 0.07283582089552232
2 0.21166946308724827 0.40908955223880594 0.08510067114093964 0.08347761194029843
2 0.15052013422818797 0.3029850746268657 0.046073825503355766 0.047358208955223906
2 0.3507969798657718 0.23098507462686566 0.03965604026845636 0.039194029850746256
2 0.4258640939597315 0.19217910447761194 0.03183724832214769 0.0367014925373134
2 0.236996644295302 0.5454776119402985 0.10097315436241602 0.12028358208955228
2 0.565486577181208 0.29988059701492537 0.035058724832214734 0.056074626865671634
2 0.2578271812080537 0.22179104477611938 0.03141778523489937 0.033283582089552254
2 0.43765100671140933 0.715776119402985 0.09808724832214771 0.221044776119403
2 0.6093120805369127 0.7380746268656716 0.1035402684563759 0.20747761194029848
2 0.793506711409396 0.8117611940298507 0.12533557046979854 0.23850746268656708
2 0.9714765100671141 0.8865671641791045 0.05704697986577181 0.22686567164179106
2 0.4979865771812081 0.32350746268656716 0.04354865771812087 0.075134328358209
2 0.5695721476510067 0.43561194029850747 0.06400167785234896 0.1044776119402985
2 0.6477684563758389 0.38631343283582087 0.0541023489932886 0.07865671641791051
2 0.6903271812080537 0.48844776119402983 0.07852348993288602 0.1584776119402986
2 0.7454194630872483 0.37516417910447764 0.07654362416107384 0.100955223880597
2 0.7021979865771812 0.2959253731343284 0.053447986577181236 0.08099999999999997
2 0.6114765100671141 0.2565970149253731 0.0356291946308725 0.05634328358208955
2 0.6606291946308726 0.2501492537313433 0.03629194630872482 0.06456716417910446
2 0.6385234899328859 0.2061194029850746 0.01979865771812092 0.05400000000000001
2 0.5963003355704698 0.22138805970149256 0.03299496644295296 0.0633880597014925
2 0.5560486577181207 0.24134328358208954 0.03166946308724832 0.05634328358208955
2 0.5105201342281879 0.22665671641791046 0.03958892617449669 0.0504776119402985
2 0.5501090604026846 0.1926268656716418 0.030352348993288644 0.0457761194029851
2 0.5791442953020135 0.16502985074626864 0.023749999999999955 0.04695522388059703
2 0.3072902684563758 0.18088059701492537 0.03958892617449669 0.04108955223880593
2 0.2987164429530202 0.23722388059701494 0.048825503355704736 0.05282089552238804
2 0.37690436241610736 0.14859701492537314 0.03233221476510064 0.0375671641791045
2 0.4164932885906041 0.14507462686567163 0.027055369127516778 0.035223880597014916
2 0.4481711409395973 0.1397910447761194 0.023095637583892596 0.04108955223880597
2 0.04236577181208054 0.4044776119402985 0.08473154362416108 0.11343283582089553