2 0.061256117455138585 0.33805797101449275 0.08089722675367034 0.05866666666666669
2 0.38115823817292005 0.2159855072463768 0.030587275693311582 0.034463768115942074
2 0.29792822185970635 0.3568695652173913 0.06819738988580742 0.07660869565217393
2 0.5792414355628058 0.29595652173913045 0.0363132137030995 0.05779710144927536
2 0.7534665579119086 0.49291304347826087 0.08291190864600334 0.1299855072463769
2 0.3437275693311582 0.15462318840579709 0.022544861337683606 0.032275362318840595
2 0.16185154975530186 0.2729130434782609 0.05587275693311582 0.05115942028985509
2 0.4555709624796085 0.35391304347826086 0.039624796084828655 0.06479710144927542
2 0.055057096247960846 0.5652173913043478 0.11011419249592169 0.17681159420289855
2 0.03221859706362153 0.4608695652173913 0.06443719412724307 0.0782608695652174
2 0.398858075040783 0.913768115942029 0.1566068515497553 0.17246376811594202
2 0.7838499184339315 0.8840579710144928 0.1631321370309951 0.22318840579710145
2 0.9278140293637847 0.8434782608695652 0.14437194127243066 0.28695652173913044
2 0.5628058727569332 0.7144927536231884 0.10929853181076672 0.2782608695652174
2 0.4399347471451876 0.5273043478260869 0.0722185970636215 0.15610144927536238
2 0.66105220228385 0.5425217391304348 0.07817292006525298 0.1283188405797101
2 0.5363458401305057 0.3884057971014493 0.05062805872756928 0.10582608695652171
2 0.6163866231647634 0.3811304347826087 0.06030179445350721 0.10185507246376807
2 0.6693393148450245 0.31230434782608696 0.06325448613376831 0.07124637681159415
2 0.6327569331158238 0.2539130434782609 0.04547308319738989 0.07492753623188404
2 0.5986460032626428 0.2138840579710145 0.027699836867863 0.0433333333333333
2 0.5506933115823817 0.21168115942028987 0.025220228384991904 0.0477391304347826
2 0.5143148450244698 0.22195652173913044 0.029347471451876033 0.0433333333333333
2 0.5174143556280587 0.2858695652173913 0.03637846655791183 0.06097101449275361
2 0.4692495921696574 0.22049275362318838 0.029347471451876033 0.046275362318840586
2 0.4686296900489396 0.16943478260869566 0.023148450244698294 0.045536231884058
2 0.5370554649265905 0.17568115942028986 0.022740619902120805 0.03452173913043477
2 0.5843882544861339 0.18707246376811595 0.02562805872756939 0.03672463768115938
2 0.2526590538336052 0.2177246376811594 0.04314029363784674 0.04588405797101453
2 0.3289641109298531 0.22242028985507245 0.03610114192495921 0.039637681159420325
2 0.30622349102773244 0.19582608695652173 0.032283849918433874 0.03650724637681159
2 0.27570146818923325 0.1783623188405797 0.030522022838499245 0.03807246376811592
2 0.29697389885807507 0.16192753623188405 0.023189233278956008 0.03024637681159421
2 0.3156117455138663 0.14081159420289854 0.02289559543230011 0.028681159420289842
2 0.3864926590538336 0.1361159420289855 0.01672920065252854 0.02555072463768115
2 0.4024877650897227 0.17131884057971017 0.02876019575856443 0.034420289855072464
2 0.4101141924959217 0.14107246376811594 0.01643556280587283 0.02711594202898552
2 0.36286296900489395 0.12256521739130434 0.015848287112561227 0.020333333333333335