2 0.7676716141001855 0.2764686468646865 0.07109461966604833 0.07462046204620457
2 0.6982467532467532 0.1913201320132013 0.0437940630797774 0.045643564356435684
2 0.6479591836734694 0.22267326732673268 0.05653988868274587 0.07161716171617158
2 0.26022263450834876 0.3171947194719472 0.058775510204081644 0.07749174917491745
2 0.32197588126159554 0.39321782178217823 0.06662337662337667 0.09737623762376237
2 0.5930705009276438 0.13721122112211223 0.034248608534322884 0.03623762376237625
2 0.8457699443413729 0.21678217821782178 0.04157699443413723 0.04382838283828383
2 0.9044526901669759 0.6996699669966997 0.17996289424860853 0.2508250825082508
2 0.5769944341372912 0.7161716171617162 0.13358070500927643 0.30363036303630364
2 0.3914656771799629 0.8622112211221122 0.15955473098330242 0.2755775577557756
2 0.10528756957328386 0.8836633663366337 0.18645640074211503 0.23267326732673269
2 0.2758256029684601 0.5879702970297029 0.11471243042671611 0.1878217821782179
2 0.14677179962894252 0.5021617161716172 0.1277458256029685 0.1878217821782179
2 0.4231168831168831 0.45811881188118814 0.08081632653061224 0.1646369636963696
2 0.5156679035250463 0.3224587458745875 0.05474953617810759 0.09739273927392736
2 0.43420222634508354 0.312029702970297 0.07429499072356219 0.11361386138613865
2 0.35729128014842304 0.29348184818481854 0.05344155844155846 0.09042904290429045
2 0.5047959183673469 0.2094389438943894 0.03989795918367346 0.06427392739273925
2 0.4423191094619667 0.21747524752475247 0.050435992578849724 0.08034653465346535
2 0.3817254174397032 0.2020792079207921 0.049684601113172494 0.079009900990099
2 0.31473098330241184 0.22014851485148515 0.04817254174397027 0.05623762376237621
2 0.34145640074211503 0.16658415841584157 0.03688311688311687 0.045528052805280536
2 0.4577551020408164 0.13178217821782182 0.02559369202226348 0.045528052805280536
2 0.5047959183673469 0.13914191419141914 0.027847866419294973 0.041518151815181516
2 0.406948051948052 0.15521452145214523 0.029359925788497197 0.05757425742574255
2 0.4261410018552876 0.11369636963696371 0.03161410018552879 0.04419141914191419
2 0.36968460111317253 0.1250825082508251 0.04215213358070506 0.045528052805280536
2 0.6896011131725417 0.13110561056105607 0.03914656771799633 0.06026402640264028
2 0.7343877551020408 0.13042904290429042 0.03989795918367346 0.04820132013201321
2 0.6771799628942486 0.07688118811881188 0.03086270871985156 0.02410891089108911
2 0.6561038961038961 0.08960396039603963 0.02333951762523199 0.030792079207920785
2 0.6177087198515769 0.09762376237623761 0.02333951762523199 0.041518151815181516
2 0.5744248608534323 0.07688118811881188 0.03161410018552869 0.021419141914191427
2 0.47205936920222635 0.08491749174917493 0.024090909090909118 0.03481848184818481