2 0.16695601851851855 0.5480109739368998 0.1205632716049383 0.15089163237311393
2 0.057484567901234525 0.4074074074074074 0.08873456790123492 0.1028806584362141
2 0.013888888888888888 0.33564814814814814 0.027777777777777776 0.06944444444444445
2 0.17418981481481488 0.3859739368998628 0.07137345679012341 0.08058984910836772
2 0.09563469719719701 0.27477477477477474 0.06178053053053064 0.06256256256256253
2 0.28210851648351654 0.34822276488943155 0.0615270146520146 0.06783340116673443
2 0.3369581807081807 0.26894247727581055 0.044356684981684914 0.05341880341880346
2 0.29320790816326536 0.23041068279163515 0.037556689342403575 0.05228017132779033
2 0.24643920068027214 0.2291509196271101 0.03826530612244897 0.04850088183421519
2 0.20498511904761912 0.21277399848828416 0.03826530612244897 0.051020408163265286
2 0.3562748015873017 0.2159234063995968 0.03330498866213145 0.03842277651801465
2 0.2489193594104309 0.18411438649533884 0.029761904761904705 0.03653313177122704
2 0.29196782879818606 0.18159486016628873 0.030824829931972886 0.028974552784076586
2 0.3195364835989836 0.14515797849131182 0.023641429891429883 0.02983752983752982
2 0.3501259673134673 0.1456392289725623 0.018046893046892935 0.02695002695002698
2 0.383422484984985 0.1429121429121429 0.01931017556017562 0.025987525987525985
2 0.388143743854474 0.7373538730470884 0.09832841691248756 0.21167923085327203
2 0.693499569813176 0.7209658035616738 0.11292404129793512 0.1870971266251503
2 0.8425285766961652 0.6718015951054299 0.13750614552605692 0.22260461051021513
2 0.4270598723723724 0.39906573239906573 0.04973723723723723 0.09092425759092432
2 0.5274727852852853 0.46955288621955277 0.06006006006006004 0.10844177510844168
2 0.5983248873873874 0.3932265598932266 0.05442942942942944 0.08091424758091437
2 0.6914649024024024 0.4090757424090757 0.06428303303303294 0.09426092759426086
2 0.6513466591591591 0.3327494160827494 0.04973723723723723 0.06840173506840165
2 0.5643064939939939 0.29521187854521186 0.035191441441441325 0.06006006006006004
2 0.4986158033033033 0.2643476810143477 0.03425300300300312 0.06006006006006004
2 0.45005161411411415 0.29062395729062396 0.034722222222222224 0.059225892559225904
2 0.4474878681392236 0.22296593782537558 0.02876087684069617 0.040904358173434484
2 0.4410820364792504 0.19135802469135801 0.022747238955823375 0.02788933511825083
2 0.4907599146586345 0.21227502603004605 0.02483893908969195 0.045552580693142955
2 0.5427909554886211 0.2255224602112152 0.03215988955823295 0.05345455897664734
2 0.6020122155287818 0.23598096088055923 0.04287985274431053 0.05949724825226837