2 0.8143515625 0.3563888888888889 0.0848984375 0.08748611111111111
2 0.7029921875 0.30851388888888887 0.045328125000000004 0.04873611111111112
2 0.6171171875 0.25963888888888886 0.032765625 0.04113888888888889
2 0.7404843750000001 0.26529166666666665 0.033859375000000004 0.034583333333333334
2 0.593484375 0.20961111111111108 0.019703125 0.02343055555555556
2 0.6897734375 0.4049027777777777 0.056703125 0.06290277777777778
2 0.722765625 0.22886111111111113 0.03175 0.031152777777777776
2 0.2037890625 0.5520972222222222 0.10688281250000001 0.13516666666666666
2 0.43746875 0.801138888888889 0.124046875 0.23615277777777777
2 0.5670078125 0.5942777777777778 0.08453125 0.146375
2 0.93234375 0.8444444444444444 0.1353046875 0.2872222222222222
2 0.9571093749999999 0.6640694444444445 0.0633359375 0.17463888888888887
2 0.45043749999999994 0.45955555555555555 0.0581640625 0.10569444444444444
2 0.5255234375 0.3692222222222222 0.0530859375 0.10616666666666666
2 0.3676015625 0.46359722222222227 0.055734375 0.10616666666666666
2 0.3009140625 0.3804305555555556 0.06303906249999999 0.10026388888888889
2 0.394140625 0.352125 0.03715625 0.07195833333333333
2 0.4628203125 0.3438611111111111 0.047109374999999995 0.07904166666666666
2 0.4206875 0.28487500000000004 0.041140625 0.057805555555555554
2 0.3520078125 0.30906944444444445 0.037820312499999995 0.06134722222222223
2 0.52021875 0.25775000000000003 0.0318515625 0.043652777777777776
2 0.47045312499999997 0.27720833333333333 0.03715625 0.05898611111111111
2 0.38053906249999997 0.2595138888888889 0.027203125 0.056625
2 0.4379375 0.23120833333333332 0.0331796875 0.05426388888888889
2 0.4754296875 0.23002777777777778 0.0391484375 0.04247222222222222
2 0.6794687500000001 0.22472222222222224 0.0345078125 0.034208333333333334
2 0.6350078124999999 0.21941666666666665 0.0318515625 0.04011111111111111
2 0.6403203125 0.18284722222222222 0.021234375 0.028305555555555553
2 0.6734921875000001 0.1787083333333333 0.0265390625 0.034208333333333334
2 0.6549140625 0.16043055555555558 0.01990625 0.030666666666666665
2 0.60846875 0.17752777777777776 0.029195312499999997 0.03656944444444444
2 0.5746249999999999 0.1610138888888889 0.01990625 0.024777777777777777
2 0.51778125 0.21891666666666668 0.022484375 0.03815277777777778
2 0.397875 0.22527777777777777 0.032703125 0.044819444444444446
2 0.5249296875 0.17773611111111112 0.019078125 0.02361111111111111
2 0.4532265625 0.202875 0.0235078125 0.042388888888888886
2 0.4912109375 0.18743055555555554 0.0204375 0.03451388888888889