2 0.11805555555555562 0.7433234421364985 0.1546296296296297 0.19287833827893175
2 0.11388888888888896 0.5578635014836796 0.1259259259259261 0.13188262446422688
2 0.2990740740740742 0.49769205407187606 0.09444444444444439 0.11704582921200135
2 0.13287037037037047 0.4309264754368612 0.08981481481481486 0.09891196834817008
2 0.027916666666666666 0.3939169139465875 0.05583333333333333 0.10237388724035608
2 0.35324074074074074 0.3748763600395647 0.06203703703703695 0.0758325090669304
2 0.15231481481481485 0.3427299703264095 0.06944444444444457 0.070886910649522
2 0.2301739926739927 0.28917076988293605 0.04670329670329674 0.05217334594189192
2 0.28282967032967027 0.30058368930772494 0.04304029304029314 0.04565167769915537
2 0.29771062271062276 0.24270388365343853 0.03617216117216117 0.048912511820523724
2 0.36753663003663006 0.25737763719959567 0.03296703296703299 0.04402126063847135
2 0.42683150183150187 0.23944304953207027 0.03067765567765567 0.03913000945641898
2 0.3489926739926741 0.22843773437245246 0.03525641025641031 0.043206052108129264
2 0.32793040293040293 0.20968793817458503 0.026098901098901024 0.03505396680470862
2 0.378243073047859 0.19830479336866258 0.02225020990764051 0.02802921017422958
2 0.3469668345927792 0.19176464432800902 0.018891687657430795 0.026908041767260377
2 0.35693744752308987 0.1799923760548326 0.016582703610411424 0.019807308523122243
2 0.41948992443324945 0.18036609885715565 0.021620486985726377 0.03699855742998304
2 0.44709277917716206 0.1926989513338167 0.02015113350125944 0.028776655778875743
2 0.8354166666666667 0.9102373887240356 0.1725 0.1795252225519288
2 0.44631226053639844 0.7575633548211058 0.11685823754789264 0.24386916334117797
2 0.5923850574712645 0.6015211978580443 0.07183908045977015 0.13643030116988994
2 0.7087643678160921 0.6023738872403561 0.09003831417624535 0.1688324976977386
2 0.7829980842911878 0.494082335686756 0.07183908045977015 0.12960878611139534
2 0.6532088122605364 0.4429209727480473 0.057471264367816084 0.08867969576042838
2 0.49426265270506115 0.4147000792331474 0.04668411867364739 0.08311712523498069
2 0.5677792321116929 0.342846489660851 0.03490401396160564 0.057482871657837054
2 0.5095331588132636 0.29779234701011387 0.02923211169284476 0.06214364503549949
2 0.6207897033158813 0.3207078161169543 0.033595113438045325 0.05515248496900587
2 0.7034685863874345 0.3603243898270853 0.04799301919720771 0.07379557847965572
2 0.6783813263525306 0.3183774294281231 0.03708551483420593 0.05515248496900587
2 0.7619120654396728 0.3376781780779523 0.059815950920245387 0.06280606579162952
3 0.915 0.7900593471810089 0.17 0.37537091988130566
2 0.5092161016949153 0.24302167680933465 0.024717514124293793 0.04023537695518783
2 0.5498234463276837 0.23956394910224818 0.02683615819209043 0.047150832369360754
2 0.5985522598870057 0.2606246542272293 0.029661016949152477 0.04400744354473673
2 0.6442796610169492 0.24490771010410906 0.034957627118644155 0.05406628778353368