2 0.6624453124999999 0.34394444444444444 0.044859375 0.04605555555555555
2 0.8265546875 0.3778055555555555 0.072203125 0.06777777777777777
2 0.7950703125 0.4237361111111111 0.07925 0.07768055555555556
2 0.8520156249999999 0.325 0.04290625 0.044069444444444446
2 0.6655078125 0.258 0.0369296875 0.036472222222222225
2 0.5956015625 0.22188888888888889 0.029648437500000003 0.034152777777777775
2 0.771484375 0.5506527777777778 0.09403125 0.11193055555555556
2 0.46557812500000006 0.32211111111111107 0.0326484375 0.052180555555555556
2 0.7520859375 0.24944444444444444 0.0292578125 0.030972222222222224
2 0.5846250000000001 0.709125 0.09134375 0.20569444444444443
2 0.42476562500000004 0.7298749999999999 0.096421875 0.19306944444444443
2 0.253234375 0.7984444444444444 0.11671875000000001 0.22194444444444447
2 0.0641015625 0.8817361111111112 0.100828125 0.23652777777777778
2 0.5284375 0.3440972222222222 0.0405546875 0.06991666666666667
2 0.46177343750000005 0.4484166666666667 0.059601562500000003 0.09722222222222222
2 0.388953125 0.40254166666666663 0.0503828125 0.07319444444444445
2 0.3493203125 0.4975833333333333 0.073125 0.14747222222222223
2 0.298015625 0.39216666666666666 0.07128124999999999 0.09394444444444444
2 0.338265625 0.31843055555555555 0.0497734375 0.075375
2 0.42275 0.2818333333333333 0.0331796875 0.05243055555555556
2 0.3769765625 0.2758333333333333 0.033796875 0.06008333333333333
2 0.3975625 0.2348611111111111 0.018437500000000002 0.05025
2 0.43688281250000005 0.24906944444444445 0.0307265625 0.05898611111111111
2 0.47436718750000006 0.26763888888888887 0.0294921875 0.05243055555555556
2 0.516765625 0.25397222222222227 0.036867187499999995 0.04697222222222222
2 0.4798984375 0.22230555555555556 0.028265625 0.042597222222222224
2 0.45285937499999995 0.196625 0.0221171875 0.043694444444444445
2 0.7060234375000001 0.211375 0.036867187499999995 0.03823611111111111
2 0.7140078125 0.26380555555555557 0.04546875 0.04915277777777778
2 0.6411953125000001 0.18133333333333335 0.030109375 0.034958333333333334
2 0.604328125 0.17805555555555555 0.0251953125 0.03277777777777778
2 0.574828125 0.1731388888888889 0.0215078125 0.03823611111111111
2 0.9561484374999999 0.41988888888888887 0.0856875 0.10509722222222223