2 0.8589409722222221 0.4691358024691359 0.09548611111111108 0.11419753086419754
2 0.9707465277777778 0.41139472806139477 0.056944444444444464 0.0943943943943945
2 0.9058159722222221 0.32947530864197533 0.078125 0.08796296296296302
2 0.8125 0.33719135802469136 0.0651041666666666 0.07870370370370378
2 0.6940104166666667 0.38271604938271603 0.0677083333333334 0.0864197530864198
2 0.8008395522388059 0.26326699834162515 0.048585199004975176 0.052515201768933095
2 0.7769356343283581 0.2273355444997236 0.03731343283582085 0.04145936981757876
2 0.6947294776119403 0.2218076285240464 0.03459266169154231 0.048369264787175265
2 0.7295164800995024 0.1931315644002211 0.03575870646766166 0.04767827529021559
2 0.6249611318407959 0.2681039248203427 0.03964552238805972 0.053897180762852416
2 0.6354555348258706 0.20315091210613595 0.031094527363184098 0.03316749585406298
2 0.5971703980099502 0.2076423438363737 0.028373756218905477 0.033858485351022656
2 0.6715994962216625 0.1579554995801847 0.02125314861460952 0.027637839350685686
2 0.6040026763224181 0.15253288553036665 0.018301322418136045 0.025188916876574298
2 0.5796009130982368 0.17597257206828992 0.023417821158690177 0.02938706968933668
2 0.6426715994962217 0.1635530366638679 0.023614609571788493 0.032535684298908484
2 0.39110372023809525 0.8683531746031747 0.12074910714285716 0.260515873015873
2 0.5793650793650793 0.7414021164021165 0.10292658730158735 0.22266313932980605
2 0.3192934782608695 0.5730676328502415 0.08016304347826084 0.1388888888888889
2 0.23369565217391303 0.504830917874396 0.08152173913043478 0.13285024154589367
2 0.5258152173913043 0.4269323671497584 0.05434782608695654 0.08333333333333333
2 0.45278532608695643 0.3707729468599033 0.0523097826086957 0.09903381642512075
2 0.3845108695652174 0.3757380568974772 0.04679951690821258 0.07380568974771877
2 0.29789402173913043 0.3861379495437467 0.05774456521739131 0.0758185721953838
2 0.5220788043478262 0.29421631776704243 0.036609299516908236 0.0650831991411702
2 0.5222675120772947 0.2442297369833602 0.02868357487922708 0.03891572732152441
2 0.4673535628019324 0.27039720880300594 0.03132548309178738 0.05501878690284489
2 0.40960899758454106 0.2854938271604939 0.04038345410628019 0.07179280730005368
2 0.35903532608695654 0.2710681696188943 0.04340277777777781 0.06307031669350513
2 0.4822635135135135 0.21996996996996998 0.021959459459459475 0.03528528528528526
2 0.4350717905405405 0.2316066066066066 0.028927364864864913 0.03978978978978979
2 0.5217483108108107 0.1751126126126126 0.01858108108108105 0.028903903903903898