2 0.9092968750000001 0.3586944444444444 0.07748437500000001 0.056222222222222215
2 0.602890625 0.24170833333333333 0.029296875 0.03302777777777778
2 0.682609375 0.37672222222222224 0.0653203125 0.07341666666666667
2 0.41316406250000004 0.3183472222222222 0.03478125 0.05538888888888889
2 0.2462890625 0.5070972222222222 0.07941406250000001 0.12456944444444444
2 0.6387421875 0.18290277777777778 0.021593750000000002 0.030930555555555555
2 0.8129453124999999 0.2962638888888889 0.053515625 0.049027777777777774
2 0.5316171875 0.3738888888888889 0.037953125 0.06209722222222222
2 0.9296875 0.5763888888888888 0.134375 0.16944444444444445
2 0.953125 0.47638888888888886 0.09375 0.075
2 0.5859375 0.9138888888888889 0.15 0.17222222222222222
2 0.2171875 0.8819444444444444 0.15625 0.21388888888888888
2 0.07421875 0.8430555555555556 0.1484375 0.275
2 0.42890625 0.7194444444444444 0.1046875 0.26666666666666666
2 0.54659375 0.5400555555555555 0.06917187500000001 0.14959722222222221
2 0.33480468750000003 0.5546388888888889 0.074875 0.12297222222222223
2 0.45425000000000004 0.40694444444444444 0.0484921875 0.10141666666666665
2 0.3775859375 0.39997222222222223 0.057757812500000005 0.0976111111111111
2 0.3268671875 0.3340138888888889 0.0605859375 0.06827777777777777
2 0.36190625 0.27805555555555556 0.0435546875 0.07180555555555555
2 0.394578125 0.23969444444444446 0.02653125 0.041527777777777775
2 0.44050781250000004 0.23758333333333334 0.02415625 0.04575
2 0.47535156250000005 0.24743055555555557 0.028109375 0.041527777777777775
2 0.47238281249999997 0.30868055555555557 0.03484375 0.058430555555555555
2 0.518515625 0.24602777777777776 0.028109375 0.04434722222222222
2 0.519109375 0.19709722222222223 0.022171875 0.043638888888888894
2 0.4535703125 0.20308333333333334 0.02178125 0.03308333333333333
2 0.408234375 0.21400000000000002 0.024546875000000003 0.035194444444444445
2 0.72596875 0.24337499999999998 0.0413203125 0.043972222222222225
2 0.6528828125 0.247875 0.034578125 0.037986111111111116
2 0.6746640625 0.22238888888888889 0.030921874999999998 0.034986111111111114
2 0.7038984375 0.20565277777777777 0.029234375 0.03648611111111111
2 0.6835234375 0.18990277777777775 0.0222109375 0.028986111111111112
2 0.6656718749999999 0.16966666666666666 0.0219296875 0.02748611111111111
2 0.5977812499999999 0.16516666666666666 0.0160234375 0.02448611111111111
2 0.5824609374999999 0.1989027777777778 0.027546875 0.03298611111111111
2 0.57515625 0.16991666666666666 0.015742187499999998 0.025986111111111113
2 0.6204140625 0.15218055555555554 0.0151796875 0.01948611111111111