2 0.7196886446886447 0.27812703583061893 0.053388278388278344 0.06214983713355053
2 0.800521978021978 0.2792833876221498 0.0600915750915752 0.06547231270358304
2 0.30364468864468863 0.4047882736156352 0.06781135531135526 0.09348534201954393
2 0.8024450549450549 0.4108469055374593 0.09467948717948727 0.12504885993485337
2 0.21782051282051285 0.5693159609120522 0.1013278388278388 0.1512052117263844
2 0.37480769230769234 0.5037459283387622 0.07163919413919416 0.12685667752442994
2 0.8664560439560439 0.21949511400651467 0.06531135531135525 0.04970684039087945
2 0.41106227106227106 0.34768729641693813 0.057280219780219736 0.09949511400651471
2 0.7558058608058609 0.14903908794788273 0.03500915750915753 0.06234527687296417
2 0.9542124542124543 0.48615635179153094 0.09157509157509157 0.11563517915309446
2 0.8568315018315018 0.26465798045602607 0.04323260073260077 0.045895765472312715
2 0.6597985347985348 0.8925081433224755 0.16391941391941392 0.21498371335504887
2 0.42445054945054944 0.9242671009771987 0.15293040293040294 0.15146579804560262
2 0.4728937728937729 0.6571661237785016 0.09281135531135523 0.2171824104234528
2 0.29623626373626377 0.7686482084690555 0.12048534798534792 0.2316612377850163
2 0.08608058608058608 0.8143322475570033 0.17216117216117216 0.254071661237785
2 0.5901648351648352 0.5099022801302932 0.08355311355311357 0.17117263843648212
2 0.5092582417582417 0.41584690553745923 0.05923076923076929 0.09592833876221495
2 0.5119047619047619 0.2710097719869707 0.04970695970695968 0.08464169381107486
2 0.36784798534798535 0.2711726384364821 0.0537728937728938 0.06314332247557
2 0.369945054945055 0.17553745928338763 0.034981684981685024 0.05014657980456025
2 0.4211080586080586 0.19874592833876223 0.034981684981685024 0.044576547231270365
2 0.4430311355311355 0.2679315960912052 0.043333333333333376 0.07706840390879478
2 0.4573901098901099 0.23403908794788272 0.0292399267399268 0.06685667752442999
2 0.5242124542124542 0.21314332247557005 0.025064102564102464 0.056644951140065104
2 0.5657234432234433 0.19596091205211724 0.03915750915750915 0.05200325732899024
2 0.531529304029304 0.16811074918566776 0.027152014652014736 0.04271986970684037
2 0.4756593406593406 0.1871498371335505 0.03445970695970706 0.05107491856677527
2 0.6970238095238095 0.15742671009771986 0.03237179487179479 0.04550488599348534
2 0.7032875457875458 0.10636807817589577 0.024020146520146536 0.03620521172638435
2 0.6643956043956044 0.10868078175895766 0.0245421245421245 0.04086319218241043
2 0.7202564102564102 0.09058631921824105 0.015137362637362612 0.030635179153094466
2 0.9688644688644689 0.30618892508143325 0.06227106227106227 0.07166123778501629