2 0.619526066350711 0.24036516853932582 0.03560031595576614 0.04282303370786518
2 0.7371879936808846 0.3067696629213483 0.058436018957345987 0.05615168539325845
2 0.7942969984202212 0.3013342696629214 0.05736176935229077 0.05237359550561801
2 0.3145102685624013 0.3499438202247191 0.04723538704581355 0.07398876404494382
2 0.5965481832543444 0.16866573033707866 0.025371248025276374 0.036320224719101145
2 0.8080568720379147 0.5533707865168539 0.1406003159557662 0.18258426966292135
2 0.8862559241706162 0.49157303370786515 0.10110584518167456 0.13764044943820225
2 0.9541864139020537 0.4199438202247191 0.08846761453396525 0.11797752808988764
2 0.0631911532385466 0.8609550561797753 0.1263823064770932 0.25842696629213485
2 0.4296998420221169 0.6811797752808989 0.10110584518167456 0.20224719101123595
2 0.3009478672985782 0.6769662921348315 0.10900473933649289 0.2050561797752809
2 0.5425908372827803 0.47476123595505615 0.0680805687203792 0.15088483146067425
2 0.4493522906793049 0.4089747191011236 0.05328593996840445 0.0965028089887641
2 0.3491943127962085 0.4379213483146068 0.06018957345971568 0.094747191011236
2 0.20759873617693522 0.5300280898876405 0.09472353870458132 0.11755617977528096
2 0.2159873617693523 0.4273876404494382 0.07203001579778827 0.08772471910112364
2 0.20168246445497628 0.34844101123595506 0.07104265402843597 0.07018258426966288
2 0.40149289099526064 0.3028230337078652 0.04045813586097948 0.06667134831460678
2 0.5256319115323855 0.29560393258426965 0.034660347551342896 0.06292134831460676
2 0.4750789889415482 0.2596629213483146 0.028886255924170566 0.05264044943820227
2 0.5140758293838863 0.21792134831460674 0.03321484992101102 0.05650280898876407
2 0.3497867298578199 0.2519522471910112 0.035387045813586065 0.07061797752808985
2 0.26746445497630333 0.2789185393258427 0.06138230647709324 0.06804775280898875
2 0.4317535545023697 0.2147191011235955 0.02744075829383887 0.0500842696629213
2 0.3869826224328594 0.20765449438202246 0.03177725118483414 0.04365168539325841
2 0.6534518167456556 0.20251404494382022 0.04188783570300156 0.048792134831460686
2 0.6697709320695102 0.17030898876404496 0.029036334913112156 0.0319803370786517
2 0.6199210110584519 0.1522752808988764 0.02800947867298581 0.04157303370786516
2 0.5708451816745655 0.11228932584269663 0.014644549763033147 0.020098314606741576
2 0.5195102685624013 0.17369382022471913 0.020821484992101028 0.03907303370786516
2 0.4761374407582938 0.1973455056179775 0.02428909952606635 0.032907303370786525
2 0.4429778830963665 0.17676966292134833 0.02120853080568713 0.032907303370786525