2 0.7294609375000001 0.38762499999999994 0.0695390625 0.08441666666666667
2 0.8414921874999999 0.34479166666666666 0.0727890625 0.06827777777777777
2 0.282234375 0.407625 0.0633671875 0.09672222222222222
2 0.70396875 0.2667361111111111 0.04415625 0.05633333333333334
2 0.348890625 0.30880555555555556 0.040890625 0.0647361111111111
2 0.4020546875 0.3030972222222222 0.036867187499999995 0.05555555555555555
2 0.252265625 0.3572361111111111 0.0552890625 0.06947222222222223
2 0.382765625 0.3903611111111111 0.047367187500000005 0.07581944444444445
2 0.22264843750000002 0.5180833333333333 0.070265625 0.11295833333333333
2 0.6566796874999999 0.16808333333333333 0.0251640625 0.027694444444444445
2 0.592984375 0.18381944444444442 0.020828125 0.03152777777777778
2 0.7182734375 0.2195 0.038304687500000004 0.041416666666666664
2 0.57890625 0.6361111111111111 0.0890625 0.18333333333333332
2 0.409375 0.8458333333333333 0.121875 0.275
2 0.21875 0.8805555555555555 0.175 0.2388888888888889
2 0.08203125 0.8138888888888889 0.1421875 0.2833333333333333
2 0.91015625 0.49444444444444446 0.1484375 0.18333333333333332
2 0.466640625 0.36319444444444443 0.042828125 0.09318055555555556
2 0.5246875 0.27852777777777776 0.0371953125 0.06212499999999999
2 0.473125 0.26199999999999996 0.03325 0.05511111111111111
2 0.432546875 0.23444444444444446 0.0276171875 0.04608333333333333
2 0.386046875 0.22893055555555558 0.039453125 0.05511111111111111
2 0.33532812500000003 0.21440277777777778 0.042828125 0.036069444444444446
2 0.30996875 0.2685138888888889 0.055234375 0.06212499999999999
2 0.5235624999999999 0.21641666666666665 0.0293046875 0.04608333333333333
2 0.48890625 0.19737500000000002 0.025359375 0.030055555555555558
2 0.49031250000000004 0.16581944444444444 0.01803125 0.04108333333333333
2 0.5193359375 0.17233333333333334 0.023109374999999998 0.034069444444444444
2 0.6109140625 0.15079166666666666 0.025921875 0.04108333333333333
2 0.5771015625 0.13375 0.022546875 0.029055555555555557