2 0.622125 0.24186111111111108 0.0352109375 0.04234722222222222
2 0.7384999999999999 0.30752777777777773 0.057796875000000004 0.05552777777777777
2 0.7949843750000001 0.30215277777777777 0.056734375000000004 0.051791666666666666
2 0.3204453125 0.3502222222222222 0.046718749999999996 0.07316666666666667
2 0.5993984375 0.17095833333333335 0.025093749999999998 0.035916666666666666
2 0.80859375 0.5513888888888889 0.1390625 0.18055555555555555
2 0.8859375 0.49027777777777776 0.1 0.1361111111111111
2 0.953125 0.41944444444444445 0.0875 0.11666666666666667
2 0.06953125 0.8555555555555555 0.1296875 0.25555555555555554
2 0.434375 0.6777777777777778 0.1 0.2
2 0.30703125 0.6736111111111112 0.1078125 0.20277777777777778
2 0.54603125 0.47365277777777776 0.0673359375 0.14920833333333333
2 0.4538125 0.4085972222222222 0.052703124999999997 0.09543055555555555
2 0.35475 0.43722222222222223 0.05953125 0.09369444444444444
2 0.214703125 0.5283055555555556 0.0936875 0.11625
2 0.223 0.42680555555555555 0.0712421875 0.08675000000000001
2 0.20885156249999998 0.34873611111111114 0.070265625 0.06940277777777777
2 0.40647656249999997 0.30362500000000003 0.040015625 0.06593055555555555
2 0.5292578125 0.2964861111111111 0.03428125 0.06222222222222222
2 0.47925781250000005 0.2609444444444444 0.0285703125 0.05205555555555555
2 0.5178281250000001 0.21966666666666665 0.0328515625 0.055874999999999994
2 0.3553359375 0.25331944444444443 0.034999999999999996 0.06983333333333333
2 0.2739140625 0.2799861111111111 0.06071093749999999 0.06729166666666667
2 0.43640625 0.2165 0.027140625 0.049527777777777775
2 0.392125 0.2095138888888889 0.0314296875 0.043166666666666666
2 0.6556796874999999 0.20443055555555556 0.0414296875 0.04825
2 0.6718203125 0.17258333333333334 0.028718749999999998 0.031625
2 0.622515625 0.15475 0.027703125000000002 0.04111111111111111
2 0.5739765625000001 0.11520833333333334 0.014484374999999999 0.019875
2 0.523203125 0.17593055555555556 0.02059375 0.03863888888888889
2 0.4803046875 0.19931944444444444 0.0240234375 0.03254166666666666
2 0.44750781249999994 0.17897222222222225 0.0209765625 0.03254166666666666