2 0.730890625 0.32131944444444444 0.054898437499999994 0.048374999999999994
2 0.7154843750000001 0.4374166666666667 0.0779140625 0.0785
2 0.6536796875 0.30856944444444445 0.046578125 0.05770833333333333
1 0.78603125 0.2912638888888889 0.0436328125 0.07440277777777778
2 0.9293359375 0.41001388888888884 0.0920234375 0.07268055555555555
2 0.3727109375 0.39170833333333327 0.052734375 0.09620833333333333
2 0.2609296875 0.47144444444444444 0.06400781250000001 0.10030555555555555
2 0.31448437500000004 0.3576944444444445 0.0504375 0.06848611111111111
2 0.20587499999999997 0.5716111111111111 0.076046875 0.11238888888888889
2 0.659 0.2391111111111111 0.029734375 0.03198611111111111
2 0.46509375000000003 0.3912916666666667 0.0460234375 0.09248611111111112
2 0.327609375 0.5656666666666667 0.07678125 0.12065277777777779
2 0.7155781250000001 0.21530555555555558 0.0246953125 0.025180555555555553
2 0.3729609375 0.2724861111111111 0.029945312499999998 0.048666666666666664
2 0.872734375 0.32733333333333337 0.049335937499999996 0.04738888888888888
2 0.43984375 0.6625 0.0859375 0.18055555555555555
2 0.5875 0.9541666666666667 0.11875 0.09166666666666666
2 0.1046875 0.7694444444444445 0.15 0.2388888888888889
2 0.096875 0.5152777777777777 0.103125 0.13055555555555556
2 0.5309921875 0.3433333333333333 0.050890625 0.09047222222222222
2 0.4730078125 0.3032916666666667 0.045046875 0.06673611111111111
2 0.4016796875 0.3218333333333333 0.055890625000000006 0.07119444444444444
2 0.48051562499999995 0.24544444444444444 0.03003125 0.043013888888888886
2 0.520140625 0.2150416666666667 0.02753125 0.044486111111111115
2 0.597984375 0.21145833333333333 0.028718749999999998 0.04720833333333334
2 0.6264375 0.19508333333333333 0.02709375 0.03179166666666667
2 0.659765625 0.18979166666666666 0.0265546875 0.034680555555555555
2 0.6819843750000001 0.1787083333333333 0.023304687499999997 0.02408333333333333
2 0.5893203125 0.184 0.030890624999999998 0.026972222222222224
2 0.4400234375 0.22543055555555555 0.0314296875 0.034680555555555555
2 0.41997656250000004 0.27793055555555557 0.036851562500000004 0.043347222222222224
2 0.3904375 0.2374722222222222 0.0330546875 0.03756944444444445
2 0.4075078125 0.21243055555555554 0.0249296875 0.0395
2 0.49339843749999995 0.17677777777777778 0.0265546875 0.03372222222222222
2 0.598765625 0.1527916666666667 0.0193125 0.02288888888888889
2 0.64628125 0.14201388888888888 0.0174140625 0.025583333333333336