2 0.2212166666666667 0.3031899109792285 0.058558333333333316 0.05167655786350146
2 0.23764999999999994 0.4272106824925816 0.08310833333333335 0.08385756676557861
2 0.303575 0.28956973293768545 0.04968333333333324 0.06164688427299705
1 0.1623999999999999 0.27108308605341247 0.04654166666666668 0.0794807121661721
2 0.029583333333333333 0.39762611275964393 0.059166666666666666 0.0771513353115727
2 0.603275 0.37838278931750735 0.05625 0.10277448071216615
2 0.7225083333333333 0.4635608308605341 0.06827500000000006 0.10715133531157274
2 0.6653833333333333 0.34204747774480715 0.05379999999999995 0.07316023738872404
2 0.7812333333333333 0.5705637982195846 0.08111666666666678 0.12005934718100884
2 0.2979 0.21537091988130563 0.03171666666666662 0.034169139465875416
2 0.5047333333333333 0.37793768545994066 0.049091666666666735 0.09879821958456977
2 0.6513833333333334 0.564213649851632 0.08189999999999997 0.1288872403560831
2 0.23754999999999996 0.1899406528189911 0.026341666666666583 0.02689910979228486
2 0.6030083333333334 0.25102373887240353 0.0319416666666668 0.05198813056379825
2 0.06991666666666674 0.3096142433234422 0.052625000000000074 0.050623145400593476
2 0.5316666666666666 0.6676557863501483 0.09166666666666666 0.19287833827893175
2 0.37416666666666665 0.9651335311572701 0.12666666666666668 0.06973293768545995
2 0.8891666666666667 0.7818991097922848 0.16 0.2551928783382789
2 0.8975 0.5103857566765578 0.11 0.1394658753709199
2 0.4344416666666667 0.3267062314540059 0.05428333333333342 0.09664688427299702
2 0.49629166666666663 0.2839317507418398 0.048050000000000065 0.07129080118694364
2 0.572375 0.30373887240356084 0.05961666666666664 0.076053412462908
2 0.4882833333333334 0.22213649851632047 0.03203333333333338 0.045949554896142386
2 0.4460166666666667 0.18965875370919882 0.029366666666666673 0.04752225519287838
2 0.3629833333333334 0.18583086053412462 0.030633333333333325 0.05043026706231455
2 0.3326333333333333 0.16833827893175074 0.028900000000000054 0.03396142433234419
2 0.2970833333333333 0.16268545994065284 0.028325000000000006 0.03704747774480712
2 0.2733833333333333 0.15084569732937683 0.024858333333333274 0.025727002967359056
2 0.372225 0.15649851632047476 0.03294999999999997 0.028813056379821983
2 0.531475 0.2007566765578635 0.03352500000000001 0.03704747774480716
2 0.5528583333333333 0.256839762611276 0.039308333333333396 0.046305637982195814
2 0.5843666666666667 0.213620178041543 0.03525833333333329 0.040133531157270044
2 0.5661583333333333 0.1868694362017804 0.026591666666666736 0.04219584569732937
2 0.4745416666666667 0.14878338278931752 0.028325000000000006 0.036023738872403566
2 0.36215 0.12316023738872404 0.02060000000000002 0.02445103857566764
2 0.31146666666666667 0.11164688427299703 0.01857499999999997 0.027329376854599432