2 0.32371475953565504 0.30880530973451326 0.04980928689883909 0.05348082595870205
2 0.22310945273631844 0.3316076696165192 0.062346600331675 0.06206489675516222
2 0.760804311774461 0.4923156342182891 0.08011608623548913 0.11107669616519182
2 0.7212023217247098 0.3973451327433628 0.057048092868988355 0.11191740412979351
2 0.33203150912106133 0.1975368731563422 0.03252902155887232 0.03442477876106191
2 0.07442786069651741 0.489070796460177 0.11232172470978444 0.11029498525073743
2 0.012437810945273632 0.4778761061946903 0.024875621890547265 0.1504424778761062
2 0.4119734660033168 0.6767404129793511 0.08451077943615264 0.19638643067846603
2 0.5469154228855722 0.5894542772861356 0.08723880597014928 0.20123893805309742
2 0.8720066334991707 0.7373451327433628 0.1622056384742951 0.21578171091445422
2 0.537379767827529 0.41852507374631265 0.05724709784411274 0.10182890855457222
2 0.6648258706467661 0.5155014749262536 0.0967744610281924 0.1745722713864307
2 0.45344112769485906 0.37893805309734513 0.05075456053067996 0.08346607669616524
2 0.5214344941956882 0.27502949852507375 0.03926202321724702 0.08346607669616515
2 0.4587064676616916 0.28525073746312685 0.0440547263681593 0.05961651917404132
2 0.46445273631840794 0.22733038348082596 0.04022388059701492 0.06302359882005902
2 0.4721144278606965 0.18815634218289085 0.0210696517412936 0.03917404129793511
2 0.5980431177446103 0.326976401179941 0.04883913764510787 0.08858407079646018
2 0.6669983416252073 0.3252802359882006 0.05075456053067996 0.06814159292035396
2 0.6507213930348259 0.2920648967551623 0.035431177446102836 0.05620943952802362
2 0.6301326699834163 0.2554424778761062 0.03447761194029845 0.06132743362831856
2 0.3056053067993366 0.18446902654867256 0.026592039800994973 0.039115044247787584
2 0.504502487562189 0.1808259587020649 0.026592039800994973 0.042743362831858436
2 0.5996019900497512 0.2040265486725664 0.027611940298507425 0.0473008849557522
2 0.3945522388059702 0.1696165191740413 0.027578772802653393 0.03971976401179942
2 0.3682835820895522 0.14587020648967552 0.02057213930348254 0.037374631268436584
2 0.40571310116086234 0.13380530973451327 0.024519071310116033 0.028805309734513274
0 0.2835737976782753 0.15833333333333333 0.014004975124378193 0.03582595870206488
2 0.6430182421227197 0.1960914454277286 0.045679933665008415 0.052817109144542775