2 0.7534765625000001 0.2705694444444445 0.047734375 0.04686111111111112
2 0.5981875 0.20618055555555553 0.027046874999999998 0.030347222222222223
2 0.765390625 0.35350000000000004 0.069609375 0.06930555555555555
2 0.8617343749999999 0.3056111111111111 0.059859375000000006 0.05658333333333333
2 0.6623281249999999 0.3260138888888889 0.051828125 0.061125
2 0.655765625 0.2165277777777778 0.0353515625 0.04073611111111111
2 0.2972890625 0.40294444444444444 0.0533671875 0.0758888888888889
2 0.4009609375 0.31601388888888887 0.0367421875 0.054375
2 0.37346875 0.40648611111111116 0.047859374999999996 0.08570833333333333
2 0.9583515625000001 0.4656666666666666 0.0833046875 0.10108333333333333
2 0.33803125 0.318625 0.0414453125 0.060888888888888895
2 0.92265625 0.7180555555555556 0.1546875 0.21944444444444444
2 0.4203125 0.8263888888888888 0.121875 0.30277777777777776
2 0.0609375 0.8625 0.115625 0.24166666666666667
2 0.21275 0.5387083333333333 0.09759375 0.1578888888888889
2 0.5445703125 0.5048888888888888 0.0605078125 0.14920833333333333
2 0.143953125 0.4554305555555556 0.1161328125 0.10583333333333333
2 0.463171875 0.36325 0.0514296875 0.08776388888888889
2 0.47242968750000003 0.26756944444444447 0.028796875 0.049972222222222216
2 0.36100781249999997 0.27 0.040453125 0.04754166666666666
2 0.310953125 0.255375 0.05005468749999999 0.042666666666666665
2 0.35415625 0.21393055555555557 0.0336015625 0.04509722222222222
2 0.383296875 0.24440277777777777 0.03428125 0.057291666666666664
2 0.42614843750000003 0.2505 0.0336015625 0.05241666666666667
2 0.51871875 0.2645138888888889 0.029484375 0.06826388888888889
2 0.6733359375 0.1877222222222222 0.030171874999999997 0.03169444444444444
2 0.686703125 0.17370833333333333 0.03634375 0.030472222222222223
2 0.6438515625 0.15968055555555555 0.0246875 0.0195
2 0.5883125 0.17370833333333333 0.0246875 0.030472222222222223
2 0.6671640625 0.1475 0.03565625 0.03169444444444444
2 0.48785937500000004 0.191375 0.0253671875 0.03169444444444444
2 0.440546875 0.21758333333333332 0.029484375 0.030472222222222223