2 0.6559375000000001 0.32134722222222223 0.04692968749999995 0.0503611111111111
2 0.7507265624999999 0.34281944444444445 0.05874218750000004 0.058444444444444424
2 0.24411718750000003 0.49415277777777783 0.075484375 0.1045972222222223
2 0.2814296875 0.4047222222222222 0.053749999999999964 0.10538888888888888
2 0.6481015625000001 0.21656944444444445 0.030648437500000014 0.032416666666666635
2 0.8908125 0.4910972222222222 0.10582812500000002 0.10386111111111107
2 0.9687578125 0.48173611111111114 0.062484375000000016 0.1415555555555555
2 0.57278125 0.6678194444444444 0.07962500000000006 0.18493055555555551
2 0.44564062499999996 0.585625 0.08219531250000003 0.18950000000000009
2 0.13934375000000002 0.7248888888888888 0.152828125 0.20319444444444437
2 0.45462499999999995 0.42466666666666664 0.05393749999999997 0.09588888888888884
2 0.334546875 0.5159861111111111 0.09117968750000002 0.16438888888888892
2 0.5337109375 0.3873888888888889 0.04782031250000003 0.07859722222222226
2 0.46964843749999996 0.28954166666666664 0.036992187499999926 0.0785972222222222
2 0.5287499999999999 0.2991666666666667 0.04150781250000009 0.05613888888888891
2 0.5233359375 0.24462499999999998 0.03789843749999999 0.059347222222222246
2 0.5161171875 0.2077361111111111 0.019851562500000065 0.036888888888888895
2 0.39746875 0.3384583333333333 0.046015625000000074 0.08341666666666675
2 0.3325 0.3368611111111111 0.04782031250000003 0.06416666666666665
2 0.3478359375 0.3055833333333334 0.03338281250000001 0.05293055555555558
2 0.367234375 0.2710972222222222 0.03248437500000003 0.057749999999999975
2 0.673 0.20426388888888888 0.02505468749999995 0.03683333333333331
2 0.48560156250000003 0.20083333333333334 0.02505468749999995 0.04025000000000002
2 0.396 0.22268055555555558 0.026015624999999966 0.04454166666666666
2 0.5891953125 0.19027777777777777 0.025984374999999994 0.037402777777777785
2 0.6139453125000001 0.1679166666666667 0.019382812499999957 0.03519444444444441
2 0.5786796875 0.15655555555555556 0.02310156249999995 0.027125000000000003
0 0.6937578125 0.17965277777777777 0.013195312500000079 0.03373611111111114
2 0.35509375 0.2152083333333333 0.043039062500000023 0.04973611111111111