2 0.6432544861337683 0.301 0.04079119086460032 0.04865217391304347
2 0.8150815660685155 0.33842028985507244 0.05619902120717789 0.05652173913043478
2 0.8466802610114192 0.28349275362318843 0.04879282218597077 0.04468115942028983
2 0.353515497553018 0.4448985507246377 0.06038336052202282 0.11775362318840579
2 0.6785236541598695 0.26021739130434784 0.03591353996737355 0.042391304347826085
2 0.28606035889070147 0.4023623188405797 0.05927406199021204 0.08375362318840575
2 0.25070962479608483 0.48815942028985504 0.07154975530179447 0.1066666666666667
2 0.5954323001631321 0.7246376811594203 0.10277324632952692 0.23768115942028986
2 0.44861337683523655 0.6101449275362318 0.0864600326264274 0.19420289855072465
2 0.20146818923327894 0.9159420289855073 0.1500815660685155 0.1681159420289855
2 0.07504078303425775 0.8028985507246377 0.14845024469820556 0.22028985507246376
2 0.19820554649265906 0.6014492753623188 0.11419249592169657 0.15942028985507245
2 0.4624796084828711 0.42318840579710143 0.05872756933115824 0.11594202898550725
2 0.9139477977161501 0.7391304347826086 0.17210440456769985 0.23768115942028986
2 0.9137030995106036 0.3466231884057971 0.0855383360522022 0.09250724637681157
2 0.3939396411092986 0.3575797101449275 0.04905383360522031 0.08598550724637678
2 0.3425611745513866 0.31813043478260866 0.04309135399673739 0.07773913043478259
2 0.3661011419249592 0.27455072463768115 0.034469820554649255 0.05182608695652172
2 0.3939396411092986 0.2297826086956522 0.035799347471451866 0.03769565217391303
2 0.47382544861337683 0.30340579710144927 0.037789559543229954 0.0694927536231884
2 0.5291761827079935 0.2981014492753623 0.029168026101141917 0.06124637681159419
2 0.5238743882544861 0.23920289855072466 0.027846655791190947 0.04240579710144926
2 0.4496247960848287 0.22094202898550722 0.023866231647634576 0.04594202898550723
2 0.4867536704730832 0.20623188405797102 0.022536704730832063 0.04240579710144926
2 0.47382544861337683 0.25334782608695655 0.035138662316476284 0.03769565217391303
2 0.6047553017944535 0.22036231884057972 0.030497553017944618 0.03769565217391303
2 0.59115823817292 0.18030434782608695 0.017895595432300206 0.03533333333333333
2 0.6335889070146818 0.19444927536231882 0.02320554649265909 0.040043478260869556
2 0.6965660685154975 0.21918840579710147 0.028507340946166432 0.03533333333333333
2 0.7217618270799347 0.2103478260869565 0.02717781402936373 0.04357971014492753
1 0.6687275693311583 0.18266666666666664 0.03247960848287108 0.05653623188405796
2 0.4123164763458401 0.30417391304347824 0.04345840130505707 0.05073913043478259
2 0.41852365415986953 0.2600434782608696 0.036011419249592246 0.02647826086956519