2 0.6975625 0.269125 0.054578125 0.06373611111111112
2 0.727046875 0.42079166666666673 0.06884375000000001 0.07579166666666667
2 0.7619765625 0.2816111111111111 0.045640625000000004 0.05038888888888889
2 0.6255859375 0.18118055555555554 0.026140625 0.030722222222222224
2 0.2993125 0.3895555555555556 0.051515624999999995 0.0784861111111111
2 0.360046875 0.4419027777777778 0.056398437499999995 0.09570833333333333
2 0.615421875 0.22372222222222224 0.031078125 0.03938888888888889
2 0.33392187500000003 0.3210694444444444 0.042148437500000004 0.06038888888888889
2 0.4179921875 0.2924027777777778 0.0342578125 0.05656944444444444
2 0.652296875 0.1679861111111111 0.021984375 0.030097222222222223
2 0.5406718749999999 0.44063888888888886 0.0616484375 0.12329166666666666
2 0.45462499999999995 0.4155277777777778 0.0616484375 0.10045833333333333
2 0.4353671875 0.6837916666666667 0.09503906250000001 0.2260277777777778
2 0.2883203125 0.6872222222222223 0.10402343750000001 0.18722222222222223
2 0.0417421875 0.8858472222222221 0.08347656249999999 0.22830555555555554
2 0.23630468750000003 0.5137083333333333 0.08219531249999999 0.13241666666666668
2 0.9253125000000001 0.3538888888888889 0.0886171875 0.077625
2 0.2337265625 0.35045833333333337 0.0731796875 0.07736111111111112
2 0.310859375 0.269 0.04021875 0.04570833333333333
2 0.374484375 0.2590277777777778 0.0356015625 0.05391666666666667
2 0.47535937500000003 0.2449722222222222 0.0290078125 0.04688888888888888
2 0.5307421875 0.31705555555555553 0.0461484375 0.05977777777777778
2 0.42360156250000003 0.23676388888888888 0.036265625 0.03984722222222222
2 0.48557812499999997 0.19808333333333333 0.023078124999999998 0.028125
2 0.5205234375 0.21625 0.0283515625 0.04336111111111111
2 0.3583984375 0.2135277777777778 0.043328125 0.035083333333333334
2 0.375765625 0.17654166666666665 0.03603125 0.026694444444444444
2 0.44504687499999995 0.20208333333333334 0.0278828125 0.035083333333333334
2 0.524828125 0.1731111111111111 0.022734375 0.028972222222222222
2 0.493734375 0.1654861111111111 0.0214453125 0.033555555555555554
2 0.7209453124999999 0.19420833333333334 0.0348828125 0.03698611111111111
2 0.701359375 0.21733333333333332 0.038554687500000004 0.042972222222222224
2 0.585234375 0.1667361111111111 0.019890625000000002 0.029916666666666664
2 0.6781015625 0.15504166666666666 0.0269296875 0.02284722222222222
2 0.6037421875 0.13872222222222222 0.0171328125 0.03155555555555555
2 0.632203125 0.14252777777777778 0.0171328125 0.023930555555555556
2 0.6479609375 0.131375 0.0180546875 0.02338888888888889