2 0.8622641509433963 0.349954128440367 0.07387650085763282 0.06918960244648319
2 0.8379331046312178 0.2671100917431193 0.05778730703259014 0.05896024464831805
2 0.6794511149228131 0.3261467889908257 0.05462264150943401 0.06025993883792044
2 0.7839708404802744 0.5258409785932722 0.1086792452830189 0.12016819571865449
2 0.6423499142367067 0.22759938837920488 0.033344768439108156 0.04680428134556577
2 0.3346483704974271 0.4904281345565749 0.07149228130360206 0.13192660550458712
2 0.30555746140651796 0.3592354740061162 0.05366209262435682 0.07995412844036692
2 0.23897941680960547 0.4578134556574924 0.07830188679245279 0.13061162079510696
2 0.7421526586620927 0.22293577981651377 0.03843053173241848 0.05030581039755348
2 0.45398799313893656 0.42581039755351685 0.05703259005145798 0.1095412844036697
2 0.5385849056603773 0.37631498470948016 0.051106346483704906 0.08743119266055038
2 0.5661063464837051 0.5782415902140673 0.08458833619210968 0.1508103975535168
2 0.9584048027444254 0.5726299694189603 0.08319039451114923 0.16055045871559634
2 0.4152487135506003 0.760474006116208 0.12969982847341338 0.22873088685015278
2 0.16571183533447684 0.6272477064220184 0.1156089193825043 0.17845565749235479
2 0.5241852487135507 0.2789449541284404 0.03758147512864488 0.06700305810397553
2 0.4758233276157804 0.24607033639143733 0.03827615780445978 0.06079510703363913
2 0.4845197255574614 0.19333333333333333 0.02505145797598631 0.034740061162079554
2 0.4925214408233276 0.15301223241590214 0.021578044596912593 0.035978593272171254
2 0.4190994854202401 0.25350152905198775 0.04453687821612355 0.050871559633027495
2 0.3933533447684391 0.3112079510703364 0.05706689536878213 0.062033639143730876
2 0.33663807890222985 0.2932110091743119 0.03548885077186963 0.048394495412844005
2 0.3495111492281303 0.2696330275229358 0.029228130360205867 0.055840978593272146
2 0.37630360205831903 0.22807339449541283 0.03688679245283018 0.039709480122324115
2 0.2771355060034305 0.2764678899082569 0.06124356775300169 0.06948012232415902
2 0.6341423670668953 0.16541284403669726 0.032015437392795824 0.03847094801223241
2 0.6665008576329331 0.2051223241590214 0.03548885077186973 0.048394495412844005
2 0.5885591766723842 0.14680428134556575 0.022967409948542 0.03102446483180427
3 0.6779845626072041 0.15051987767584096 0.04314751286449395 0.06824159021406727
2 0.7809862778730703 0.20015290519877676 0.040360205831903896 0.06079510703363913