2 0.6356484375 0.2940138888888889 0.039070312499999996 0.046625
2 0.8002265625 0.329875 0.053828125000000004 0.05416666666666667
2 0.8304921875 0.2772361111111111 0.046734375 0.042819444444444445
2 0.3581328125 0.43191666666666667 0.057835937500000004 0.11284722222222222
2 0.6694296875 0.25493055555555555 0.034398437500000004 0.040625
2 0.2935234375 0.3911527777777778 0.0567734375 0.08026388888888888
2 0.2596640625 0.473375 0.06853125 0.10222222222222221
2 0.58984375 0.7 0.0984375 0.22777777777777777
2 0.44921875 0.5902777777777778 0.0828125 0.18611111111111112
2 0.2125 0.8972222222222223 0.14375 0.18888888888888888
2 0.09140625 0.775 0.1421875 0.2111111111111111
2 0.209375 0.5819444444444445 0.109375 0.1527777777777778
2 0.4625 0.4111111111111111 0.05625 0.1111111111111111
2 0.89765625 0.7138888888888889 0.1703125 0.22777777777777777
2 0.8946875000000001 0.33773611111111107 0.0819296875 0.08865277777777777
2 0.39685156250000003 0.3482361111111111 0.046984375 0.08240277777777777
2 0.34764062500000004 0.31043055555555554 0.041273437499999996 0.0745
2 0.3701875 0.26866666666666666 0.033015625 0.049666666666666665
2 0.39685156250000003 0.2257638888888889 0.0342890625 0.036125000000000004
2 0.47336718749999995 0.2963194444444444 0.0361953125 0.06659722222222222
2 0.5263828125 0.2912361111111111 0.027937499999999997 0.058694444444444445
2 0.5213046875 0.23479166666666668 0.026671875 0.04063888888888889
2 0.4501875 0.21729166666666666 0.022859375 0.04402777777777778
2 0.48575 0.20319444444444446 0.0215859375 0.04063888888888889
2 0.47336718749999995 0.24834722222222222 0.03365625 0.036125000000000004
2 0.5987734375 0.21673611111111113 0.0292109375 0.036125000000000004
2 0.58575 0.1783472222222222 0.017140625 0.03386111111111111
2 0.626390625 0.19190277777777776 0.022226562499999998 0.038375
2 0.6867109375 0.21561111111111111 0.0273046875 0.03386111111111111
2 0.71084375 0.20713888888888887 0.02603125 0.04176388888888889
1 0.660046875 0.1806111111111111 0.031109375 0.05418055555555555
2 0.414453125 0.2970555555555556 0.041625 0.048624999999999995
2 0.4203984375 0.2547638888888889 0.0344921875 0.025374999999999998