2 0.622625 0.2558333333333333 0.0357890625 0.04840277777777778
2 0.6788125 0.36083333333333334 0.052890625000000004 0.05698611111111111
2 0.6919531250000001 0.27022222222222225 0.0381484375 0.04598611111111111
2 0.8049140625 0.34194444444444444 0.053609375 0.048916666666666664
2 0.3300390625 0.34502777777777777 0.0414765625 0.06844444444444445
2 0.38575781249999996 0.3679166666666666 0.0474765625 0.08762500000000001
2 0.7797109375 0.25893055555555555 0.0458984375 0.04159722222222222
2 0.3754140625 0.25806944444444446 0.030515625 0.043125000000000004
2 0.46164062499999997 0.38861111111111113 0.0450078125 0.07933333333333333
2 0.675421875 0.20440277777777777 0.02525 0.02640277777777778
2 0.974609375 0.3847083333333333 0.05078125 0.06540277777777778
2 0.7148984375 0.2041527777777778 0.031796875 0.03259722222222222
2 0.439421875 0.5995555555555556 0.080140625 0.18283333333333332
2 0.5489453125 0.48556944444444444 0.0614375 0.11159722222222221
2 0.3125390625 0.6019305555555555 0.1121953125 0.18758333333333332
2 0.055429687500000005 0.8821111111111111 0.11085937500000001 0.22556944444444443
2 0.19834374999999999 0.5983611111111111 0.11353125 0.17095833333333335
2 0.264453125 0.4630138888888889 0.069453125 0.09497222222222222
2 0.29317187499999997 0.3989027777777778 0.06544531249999999 0.07598611111111112
2 0.9238984374999999 0.5681111111111111 0.140578125 0.13655555555555554
2 0.5298828125 0.32831944444444444 0.03975 0.07609722222222222
2 0.46628125000000004 0.30983333333333335 0.036078125 0.05652777777777778
2 0.5158203125 0.2560277777777778 0.026296874999999997 0.04674999999999999
2 0.476375 0.23047222222222222 0.025687500000000002 0.050013888888888886
2 0.41125 0.30494444444444446 0.034859375 0.048916666666666664
2 0.41858593749999995 0.2690694444444444 0.034859375 0.04022222222222222
2 0.43112500000000004 0.251125 0.0244609375 0.03695833333333333
2 0.4078828125 0.212 0.0195703125 0.03695833333333333
2 0.3873984375 0.18209722222222224 0.027515625 0.03370833333333333
2 0.45894531250000004 0.18970833333333334 0.025070312500000004 0.027180555555555555
2 0.4931875 0.17340277777777777 0.021406249999999998 0.03152777777777778
2 0.5800234375 0.17666666666666667 0.022625 0.03152777777777778
2 0.6078515624999999 0.166875 0.0293515625 0.022833333333333334
2 0.692546875 0.17883333333333332 0.026296874999999997 0.03152777777777778