2 0.6559375000000001 0.32134722222222223 0.0469296875 0.050361111111111106
2 0.7507265624999999 0.34281944444444445 0.0587421875 0.058444444444444445
2 0.24411718750000003 0.49415277777777783 0.075484375 0.10459722222222223
2 0.2814296875 0.4047222222222222 0.05375 0.10538888888888888
2 0.6481015625000001 0.21656944444444445 0.030648437499999997 0.03241666666666666
2 0.8908125 0.4910972222222222 0.10582812500000001 0.10386111111111111
2 0.9687578125 0.48173611111111114 0.062484375 0.14155555555555555
2 0.57278125 0.6678194444444444 0.079625 0.18493055555555557
2 0.44564062499999996 0.585625 0.08219531249999999 0.1895
2 0.13934375000000002 0.7248888888888888 0.152828125 0.20319444444444446
2 0.45462499999999995 0.42466666666666664 0.053937500000000006 0.0958888888888889
2 0.334546875 0.5159861111111111 0.0911796875 0.1643888888888889
2 0.5337109375 0.3873888888888889 0.0478203125 0.07859722222222222
2 0.46964843749999996 0.28954166666666664 0.0369921875 0.07859722222222222
2 0.5287499999999999 0.2991666666666667 0.041507812500000005 0.05613888888888889
2 0.5233359375 0.24462499999999998 0.0378984375 0.05934722222222222
2 0.5161171875 0.2077361111111111 0.0198515625 0.03688888888888889
2 0.39746875 0.3384583333333333 0.046015625 0.08341666666666667
2 0.3325 0.3368611111111111 0.0478203125 0.06416666666666668
2 0.3478359375 0.3055833333333334 0.0333828125 0.05293055555555556
2 0.367234375 0.2710972222222222 0.032484374999999996 0.057749999999999996
2 0.673 0.20426388888888888 0.0250546875 0.036833333333333336
2 0.48560156250000003 0.20083333333333334 0.0250546875 0.04025
2 0.396 0.22268055555555558 0.026015624999999997 0.04454166666666667
2 0.5891953125 0.19027777777777777 0.025984374999999997 0.03740277777777778
2 0.6139453125000001 0.1679166666666667 0.0193828125 0.035194444444444445
2 0.5786796875 0.15655555555555556 0.0231015625 0.027125000000000003
0 0.6937578125 0.17965277777777777 0.0131953125 0.03373611111111111
2 0.35509375 0.2152083333333333 0.0430390625 0.04973611111111111