2 0.9084119496855346 0.8058659217877095 0.1831761006289308 0.2430167597765363
1 0.7565513626834381 0.5471756672873992 0.09433962264150944 0.11018001241464932
2 0.8242487770789657 0.48510242085661087 0.10045422781271841 0.13500931098696473
3 0.9190251572327044 0.378026070763501 0.1327742837176798 0.14742396027312227
2 0.6214622641509434 0.9462290502793296 0.10770440251572327 0.10754189944134078
2 0.2670362445697983 0.8185941369578991 0.13210789081242302 0.22029603179174093
2 0.3817188614407054 0.6393336404999137 0.07780587434351284 0.15262339457467025
2 0.08518787292372201 0.8487680848016044 0.16227221415900664 0.2650050136083657
2 0.05091920657958399 0.6974645466265579 0.10179809708111597 0.17368571837845598
2 0.22377439122722145 0.5864489328176479 0.09071117561683598 0.15936112304827402
2 0.5377358490566038 0.4284338277788481 0.04676317501626554 0.0770564438451166
2 0.46081381479071787 0.45552398381814685 0.05015181088700929 0.10956463109227507
2 0.40185155063977446 0.40254767867462926 0.04201908479722393 0.058996339818917436
2 0.32018542615484713 0.4085677133500289 0.056251355454348305 0.0758524369100367
2 0.3567826935588809 0.3658254671546908 0.03591954022988509 0.06020034675399734
2 0.6807362828019953 0.4175977653631285 0.06845044458902626 0.09872856867655548
2 0.7637578616352201 0.35438740127143137 0.05015181088700929 0.06622038142939708
2 0.8020494469746259 0.33632729724523214 0.04269681197137268 0.05658832594875747
2 0.6369680851063829 0.34613098775704265 0.04725344573799004 0.056460240104599935
2 0.6957212632142379 0.33721621300368476 0.038471831928275156 0.05051705693569467
2 0.6570403452428742 0.2963568287174611 0.03387193898032914 0.03863069059788423
2 0.6003780275659039 0.2807559728990848 0.03261742272179839 0.03863069059788423
2 0.47158102502341753 0.3375876619517414 0.03763548775592138 0.06314632116961841
2 0.42370032115616213 0.34093070248425056 0.03470828315268309 0.05794603589682627
3 0.3906647263481868 0.2937566860810651 0.032199250635621596 0.06760370854629741
2 0.435200053526027 0.29969986924997033 0.0267630135153218 0.03937358849399736
0 0.4957212083719971 0.30334737613334556 0.014176719249407208 0.04075464786152582
2 0.4704608722548716 0.29510486308269984 0.025002577585318115 0.03709130872790549
2 0.686883893126366 0.239797535560046 0.024532762389045015 0.033678037957129835
2 0.6612360051741826 0.25465549348230915 0.0267630135153218 0.03764016006973337
2 0.620255140728846 0.24499782083283808 0.0267630135153218 0.03813542533380876
2 0.5891710156563629 0.2504457387376679 0.02369641821669124 0.03615436427750703
2 0.6615147865649672 0.22444431237370735 0.0195146973549222 0.020801141091168453
3 0.5237116133342549 0.3052008512902368 0.04089202202409751 0.11510835533181894