2 0.6748717948717949 0.298371335504886 0.0419505494505494 0.05675895765472316
2 0.7407326007326007 0.4214983713355049 0.06199633699633704 0.06682410423452764
2 0.7561355311355312 0.3152442996742671 0.04471611721611715 0.053925081433224775
2 0.888543956043956 0.3993485342019544 0.06283882783882774 0.057361563517915354
2 0.3319139194139194 0.40296416938110746 0.048617216117216144 0.08026058631921829
2 0.3972252747252747 0.4298045602605863 0.055650183150183136 0.10275244299674273
2 0.8590018315018315 0.30200325732899025 0.053800366300366304 0.048778501628664477
2 0.3851007326007326 0.30099348534201953 0.03576923076923072 0.05057003257328992
2 0.48617216117216117 0.45407166123778503 0.05275641025641017 0.09302931596091206
2 0.7367582417582417 0.2380618892508143 0.02959706959706954 0.030960912052117248
2 0.7830311355311356 0.23776872964169382 0.03727106227106231 0.038224755700325776
2 0.4601282051282052 0.7014332247557004 0.09393772893772886 0.2143973941368078
2 0.588507326007326 0.5677687296416938 0.07201465201465211 0.13086319218241046
2 0.3114010989010989 0.7042182410423452 0.131510989010989 0.21996742671009764
2 0.03708791208791209 0.9495114006514658 0.07417582417582418 0.10097719869706841
2 0.17754578754578754 0.7000325732899023 0.133076923076923 0.20047231270358312
2 0.25503663003663 0.5413192182410423 0.08141025641025638 0.11136807817589575
2 0.2886996336996337 0.4661400651465798 0.07671245421245419 0.08910423452768736
2 0.9725274725274725 0.6636807817589576 0.054945054945054944 0.16123778501628663
2 0.5661630036630036 0.38337133550488595 0.046593406593406696 0.08923452768729635
2 0.4916117216117216 0.3616938110749186 0.042289377289377345 0.06628664495114005
2 0.5496794871794872 0.29859934853420195 0.0308241758241759 0.0548208469055375
2 0.5034432234432235 0.2686319218241042 0.03010989010989021 0.05864820846905536
2 0.4271062271062271 0.3559609120521173 0.040860805860805864 0.057361563517915354
2 0.4357051282051282 0.3138925081433225 0.040860805860805864 0.047166123778501594
2 0.45040293040293045 0.2928501628664495 0.028672161172161124 0.043338762214983735
2 0.4231593406593407 0.24697068403908792 0.022939560439560396 0.043338762214983735
2 0.39914835164835166 0.21190553745928342 0.03225274725274728 0.03952768729641691
2 0.4830128205128206 0.22083061889250816 0.029386446886446812 0.031872964169381096
2 0.5231501831501831 0.2017100977198697 0.025091575091575176 0.03697068403908793
2 0.6249358974358974 0.20553745928338765 0.026520146520146552 0.03697068403908793
2 0.657554945054945 0.1940553745928339 0.03440476190476185 0.026775244299674265
2 0.7568315018315018 0.20807817589576547 0.0308241758241759 0.03697068403908793