2 0.7408951612903226 0.3769197707736389 0.07178225806451612 0.0870773638968481
2 0.856540322580645 0.3327363896848137 0.07513709677419361 0.07042979942693404
2 0.27924193548387094 0.39755014326647564 0.06541129032258065 0.09977077363896847
2 0.7145806451612904 0.25222063037249287 0.04558064516129031 0.05810888252148998
2 0.34804838709677416 0.29561604584527224 0.042209677419354864 0.06677650429799428
2 0.4029274193548387 0.28972779369627505 0.03805645161290327 0.05730659025787966
2 0.2483064516129032 0.34557306590257875 0.057072580645161276 0.07166189111747849
2 0.38301612903225807 0.37974212034383953 0.04889516129032258 0.07820916905444131
2 0.21773387096774194 0.5114899713467048 0.07253225806451617 0.11651862464183387
2 0.6657661290322581 0.15045845272206304 0.02597580645161293 0.028567335243553007
2 0.6000161290322581 0.16669054441260744 0.021500000000000068 0.03252148997134669
2 0.7293467741935484 0.20349570200573064 0.03954032258064514 0.04272206303724927
2 0.5854838709677419 0.6332378223495702 0.09193548387096774 0.18911174785100288
2 0.4104838709677419 0.8495702005730659 0.12580645161290321 0.2836676217765043
2 0.21370967741935484 0.8810888252148997 0.18064516129032257 0.23782234957020057
2 0.07298387096774193 0.8166189111747851 0.14596774193548387 0.2922636103151863
2 0.9254032258064516 0.4871060171919771 0.14919354838709678 0.18911174785100288
2 0.46959677419354834 0.3517191977077364 0.04420967741935479 0.09611747851002869
2 0.5295161290322581 0.26438395415472776 0.0383951612903225 0.06408309455587395
2 0.4762903225806452 0.24733524355300857 0.03432258064516125 0.05684813753581663
2 0.4344032258064516 0.2189111747851003 0.02850806451612896 0.04753581661891119
2 0.3864032258064516 0.21322349570200574 0.0407258064516129 0.05684813753581663
2 0.3340483870967742 0.19823782234957021 0.04420967741935488 0.037206303724928405
2 0.30787096774193545 0.254054441260745 0.057016129032258105 0.06408309455587395
2 0.5283548387096774 0.20031518624641834 0.030249999999999992 0.04753581661891119
2 0.4925806451612903 0.1806733524355301 0.02617741935483874 0.031002865329512873
2 0.49403225806451617 0.14812320916905444 0.018612903225806395 0.04237822349570202
2 0.523991935483871 0.15484240687679082 0.023854838709677362 0.035143266475644704
2 0.6185241935483872 0.132621776504298 0.026758064516129082 0.042378223495701986
2 0.5836209677419355 0.1150429799426934 0.023274193548387015 0.029971346704871043