2 0.3002209944751381 0.18393442622950817 0.0421823204419889 0.05713114754098365
2 0.2339963167587477 0.3078688524590164 0.06233885819521183 0.06726229508196717
2 0.21850828729281763 0.20091803278688525 0.04496316758747691 0.05427868852459019
2 0.08536832412523024 0.28557377049180327 0.06318600368324115 0.05773770491803283
2 0.645073664825046 0.28921311475409833 0.04888581952117877 0.08078688524590169
2 0.5794014732965009 0.3162295081967213 0.05595764272559851 0.10342622950819677
2 0.11507366482504607 0.18759016393442624 0.054097605893186004 0.04909836065573769
2 0.5915930018416207 0.1865737704918033 0.03596685082872923 0.05090163934426231
2 0.489963167587477 0.340655737704918 0.05304788213627983 0.09363934426229509
2 0.23799263351749542 0.1232295081967213 0.02976058931860031 0.031163934426229493
2 0.19146408839779 0.12293442622950822 0.03747697974217316 0.03847540983606557
2 0.5161510128913444 0.5896393442622951 0.09445672191528538 0.21580327868852456
2 0.38706261510128914 0.4550983606557377 0.07241252302025791 0.13172131147540989
2 0.6656998158379375 0.5924426229508196 0.1322375690607736 0.22140983606557368
2 0.9521178637200737 0.8942622950819672 0.09576427255985268 0.21147540983606558
2 0.8002946593001842 0.5882295081967213 0.13381215469613253 0.2017868852459017
2 0.7223756906077348 0.4284754098360656 0.08186003683241261 0.1120983606557377
2 0.6885267034990792 0.35280327868852457 0.07713627992633516 0.0896885245901639
2 0.4095303867403315 0.2694918032786885 0.04685082872928187 0.08981967213114757
2 0.48449355432780844 0.247672131147541 0.04252302025782695 0.06672131147540981
2 0.4261049723756906 0.18416393442622953 0.030994475138121622 0.0551803278688525
2 0.47259668508287295 0.154 0.030276243093922753 0.05903278688524589
2 0.5493554327808472 0.2419016393442623 0.0410865561694292 0.05773770491803283
2 0.5407090239410681 0.1995573770491803 0.041086556169428995 0.04747540983606554
2 0.5259300184162062 0.17837704918032787 0.028830570902394055 0.04362295081967215
2 0.5533241252302026 0.1321967213114754 0.023066298342541394 0.04362295081967215
2 0.5774677716390424 0.09690163934426231 0.032430939226519365 0.039786885245901654
2 0.49313996316758746 0.10588524590163935 0.029548802946592928 0.032081967213114744
2 0.45278084714548805 0.08663934426229507 0.02523020257826896 0.037213114754098345
2 0.3504327808471455 0.09049180327868853 0.0266666666666667 0.037213114754098345
2 0.317633517495396 0.0789344262295082 0.03459484346224672 0.026950819672131143
2 0.21780847145488025 0.09304918032786884 0.030994475138121622 0.037213114754098345