2 0.9078125 0.8034121294873984 0.1828125 0.24262672811059904
1 0.7565104166666666 0.5455246913580247 0.09375 0.10956790123456786
2 0.8237847222222221 0.48379629629629634 0.09982638888888892 0.13425925925925927
3 0.91796875 0.3773148148148148 0.13194444444444448 0.14660493827160495
2 0.6226604379873295 0.9441358024691359 0.10751705653021455 0.10895061728395047
2 0.27005476804123707 0.8154352806414663 0.13128221649484537 0.21907216494845355
2 0.384020618556701 0.6371706758304697 0.07731958762886593 0.15177548682703326
2 0.08934294871794876 0.8454415954415955 0.16125801282051283 0.2635327635327635
2 0.055288461538461585 0.6949786324786326 0.10116185897435899 0.17272079772079788
2 0.22706330128205132 0.5845797720797721 0.09014423076923077 0.15847578347578353
2 0.5390625 0.42744252873563227 0.04647090517241379 0.07662835249042144
2 0.4626212284482759 0.454382183908046 0.04983836206896548 0.108955938697318
2 0.4040274784482759 0.40170019157088127 0.041756465517241326 0.05866858237547892
2 0.32287176724137934 0.4076867816091954 0.05589978448275863 0.07543103448275865
2 0.35924030172413796 0.36518199233716475 0.03569504310344831 0.05986590038314172
2 0.6811691810344829 0.4166666666666667 0.06802262931034483 0.09818007662835247
2 0.763671875 0.35380747126436785 0.04983836206896557 0.065852490421456
2 0.8017241379310345 0.3358477011494253 0.04242995689655169 0.05627394636015326
2 0.6376745345744681 0.345596926713948 0.0469581117021276 0.05614657210401883
2 0.6960605053191489 0.33673167848699764 0.03823138297872344 0.05023640661938526
2 0.6576213430851063 0.2960992907801419 0.03366023936170208 0.03841607565011821
2 0.601313164893617 0.2805851063829788 0.03241356382978724 0.03841607565011821
2 0.47332114361702116 0.3371010638297873 0.03740026595744679 0.06279550827423164
2 0.4257396941489361 0.3404255319148936 0.03449135638297873 0.057624113475177235
3 0.3929105718085106 0.2935135933806147 0.03199800531914891 0.06722813238770686
2 0.4371675531914893 0.29942375886524825 0.02659574468085104 0.03915484633569737
0 0.4973104508196721 0.30305100182149364 0.014088114754098324 0.04052823315118397
2 0.47220799180327866 0.29485428051001816 0.024846311475409878 0.03688524590163935
2 0.6872783687943262 0.23985421591804573 0.024379432624113483 0.033490937746256895
2 0.661790780141844 0.25462962962962965 0.02659574468085104 0.03743104806934596
2 0.6210660460992907 0.24502561071710008 0.02659574468085104 0.037923561859732044
2 0.5901761968085106 0.2504432624113475 0.023548315602836833 0.03595350669818755
2 0.6620678191489362 0.22458628841607567 0.019392730496453937 0.020685579196217517
3 0.5251259157509158 0.3048941798941799 0.040636446886446895 0.11446886446886444