2 0.15841269841269834 0.3345621468926554 0.06836507936507935 0.06391242937853107
2 0.18092857142857144 0.2580367231638418 0.053476190476190566 0.054463276836158196
2 0.3275873015873016 0.31257062146892656 0.05054761904761909 0.05566384180790956
2 0.23086507936507936 0.4970338983050847 0.10057142857142859 0.11100282485875711
2 0.3619206349206349 0.22153954802259887 0.030857142857142944 0.04323446327683618
2 0.6466666666666666 0.4643220338983051 0.06615873015873026 0.12186440677966098
2 0.6735873015873016 0.343135593220339 0.04965873015873029 0.07385593220338978
2 0.7351984126984127 0.4341949152542373 0.07246031746031742 0.12064971751412423
2 0.26956349206349206 0.2172316384180791 0.03556349206349202 0.04646892655367228
2 0.5362301587301587 0.40463276836158196 0.05277777777777778 0.10118644067796609
2 0.45794444444444443 0.3589124293785311 0.04729365079365073 0.08076271186440671
2 0.43247619047619046 0.5454378531073446 0.07827777777777768 0.13930790960451978
2 0.05396825396825397 0.5402542372881356 0.10793650793650794 0.1483050847457627
2 0.5720793650793651 0.713771186440678 0.12002380952380953 0.21128531073446316
2 0.8029999999999999 0.5907062146892655 0.10698412698412713 0.16484463276836164
2 0.4712698412698412 0.2689689265536723 0.03477777777777773 0.06189265536723163
2 0.5160238095238096 0.23860169491525424 0.035420634920635005 0.056158192090395465
2 0.5079761904761905 0.1898870056497175 0.02318253968253971 0.032090395480226026
2 0.5005714285714286 0.1526412429378531 0.019968253968254034 0.03323446327683616
2 0.568515873015873 0.24546610169491526 0.041214285714285766 0.04699152542372879
2 0.5923412698412699 0.29877118644067796 0.05280952380952378 0.05730225988700564
2 0.6448253968253969 0.28214689265536724 0.03284126984126993 0.04470338983050844
2 0.6329126984126985 0.2603672316384181 0.02704761904761899 0.051581920903954775
2 0.6081190476190477 0.2219774011299435 0.03413492063492063 0.03668079096045194
2 0.6998888888888889 0.266680790960452 0.05667460317460324 0.06418079096045197
2 0.369515873015873 0.16409604519774013 0.029626984126984068 0.03553672316384184
2 0.3395714285714286 0.20077683615819208 0.03284126984126993 0.04470338983050844
2 0.41169841269841273 0.14690677966101695 0.021253968253968233 0.028658192090395468
3 0.3289444444444445 0.15033898305084745 0.03992857142857138 0.0630367231638418
2 0.23362698412698413 0.19618644067796612 0.037349206349206306 0.056158192090395465