2 0.7196636363636364 0.23088996763754044 0.04546363636363635 0.05432038834951455
2 0.9111727272727272 0.27266990291262133 0.06263636363636371 0.06310679611650485
2 0.9463909090909091 0.21134304207119745 0.05438181818181833 0.04988673139158573
2 0.39673636363636366 0.39155339805825246 0.06729999999999997 0.13147249190938512
2 0.7589727272727272 0.18535598705501619 0.0400272727272727 0.04733009708737864
2 0.3215545454545454 0.3440614886731391 0.06606363636363632 0.09351132686084146
2 0.28215454545454544 0.43985436893203883 0.07974545454545456 0.11909385113268613
2 0.6663636363636364 0.7038834951456311 0.11454545454545455 0.26537216828478966
2 0.5027272727272727 0.5760517799352751 0.09636363636363636 0.2168284789644013
2 0.22727272727272727 0.9118122977346278 0.16727272727272727 0.17637540453074432
2 0.08636363636363636 0.7912621359223301 0.16545454545454547 0.2459546925566343
2 0.22363636363636363 0.5663430420711975 0.12727272727272726 0.1779935275080906
2 0.5181818181818182 0.3673139158576052 0.06545454545454546 0.12944983818770225
2 0.9627272727272728 0.7200647249190939 0.07454545454545454 0.26537216828478966
2 0.9863636363636363 0.2815533980582524 0.02727272727272727 0.10355987055016182
2 0.4417909090909091 0.29406148867313914 0.054672727272727366 0.09600323624595467
2 0.3845272727272727 0.2500161812297734 0.048027272727272766 0.08679611650485435
2 0.41076363636363633 0.20135922330097086 0.03841818181818181 0.0578640776699029
2 0.4417909090909091 0.15137540453074436 0.03989999999999999 0.04208737864077668
2 0.5308272727272727 0.23357605177993526 0.04211818181818175 0.07758899676375403
2 0.5925181818181818 0.2276537216828479 0.032509090909090904 0.0683818770226537
2 0.5866090909090909 0.16189320388349515 0.031036363636363726 0.04734627831715209
2 0.5038545454545454 0.141504854368932 0.02659999999999999 0.051294498381877
2 0.5452363636363636 0.12508090614886733 0.025118181818181918 0.04734627831715209
2 0.5308272727272727 0.1776860841423948 0.039163636363636296 0.04208737864077668
2 0.6767545454545454 0.14085760517799353 0.03399090909090918 0.04208737864077668
2 0.6616 0.09613268608414238 0.019945454545454596 0.03944983818770226
2 0.708890909090909 0.11192556634304206 0.025863636363636405 0.04470873786407766
2 0.7790818181818182 0.13954692556634304 0.031772727272727314 0.03944983818770226
2 0.8071636363636363 0.12967637540453072 0.03029090909090903 0.04865695792880258
1 0.7480545454545454 0.09877022653721682 0.03619999999999994 0.06312297734627831
2 0.4622727272727273 0.23443365695792878 0.04843636363636361 0.05665048543689319
2 0.4691909090909091 0.18516181229773465 0.04013636363636372 0.029563106796116522