2 0.7539473684210527 0.26109375 0.04872408293460918 0.04792613636363638
2 0.595438596491228 0.19524147727272725 0.027607655502392258 0.03103693181818185
2 0.7661084529505583 0.34590909090909094 0.0710526315789473 0.07088068181818179
2 0.8644497607655502 0.2969318181818182 0.06110047846889943 0.057869318181818195
2 0.6609090909090909 0.31779829545454547 0.05290271132376389 0.06251420454545453
2 0.6542105263157895 0.20582386363636365 0.036084529505582136 0.04166193181818179
2 0.28830143540669856 0.39647727272727273 0.05447368421052627 0.07761363636363634
2 0.3941228070175439 0.3075710227272727 0.037503987240829324 0.05561079545454542
2 0.3660606060606061 0.40009943181818186 0.04885167464114832 0.08765625000000005
2 0.960127591706539 0.45951704545454547 0.07974481658692185 0.10369318181818182
2 0.32988835725677834 0.3102414772727273 0.042304625199362005 0.06227272727272724
2 0.9238437001594896 0.71875 0.15231259968102073 0.22443181818181818
2 0.4138755980861244 0.8295454545454546 0.12440191387559808 0.3096590909090909
2 0.05303030303030303 0.8664772727272727 0.10606060606060606 0.2471590909090909
2 0.20200956937799042 0.5353267045454545 0.09961722488038274 0.16147727272727283
2 0.5407097288676236 0.5007386363636364 0.06176236044657101 0.15259943181818192
2 0.13178628389154703 0.45015625000000004 0.11854066985645931 0.10823863636363643
2 0.45762360446570977 0.35588068181818183 0.052496012759170596 0.08975852272727264
2 0.46707336523126 0.2580255681818182 0.029393939393939313 0.051107954545454574
2 0.353341307814992 0.2605113636363636 0.04129186602870811 0.04862215909090912
2 0.30224880382775116 0.2455539772727273 0.05109250398724078 0.043636363636363674
2 0.34634768740031896 0.20316761363636363 0.03429824561403508 0.04612215909090905
2 0.3760925039872408 0.23433238636363637 0.0349920255183413 0.05859375
2 0.4198325358851675 0.24056818181818185 0.03429824561403508 0.053607954545454556
2 0.5143221690590112 0.25490056818181817 0.030095693779904314 0.06981534090909088
2 0.6721451355661882 0.17636363636363636 0.030797448165869133 0.032414772727272716
2 0.6857894736842105 0.16203125 0.03709728867623603 0.031164772727272725
2 0.6420494417862839 0.14768465909090908 0.025199362041467232 0.019943181818181808
2 0.5853588516746411 0.16203125 0.025199362041467232 0.031164772727272725
2 0.6658452950558214 0.13522727272727272 0.03639553429027121 0.032414772727272716
2 0.48282296650717704 0.1800994318181818 0.025893141945773548 0.032414772727272716
2 0.43452950558213715 0.2069034090909091 0.030095693779904314 0.031164772727272725