2 0.7672583333333334 0.3606676557863501 0.07417499999999999 0.09017804154302667
2 0.8867583333333332 0.31491097922848665 0.07764166666666673 0.0729376854599406
2 0.2902166666666667 0.3820326409495549 0.06759166666666667 0.1033234421364985
2 0.7400666666666667 0.23152818991097923 0.04709999999999998 0.06017804154302671
2 0.3613166666666667 0.27646884272997035 0.04361666666666669 0.06915430267062317
2 0.418025 0.2703709198813056 0.03932500000000005 0.05934718100890208
2 0.25825 0.32820474777448067 0.058974999999999986 0.07421364985163202
2 0.39745 0.3635905044510386 0.050524999999999994 0.08099406528189916
2 0.22665833333333335 0.5000296735905044 0.07495000000000004 0.1206676557863502
2 0.6896249999999999 0.12614243323442137 0.026841666666666698 0.02958456973293768
2 0.6216833333333334 0.14295252225519287 0.022216666666666735 0.03367952522255191
2 0.755325 0.18106824925816023 0.04085833333333331 0.04424332344213649
2 0.6066666666666667 0.6261127596439169 0.095 0.19584569732937684
2 0.42583333333333334 0.8501483679525222 0.13 0.29376854599406527
2 0.2225 0.8798219584569733 0.18666666666666668 0.2403560830860534
2 0.07666666666666666 0.8160237388724035 0.15166666666666667 0.3026706231454006
2 0.9404166666666667 0.47477744807121663 0.11916666666666667 0.19584569732937684
2 0.4869166666666666 0.33456973293768544 0.04568333333333328 0.09954005934718106
2 0.5488333333333334 0.24412462908011867 0.03967499999999992 0.06636498516320477
2 0.49383333333333335 0.2264688427299703 0.03546666666666662 0.05887240356083087
2 0.45054999999999995 0.19703264094955492 0.029458333333333257 0.049228486646884284
2 0.40095 0.19114243323442137 0.042083333333333334 0.05887240356083087
2 0.34685000000000005 0.17562314540059348 0.045683333333333374 0.03853115727002972
2 0.3198 0.23342729970326412 0.05891666666666671 0.06636498516320477
2 0.5476333333333333 0.17777448071216617 0.031258333333333325 0.049228486646884284
2 0.5106666666666666 0.157433234421365 0.02705000000000003 0.032106824925816006
2 0.5121666666666667 0.12372403560830861 0.019233333333333272 0.0438872403560831
2 0.543125 0.13068249258160236 0.02464999999999994 0.0363946587537092
2 0.6408083333333333 0.10767062314540059 0.027650000000000053 0.04388724035608306
2 0.6047416666666667 0.08946587537091988 0.024049999999999915 0.031038575667655766