2 0.32965034965034967 0.20213395638629286 0.06106643356643348 0.07147975077881617
2 0.29666083916083913 0.3722274143302181 0.07702797202797212 0.08500000000000008
2 0.2575786713286713 0.21613707165109033 0.05106643356643363 0.056510903426791236
2 0.41018356643356646 0.10350467289719624 0.02924825174825178 0.03445482866043614
2 0.7752447552447552 0.33719626168224304 0.05763986013986019 0.08802180685358255
2 0.7072902097902097 0.39590342679127727 0.0631031468531469 0.1073364485981308
2 0.42155594405594404 0.15121495327102805 0.03477272727272725 0.044174454828660455
2 0.7365209790209789 0.26038940809968847 0.04715909090909095 0.06772585669781934
2 0.6424562937062938 0.2282398753894081 0.0383304195804195 0.06344236760124614
2 0.38029720279720275 0.08870716510903427 0.024597902097902184 0.03375389408099687
2 0.5051923076923077 0.3944859813084112 0.0689772727272728 0.13827102803738314
2 0.6014685314685315 0.3663239875389408 0.0689772727272728 0.11266355140186922
2 0.6230157342657343 0.6671806853582555 0.10633741258741267 0.2534890965732087
2 0.7875437062937063 0.6710280373831776 0.11638986013986022 0.20996884735202503
2 0.845743006993007 0.4764330218068536 0.09196678321678325 0.14850467289719632
2 0.07482517482517474 0.297196261682243 0.09915209790209786 0.08705607476635512
2 0.8486276223776223 0.2933489096573209 0.08187937062937069 0.08676012461059188
2 0.7623251748251748 0.20199376947040498 0.04500000000000002 0.0512616822429906
2 0.6911363636363637 0.19080996884735202 0.039833916083916225 0.06046728971962616
2 0.5782692307692308 0.1750467289719626 0.0324562937062938 0.05258566978193145
2 0.5163024475524476 0.25588785046728973 0.05163461538461533 0.06704049844236763
2 0.6361800699300699 0.1658411214953271 0.04057692307692314 0.04468847352024922
2 0.5668356643356643 0.12246105919003115 0.02582167832167829 0.03154205607476635
2 0.527736013986014 0.14283489096573207 0.03172202797202794 0.04862928348909657
2 0.7091346153846154 0.13978193146417447 0.04847902097902101 0.03934579439252335
2 0.6897027972027971 0.09830218068535826 0.04031468531468522 0.029937694704049844
2 0.6121853146853147 0.12694704049844235 0.031197552447552495 0.03934579439252335
2 0.5229195804195804 0.09445482866043614 0.025437062937062858 0.032492211838006206
2 0.5577097902097902 0.08590342679127727 0.023994755244755285 0.03763239875389408
2 0.3034877622377623 0.11811526479750781 0.03902972027972036 0.041479750778816195
2 0.3254020979020979 0.14404984423676012 0.043138111888111806 0.04819314641744548
2 0.4553321678321678 0.08730529595015576 0.022255244755244787 0.033551401869158864
2 0.35142482517482515 0.07419003115264797 0.030131118881118905 0.025623052959501562
2 0.4346241258741259 0.05588785046728971 0.019169580419580477 0.03538940809968847
2 0.40277972027972025 0.0601557632398754 0.019169580419580477 0.0268380062305296
2 0.3851486013986014 0.04764797507788163 0.020201048951048864 0.02623052959501558