2 0.651004942339374 0.2304105571847507 0.0371252059308072 0.044706744868035206
2 0.7737067545304778 0.2997360703812317 0.06093904448105438 0.058621700879765426
2 0.8332619439868204 0.2940615835777126 0.059818780889621184 0.05467741935483874
2 0.3329242174629325 0.34480938416422285 0.049258649093904414 0.0772434017595308
2 0.6270428336079078 0.15555718475073313 0.026457990115321163 0.037917888563049874
2 0.8476112026359144 0.5571847507331378 0.14662273476112025 0.1906158357771261
2 0.929159802306425 0.49266862170087977 0.10543657331136738 0.1436950146627566
2 0.9769357495881383 0.4178885630498534 0.04612850082372323 0.12316715542521994
2 0.06836902800658978 0.8717008797653959 0.13673805601317957 0.2565982404692082
2 0.45304777594728174 0.6906158357771262 0.10543657331136738 0.21114369501466276
2 0.3187808896210873 0.6862170087976539 0.11367380560131796 0.21407624633431085
2 0.5707742998352553 0.4751173020527859 0.07099670510708407 0.15752199413489745
2 0.47354200988467876 0.40643695014662756 0.05556836902800662 0.10074780058651031
2 0.3690939044481054 0.43665689149560116 0.06276771004942343 0.09891495601173025
2 0.2214332784184514 0.5328152492668622 0.09878088962108728 0.1227272727272728
2 0.23018121911037892 0.4256598240469208 0.07511532125205926 0.09158357771261003
2 0.21526359143327842 0.34324046920821116 0.07408566721581544 0.07326979472140759
2 0.4236326194398682 0.29561583577712613 0.042191103789126876 0.06960410557184754
2 0.5530889621087315 0.2880791788856305 0.03614497528830322 0.06568914956011732
2 0.5003706754530478 0.25055718475073313 0.030123558484349205 0.054956011730205305
2 0.5410378912685339 0.20697947214076245 0.03463756177924214 0.05898826979472144
2 0.3697116968698517 0.2425073313782991 0.036902800658978545 0.07372434017595304
2 0.2838632619439868 0.27065982404692085 0.06401153212520597 0.07104105571847506
2 0.4551894563426689 0.20363636363636364 0.02861614497528831 0.05228739002932547
2 0.40850082372322893 0.19626099706744868 0.03313838550247118 0.045571847507331356
2 0.6863838550247117 0.19089442815249266 0.04368204283360789 0.05093841642228741
2 0.7034019769357496 0.1572727272727273 0.030280065897858314 0.03338709677419356
2 0.6514168039538716 0.13844574780058652 0.029209225700164775 0.043401759530791784
2 0.6002388797364087 0.0967008797653959 0.01527182866556834 0.020982404692082113
2 0.5467051070840198 0.16080645161290322 0.021713344316309637 0.040791788856304974
2 0.5014744645799011 0.18549853372434016 0.025329489291598024 0.03435483870967743
2 0.4668945634266886 0.1640175953079179 0.022116968698517224 0.03435483870967743