2 0.31057761732851985 0.1684405144694534 0.0630505415162454 0.07377813504823148
2 0.27651624548736464 0.34400321543408363 0.07953068592057773 0.08773311897106108
2 0.2361642599277978 0.18289389067524114 0.05272563176895313 0.058327974276527285
2 0.3937274368231047 0.06663987138263663 0.030198555956678735 0.03556270096463023
2 0.7706498194945849 0.30784565916398715 0.05951263537906142 0.09085209003215433
2 0.7004873646209386 0.3684405144694534 0.06515342960288814 0.11078778135048227
2 0.4054693140794224 0.11588424437299037 0.03590252707581225 0.04559485530546626
2 0.730667870036101 0.2285691318327974 0.04869133574007224 0.06990353697749199
2 0.6335469314079423 0.19538585209003215 0.03957581227436815 0.06548231511254023
2 0.362870036101083 0.05136655948553055 0.02539711191335749 0.03483922829581994
2 0.49182310469314083 0.36697749196141477 0.07121841155234665 0.14271704180064307
2 0.5912274368231047 0.3379099678456592 0.07121841155234665 0.11628617363344049
2 0.6134747292418773 0.6484405144694534 0.10979241877256325 0.26163987138263667
2 0.7833483754512636 0.652411575562701 0.12017148014440442 0.2167202572347268
2 0.8434386281588447 0.45155948553054664 0.09495487364620941 0.15327974276527337
2 0.04963898916967509 0.2652733118971061 0.09927797833935018 0.09003215434083602
2 0.8464169675090252 0.2625884244372991 0.08453971119133581 0.0895498392282958
2 0.7573104693140794 0.16829581993569134 0.0464620938628159 0.052909967845659156
2 0.6838086642599279 0.1567524115755627 0.04112815884476549 0.06241157556270095
2 0.5672743682310469 0.1404823151125402 0.03351083032490985 0.0542765273311897
2 0.5032942238267147 0.22392282958199358 0.05331227436823099 0.06919614147909971
2 0.6270667870036101 0.13098070739549839 0.04189530685920584 0.04612540192926045
2 0.5554693140794225 0.08620578778135049 0.026660649819494554 0.03255627009646302
2 0.5150992779783393 0.10723472668810287 0.032752707581227405 0.05019292604501607
2 0.7023916967509025 0.10408360128617365 0.05005415162454877 0.04061093247588423
2 0.6823285198555956 0.061270096463022505 0.04162454873646199 0.030900321543408358
2 0.6022924187725632 0.09083601286173633 0.03221119133574012 0.04061093247588423
2 0.5101263537906138 0.05729903536977492 0.026263537906137103 0.03353697749196141
2 0.5460469314079422 0.0484726688102894 0.02477436823104697 0.03884244372990353
2 0.2835649819494585 0.08172025723472671 0.04029783393501813 0.04281350482315112
2 0.3061913357400722 0.10848874598070737 0.04453971119133566 0.049742765273311895
2 0.44034296028880865 0.04991961414790996 0.022978339350180538 0.03463022508038584
2 0.3330595667870036 0.03638263665594855 0.03111010830324912 0.026446945337620584
2 0.4196750902527076 0.017684887459807074 0.019855595667870037 0.03536977491961415
2 0.3860830324909747 0.021897106109324768 0.019792418772563235 0.027700964630225085
2 0.3686823104693141 0.011254019292604502 0.02075812274368231 0.022508038585209004