2 0.23179933665008287 0.26225663716814157 0.050663349917081185 0.04976401179941004
2 0.39661691542288563 0.19387905604719763 0.02870646766169145 0.03222713864306788
2 0.21915422885572136 0.35032448377581127 0.0738805970149253 0.07359882005899701
2 0.11689883913764512 0.2994690265486726 0.06353233830845761 0.06008849557522125
2 0.32854063018242124 0.3211356932153392 0.05500829187396345 0.06491150442477875
2 0.33550580431177446 0.20486725663716815 0.03752072968490879 0.04325958702064894
2 0.7159784411276949 0.40283185840707963 0.056641791044776076 0.0805899705014749
2 0.6059452736318408 0.31051622418879055 0.03899668325041457 0.05774336283185837
2 0.6351243781094528 0.4065929203539823 0.05079601990049751 0.0910176991150443
2 0.02943615257048093 0.46828908554572274 0.05887230514096186 0.10766961651917405
2 0.6727363184079601 0.3132890855457227 0.04398839137645104 0.06466076696165188
2 0.06716417910447761 0.7374631268436578 0.13432835820895522 0.23303834808259588
2 0.5854063018242123 0.8458702064896755 0.12935323383084577 0.308259587020649
2 0.9527363184079602 0.8812684365781711 0.0945273631840796 0.2374631268436578
2 0.8057048092868989 0.5470058997050148 0.10358208955223887 0.16766961651917414
2 0.45352404643449423 0.5110914454277286 0.06422056384742955 0.1584513274336284
2 0.8787230514096186 0.4585693215339233 0.12325870646766177 0.11238938053097351
2 0.5399170812603649 0.3606784660766962 0.05458540630182415 0.09320058997050139
2 0.5300912106135987 0.259070796460177 0.030563847429518988 0.053067846607669646
2 0.6483499170812604 0.2616519174041298 0.042935323383084555 0.05048672566371684
2 0.7014759535655058 0.24612094395280237 0.05312603648424539 0.04530973451327438
2 0.6556218905472637 0.20210914454277287 0.035663349917081255 0.04789085545722709
2 0.6246932006633499 0.23446902654867258 0.03638474295190703 0.06084070796460177
2 0.579212271973466 0.2409439528023599 0.035663349917081255 0.055663716814159304
2 0.4809618573797678 0.25582595870206487 0.031293532338308463 0.07249262536873154
2 0.3168573797678275 0.1742772861356932 0.03202321724709775 0.03365781710914453
2 0.30266998341625206 0.1593952802359882 0.038573797678275276 0.032359882005899704
2 0.34815091210613597 0.1444985250737463 0.02620232172470971 0.0207079646017699
2 0.4070978441127695 0.1593952802359882 0.02620232172470971 0.032359882005899704
2 0.323407960199005 0.13156342182890857 0.03784411276948599 0.03365781710914453
2 0.513714759535655 0.17815634218289084 0.02692371475953568 0.03365781710914453
2 0.5639303482587065 0.2059882005899705 0.031293532338308463 0.032359882005899704