2 0.21842300556586275 0.2794554455445544 0.06518552875695731 0.05747524752475245
2 0.23671614100185523 0.4173927392739274 0.09251391465677182 0.09326732673267324
2 0.3101020408163265 0.26430693069306926 0.05530612244897949 0.06856435643564358
1 0.15294990723562152 0.24374587458745875 0.051808905380333864 0.08839933993399339
2 0.019016697588126158 0.3844884488448845 0.038033395176252316 0.0858085808580858
2 0.6437198515769945 0.36308580858085804 0.06261595547309833 0.11430693069306928
2 0.7764471243042671 0.45782178217821784 0.07600185528756963 0.11917491749174922
2 0.7128571428571429 0.3226732673267327 0.05988868274582555 0.08136963696369637
2 0.8418181818181818 0.5768316831683168 0.09029684601113165 0.13353135313531347
2 0.30378478664192954 0.18178217821782178 0.03530612244897954 0.038003300330033005
2 0.534025974025974 0.3625907590759076 0.05464749536178115 0.10988448844884494
2 0.6972727272727274 0.5697689768976897 0.09116883116883115 0.14334983498349835
2 0.23660482374768085 0.1534983498349835 0.029322820037105658 0.02991749174917491
2 0.6434230055658627 0.22143564356435644 0.03555658627087213 0.05782178217821785
2 0.050000000000000086 0.2866006600660066 0.05858070500927652 0.05630363036303631
2 0.5640074211502782 0.6848184818481848 0.10204081632653061 0.2145214521452145
2 0.38868274582560297 0.9884488448844885 0.14100185528756956 0.0231023102310231
2 0.936456400742115 0.8118811881188119 0.12708719851576994 0.2838283828382838
2 0.9550092764378478 0.5099009900990099 0.08998144712430427 0.1551155115511551
2 0.45577922077922084 0.30561056105610557 0.06042671614100195 0.10749174917491747
2 0.5246289424860853 0.25803630363036306 0.05348794063079785 0.07929042904290431
2 0.6093228200371058 0.28006600660066006 0.06636363636363633 0.08458745874587457
2 0.5157142857142858 0.1893069306930693 0.035658627087198566 0.05110561056105606
2 0.46866419294990724 0.1531848184818482 0.03269016697588127 0.052854785478547855
2 0.37623376623376625 0.14892739273927394 0.034100185528756946 0.056089108910891104
2 0.3424489795918367 0.1294719471947195 0.0321706864564008 0.03777227722772275
2 0.30287569573283857 0.12318481848184819 0.03153061224489797 0.041204620462046204
2 0.27649350649350646 0.110016501650165 0.02767161410018546 0.02861386138613862
2 0.38652133580705006 0.11630363036303629 0.03667903525046379 0.03204620462046207
2 0.5637940630797773 0.16552805280528055 0.03731910946196662 0.041204620462046204
2 0.5875974025974026 0.22790429042904292 0.043756957328385755 0.05150165016501647
2 0.6226716141001856 0.1798349834983498 0.03924860853432277 0.04463696369636966
2 0.6024025974025974 0.15008250825082506 0.02960111317254182 0.046930693069306924
2 0.500417439703154 0.10772277227722772 0.03153061224489797 0.040066006600660065
2 0.37530612244897965 0.07922442244224423 0.022931354359925812 0.027194719471947203
2 0.31888682745825603 0.06641914191419142 0.020677179962894216 0.0303960396039604