2 0.8284375 0.342875 0.067296875 0.06284722222222222
2 0.8062734375 0.267625 0.052640624999999996 0.05355555555555556
2 0.66190625 0.32125000000000004 0.0497578125 0.0547361111111111
2 0.7571171875 0.5026388888888889 0.099 0.10915277777777778
2 0.628109375 0.23173611111111111 0.030375000000000003 0.042513888888888886
2 0.34781249999999997 0.47047222222222224 0.065125 0.11983333333333333
2 0.3213125 0.35130555555555554 0.0488828125 0.072625
2 0.26066406249999996 0.4408472222222223 0.07132812499999999 0.11863888888888889
2 0.7190234375 0.2275 0.0350078125 0.04569444444444444
2 0.4565234375 0.4117777777777778 0.051953125 0.0995
2 0.5335859375 0.3668194444444445 0.046554687500000004 0.07941666666666666
2 0.5586562500000001 0.5502361111111111 0.0770546875 0.13698611111111111
2 0.93921875 0.5456666666666666 0.12156249999999999 0.146125
2 0.42123437499999994 0.7157638888888889 0.1181484375 0.2077638888888889
2 0.193921875 0.59475 0.1053125 0.16209722222222223
2 0.52046875 0.278375 0.034234375 0.06086111111111111
2 0.47641406249999996 0.2485138888888889 0.0348671875 0.05522222222222222
2 0.48433593750000004 0.2006111111111111 0.022820312500000002 0.03155555555555555
2 0.491625 0.1639861111111111 0.01965625 0.03268055555555556
2 0.4247421875 0.2552638888888889 0.0405703125 0.04620833333333334
2 0.40128906249999996 0.30768055555555557 0.051984375000000006 0.05634722222222222
2 0.34962499999999996 0.29133333333333333 0.032328125 0.04395833333333333
2 0.3613515625 0.2699166666666667 0.026625 0.050722222222222224
2 0.38575781249999996 0.23216666666666666 0.0336015625 0.036069444444444446
2 0.295421875 0.276125 0.0557890625 0.0631111111111111
2 0.6206328125 0.17525000000000002 0.029164062499999997 0.034944444444444445
2 0.650109375 0.21131944444444445 0.032328125 0.04395833333333333
2 0.579109375 0.15834722222222222 0.020921875 0.028180555555555556
3 0.6605703125 0.1617222222222222 0.039304687500000005 0.06198611111111112
2 0.7543984375 0.20680555555555558 0.036765625 0.05522222222222222