2 0.07669983416252073 0.8333333333333334 0.15339966832504145 0.25663716814159293
1 0.21697070204532898 0.5601442150114717 0.09950248756218906 0.11635529334644383
2 0.14556845402616556 0.49459193706981325 0.1059517228671458 0.1425762045231073
3 0.05804311774461028 0.3805309734513274 0.11608623548922056 0.15634218289085547
2 0.35945273631840796 0.9623893805309734 0.11359867330016583 0.0752212389380531
2 0.7332752047323521 0.8467749292947724 0.1393376758817596 0.23264300702490634
2 0.6123164247491067 0.6574673843627407 0.08206390726778469 0.1611775081349025
2 0.9199834162520729 0.8687315634218289 0.16003316749585406 0.26253687315634217
2 0.9539800995024875 0.7182890855457227 0.09203980099502487 0.18289085545722714
2 0.7789046221882043 0.6016186370168671 0.09567546880979705 0.1682928674079118
2 0.44776119402985076 0.43474722815583366 0.04932235374849898 0.0813752415827485
2 0.5288928918625264 0.4633557115247686 0.052896437353462535 0.11570542162547043
2 0.5910819465888946 0.4074102329366291 0.04431863670154962 0.062302919336791864
2 0.6772173614685194 0.4137676736852813 0.059329787842397314 0.08010375343301811
2 0.6386172585349117 0.36862984436985047 0.037885286212615214 0.06357440748652227
2 0.2969348659003831 0.42330383480825956 0.0721964888202665 0.10426202827789635
2 0.2093698175787728 0.3565507069474113 0.052896437353462535 0.06993184823517451
2 0.1689826728426831 0.3374783847014546 0.04503345342254233 0.0597599430373309
2 0.34309833809675033 0.3478315445929831 0.04983945520623825 0.05962467834055096
2 0.28112981193324166 0.33841712169710664 0.04057725556614096 0.05334839640996665
2 0.321927596062242 0.29526768342433946 0.035725627183232724 0.0407958325487981
2 0.3816908365971561 0.2787924433565556 0.03440245580607591 0.0407958325487981
2 0.5175364313185845 0.3388093893177682 0.039695141314703156 0.06668549551245838
2 0.5680374722134012 0.3423397979037219 0.03660774143467072 0.061193748823197065
3 0.6028809851451961 0.29252181007970884 0.0339613986803571 0.07139270696039668
2 0.5559084012561307 0.2987980920102931 0.028227656046011056 0.04158036779012111
0 0.49207514340863984 0.30265003143285457 0.01495255960633994 0.04303883166497417
2 0.5187178859799364 0.2939455486242081 0.026370877851181296 0.03917017263890905
2 0.2904508191901015 0.2355384003849453 0.025875351375510166 0.03556559760664449
2 0.3175023229008621 0.2512291052114061 0.028227656046011056 0.039749785560367394
2 0.3607259212213166 0.24103014707420659 0.028227656046011056 0.040272809054582706
2 0.39351116756642324 0.24678340551057554 0.024993237124072355 0.03818071507772129
2 0.3172082848170495 0.21932467206426914 0.020582665866883117 0.02196698675704515
3 0.4625529252394924 0.30460738867818515 0.04312989387616255 0.12155985607313033