2 0.9340463458110517 0.8206349206349206 0.1319073083778966 0.21904761904761905
2 0.6133887898593781 0.7502645502645502 0.1000198059021588 0.21164021164021152
2 0.46632996632996637 0.7731922398589065 0.11289364230540708 0.2574955908289241
2 0.020499108734402853 0.8753968253968254 0.040998217468805706 0.2492063492063492
2 0.8343769520240109 0.6090354090354091 0.12188247482365126 0.1682268348935016
2 0.2104910340204458 0.6497354497354498 0.10817069640599063 0.15194681861348527
2 0.3632250102838338 0.6070004070004071 0.07846184316772548 0.15059015059015066
2 0.952843252010129 0.40491859118468565 0.07918110669941034 0.07425573949179103
2 0.8786348718184114 0.41888412017167387 0.07229579307337423 0.07084951290959875
2 0.8237436215219603 0.4345527624497582 0.0726783104970433 0.07493698480822952
2 0.7489614651947396 0.46861502827168067 0.0700006885313626 0.08719940050412149
2 0.7030593743545018 0.3912936848559167 0.06464544460000159 0.08106819265617542
2 0.7367209076373429 0.33168471966755236 0.05240488704260488 0.06403705974521427
3 0.876148508564565 0.32350977587029095 0.09180418168047572 0.1103617412630288
2 0.8004975698585517 0.29421034600890716 0.04189162039352468 0.04643903924479466
2 0.7752771045195929 0.26908758707319863 0.0299225859953748 0.035780899090251575
2 0.7399043332179176 0.278794107571086 0.03270111183780246 0.0414906170301854
2 0.6987607774742772 0.27898443150241714 0.03419724113757132 0.03730349054090064
2 0.6600022031284423 0.30277331906545385 0.03805403673215953 0.04949170679507756
2 0.6222156722388311 0.23649543807024118 0.027088859881819506 0.033745781777277835
2 0.6708492989178491 0.2512435945506811 0.025264221651437886 0.032745906761654744
2 0.42146320893948974 0.4500426693975081 0.05606348111091952 0.08363201911589017
2 0.310055009295996 0.4726574500768049 0.07283460793897228 0.11520737327188947
2 0.36252467751518985 0.41078682369004943 0.05510513100645922 0.06656426011264731
2 0.4859122534644357 0.4389486260454002 0.05654265616314957 0.10069977811913304
2 0.4952760246877894 0.35791982458649124 0.03961180431768658 0.0619667286333953
2 0.4388024388024388 0.3672148338815005 0.03961180431768658 0.06816340149673471
2 0.3701508995626643 0.27974641307974635 0.03720297837944898 0.0448067114733781
2 0.46918041035688096 0.290709757376424 0.028102969279439866 0.039086705753372426
2 0.5071863307157425 0.30620143953477286 0.030779442544148383 0.042423375756709084
2 0.56111726699962 0.28308308308308305 0.02462355403531871 0.038133371466704785
3 0.401331813096519 0.3193097859764526 0.04657063480592889 0.07436007436007439
1 0.5768840824602907 0.4082374461556618 0.07322293567646719 0.1917743553431285
0 0.5271852573405165 0.4625243405912551 0.02286145955509611 0.08438071635097645