2 0.9274744027303754 0.7598784194528876 0.14505119453924914 0.20972644376899696
2 0.611111111111111 0.6925025329280647 0.09575274933636704 0.20263424518743656
2 0.4703261281759576 0.7144545761567038 0.10807736063708766 0.24653833164471456
2 0.031569965870307165 0.8320668693009119 0.06313993174061433 0.27811550151975684
2 0.8226714506577988 0.5572831423895255 0.1166827105393658 0.1610682461746292
2 0.22540182608441994 0.5962512664640325 0.10355590560368727 0.14548099654482632
2 0.37161984772906276 0.5553347361858001 0.07511449490971672 0.14418205907567616
2 0.9360837276069665 0.361852146575003 0.0758030731371488 0.07109592079001269
2 0.8650412339421993 0.37522339773275765 0.06921150156000502 0.06783464001982858
2 0.8124917605355286 0.39022528927560435 0.06957769998095785 0.07174817694404954
2 0.7408999692393327 0.422838096977445 0.06701431103429081 0.08348878771671206
2 0.6969561587250436 0.34880702349426673 0.06188753314095716 0.07761848233038071
2 0.7291816197688555 0.29173461001604556 0.0501691836704801 0.06131207847946047
3 0.8626609442060085 0.28390753616760384 0.08788762102857829 0.10566549695396375
2 0.7902374346256783 0.2558548905556406 0.04010443522315247 0.04446290991522893
2 0.7660929277056171 0.23180118519166434 0.02864602515939465 0.034258307639602574
2 0.732229233677904 0.2410946622641097 0.03130601320990986 0.039725058858688156
2 0.6928409490837364 0.24127688730474586 0.03273831446787971 0.0357161079646921
2 0.6557358975342255 0.2640534817799938 0.03643057100126535 0.04738567671869129
2 0.619561420010212 0.20059593614627955 0.025933191798124134 0.03230979106335112
2 0.6661202332643572 0.2147165114998923 0.024186396495659818 0.031352463920733264
2 0.42737348159565486 0.40505605124685423 0.053671694374105544 0.08007320979180974
2 0.3207181914932658 0.426708500833415 0.06972732944328235 0.11030493185606438
2 0.37094939263826193 0.36747066705886194 0.05275422951300959 0.06373173840572614
2 0.48907299350434885 0.39443409484589986 0.05413042680465343 0.09641468117789334
2 0.4980372864331909 0.3168533274916253 0.037921880925293805 0.059329846563889115
2 0.44397298322212997 0.3257528044762087 0.037921880925293805 0.06526283122027791
2 0.3782502639157929 0.24200644413410366 0.03561582059875576 0.042900042900042866
2 0.4730549662290277 0.252503263141561 0.026904037142944988 0.037423441678760834
2 0.5094394736032961 0.26733572478253326 0.029466326394653998 0.0406181257245087
2 0.5610696020252334 0.24520112817985157 0.023573061115723198 0.03651067480854714
3 0.4081009336982033 0.27988626924797133 0.044583832979737385 0.07119581587666696
1 0.5761637717751247 0.36502977367487377 0.07009909029777832 0.18361374447746345
0 0.5285852036997095 0.41700658749618646 0.021886141314690986 0.08079004757008384