2 0.872829861111111 0.7515432098765432 0.15451388888888892 0.19135802469135801
2 0.572048611111111 0.6898148148148148 0.08767361111111108 0.1851851851851851
2 0.44314236111111116 0.7098765432098765 0.09895833333333344 0.22530864197530856
2 0.03546142578125002 0.8177426938657406 0.07092285156250004 0.2542715567129632
2 0.7657585470085471 0.5662393162393163 0.10683760683760682 0.1471984805318139
2 0.218883547008547 0.6018518518518519 0.0948183760683761 0.13295346628679963
2 0.3527644230769231 0.5644586894586895 0.06877670940170941 0.13176638176638175
2 0.8696016630901287 0.3876371006199333 0.0694071888412017 0.06497377205531711
2 0.8045533798283262 0.3998569384835479 0.06337178111587978 0.061993323795898905
2 0.7564377682403434 0.4135670004768717 0.06370708154506444 0.06556986170720075
2 0.690886534334764 0.4433714830710539 0.06135997854077253 0.07629947544110631
2 0.6506504828326181 0.37571530758226046 0.05666577253218881 0.07093466857415352
2 0.6801569206008583 0.32355746304244165 0.04593615879828326 0.05603242727706249
3 0.8023739270386265 0.31640438721983793 0.0804721030042919 0.09656652360515025
2 0.7360611510791367 0.2907673860911271 0.03672062350119898 0.04063415933919533
2 0.7139538369304557 0.2687849720223821 0.026229016786570726 0.03130828670397017
2 0.6829473920863309 0.27727817745803357 0.028664568345323715 0.036304289901412226
2 0.6468824940047961 0.2774447108979483 0.02997601918465227 0.03264055422328806
2 0.6129081811797752 0.29825998751560545 0.03335674157303368 0.043305243445692906
2 0.5797859251968503 0.24026684164479437 0.0237450787401575 0.029527559055118106
2 0.6224163385826771 0.25317147856517935 0.02214566929133861 0.02865266841644794
2 0.4038138440860215 0.42712066905615287 0.04914314516129035 0.07317801672640382
2 0.3061575940860215 0.4469086021505376 0.06384408602150535 0.10080645161290328
2 0.3521505376344086 0.3927718040621266 0.048303091397849454 0.05824372759856631
2 0.4603074596774194 0.4174133811230585 0.04956317204301071 0.08811230585424133
2 0.4685153903903904 0.34651317984651314 0.03472222222222223 0.05422088755422089
2 0.4190127627627628 0.35464631297964627 0.03472222222222214 0.05964297630964291
2 0.35883539789789787 0.2781114447781114 0.03261073573573574 0.03920587253920588
2 0.44564095345345345 0.28770437103770435 0.024634009009009007 0.034200867534200874
2 0.478955518018018 0.3012595929262596 0.026980105105105068 0.03712045378712045
2 0.5262293543543544 0.281031031031031 0.021584084084084056 0.03336670003336669
3 0.38616741741741745 0.31272939606272937 0.04082207207207209 0.06506506506506508
1 0.5400499535315986 0.3905410987195374 0.06418447955390327 0.1678025609252375
0 0.49648582713754646 0.43804213135068154 0.020039498141263934 0.07383312680710448