2 0.9331597222222222 0.808641975308642 0.13368055555555555 0.2345679012345679
2 0.83227237654321 0.607681755829904 0.11477623456790119 0.15775034293552803
2 0.8964120370370369 0.42335390946502066 0.06944444444444445 0.07373113854595344
2 0.9644097222222222 0.40020576131687247 0.0665509259259262 0.07887517146776402
2 0.7599344135802469 0.4799382716049383 0.08777006172839504 0.12517146776406032
2 0.7951388888888888 0.3950617283950617 0.07330246913580238 0.0857338820301783
2 0.8395061728395061 0.3136145404663923 0.0482253086419754 0.060013717421124865
2 0.2417534722222222 0.9452160493827161 0.17100694444444445 0.1095679012345679
2 0.17881944444444445 0.7275057543419126 0.12579449152542377 0.1752458673362628
2 0.3752354048964219 0.6222274534421427 0.07577095103578152 0.1373195229127433
2 0.46829390301318274 0.64838355304457 0.08827683615819204 0.21055660179953967
2 0.49073093220338987 0.47248378321824647 0.053701741996233565 0.10462439840970908
2 0.41422434086629 0.45286670851642596 0.05811558380414312 0.08893073864825272
2 0.30167137476459516 0.49733207784055244 0.08165607344632776 0.12031805817116563
2 0.35758003766478347 0.4293262188742414 0.05517302259887005 0.06800585896631108
2 0.7066710992907802 0.3858134138867 0.05571562253743107 0.06949916819893182
2 0.6654104901175213 0.3144883665716999 0.04298544337606853 0.05787037037037037
2 0.7136126135149572 0.29890788224121556 0.03589075854700852 0.043773741690408395
2 0.7522160456730769 0.2888918566001899 0.030048076923077045 0.0408060303893637
2 0.7520073784722222 0.24586004273504272 0.027961404914530006 0.030419040835707487
2 0.6792868589743589 0.2510535375118709 0.029004740918803326 0.04599952516619177
2 0.7011969150641026 0.22916666666666666 0.022744724893162212 0.03190289648622979
2 0.633484408386752 0.2354730531813865 0.027961404914530006 0.03116096866096864
2 0.5695477843915344 0.34697420634920634 0.04056092923280414 0.04914388594944147
2 0.5071562913359788 0.3563896237507349 0.0315186838624339 0.0615446796002352
2 0.4556154927248677 0.3322769694297472 0.036944031084656125 0.05741108171663729
2 0.3309616815476191 0.3442184744268078 0.05063657407407401 0.059248236331569615
2 0.5154234871031745 0.3060975161669606 0.028935185185185317 0.04363242210464432
2 0.5638640873015874 0.2739473104056438 0.02402653769841281 0.04455099941211048
2 0.4755084325396825 0.2872666813639036 0.02867683531746026 0.04455099941211048
3 0.39632419808201064 0.3304398148148148 0.04650297619047618 0.08221266901822456
1 0.6220524267399267 0.6507936507936508 0.14880952380952372 0.4392212725546059
0 0.5421065862242334 0.31845986257750963 0.01237273755656116 0.0460868107926932
3 0.7954833553791887 0.26180678032529886 0.05704365079365085 0.07593572408387216