2 0.8797743055555556 0.7476851851851851 0.17013888888888892 0.2114197530864196
2 0.763888888888889 0.5663580246913581 0.10329861111111108 0.14197530864197533
2 0.8216145833333333 0.400462962962963 0.0625 0.06635802469135801
2 0.8828125 0.3796296296296297 0.05989583333333339 0.07098765432098769
2 0.6987847222222222 0.4513888888888889 0.07899305555555554 0.11265432098765428
2 0.73046875 0.375 0.06597222222222214 0.07716049382716052
2 0.7703993055555556 0.30169753086419754 0.04340277777777786 0.05401234567901234
2 0.23253038194444442 0.9070216049382716 0.15407986111111116 0.16975308641975334
2 0.17578125 0.6741996233521658 0.11321504237288138 0.1577212806026366
2 0.3525556144067797 0.5794491525423728 0.06819385593220337 0.12358757062146898
2 0.43630826271186446 0.6029896421845574 0.07944915254237288 0.1895009416195857
2 0.4565015889830509 0.4446798493408663 0.04833156779661021 0.09416195856873825
2 0.387645656779661 0.42702448210922783 0.052304025423728806 0.08003766478342746
2 0.28634798728813565 0.46704331450094166 0.07349046610169493 0.10828625235404898
2 0.3366657838983051 0.4058380414312617 0.04965572033898304 0.06120527306967989
2 0.6508477393617021 0.3666765169424744 0.050144060283687966 0.06254925137903863
2 0.6137131911057692 0.30248397435897434 0.038686899038461585 0.052083333333333336
2 0.6570951021634615 0.28846153846153844 0.03230168269230767 0.03939636752136752
2 0.6918381911057692 0.27944711538461536 0.027043269230769253 0.03672542735042733
2 0.691650390625 0.24071848290598288 0.025165264423076917 0.02737713675213674
2 0.626201923076923 0.24539262820512822 0.026104266826923083 0.04139957264957263
2 0.6459209735576923 0.22569444444444445 0.02047025240384608 0.028712606837606812
2 0.5849797175480769 0.2313701923076923 0.025165264423076917 0.028044871794871775
2 0.527436755952381 0.3317212301587302 0.036504836309523815 0.04422949735449733
2 0.47128441220238093 0.3401951058201058 0.02836681547619051 0.05539021164021168
2 0.42489769345238093 0.318493716931217 0.03324962797619051 0.05166997354497356
2 0.3127092633928572 0.32924107142857145 0.04557291666666665 0.05332341269841269
2 0.4787248883928571 0.294932208994709 0.026041666666666696 0.039269179894179884
2 0.5223214285714286 0.26599702380952384 0.021623883928571442 0.04009589947089947
2 0.44280133928571425 0.2779844576719577 0.025809151785714322 0.04009589947089947
3 0.3715355282738096 0.3168402777777778 0.04185267857142856 0.07399140211640211
1 0.5746909340659341 0.6051587301587301 0.13392857142857134 0.39529914529914534
0 0.50273967760181 0.30605832076420314 0.011135463800905044 0.04147812971342384
3 0.7307787698412699 0.2550705467372134 0.05133928571428577 0.06834215167548498