2 0.0885502471169687 0.7873900293255132 0.1771004942339374 0.22287390029325513
2 0.20940874977118795 0.5964483545128707 0.10891451583379091 0.14988595633756915
2 0.14854475562877553 0.4213098729227762 0.06589785831960461 0.07005539263603787
2 0.08401976935749589 0.3993157380254155 0.06315211422295466 0.07494297816878458
2 0.2780523521874428 0.4750733137829912 0.08328757093172248 0.11893124796350599
2 0.24464579901153213 0.3944281524926686 0.06955885044847145 0.0814597588791137
2 0.20254438952956252 0.3170413815575106 0.04576240161083662 0.05702183121537964
2 0.7697693574958814 0.9325513196480938 0.16227347611202636 0.1348973607038123
2 0.8294892915980231 0.710298722600527 0.11937006115097865 0.16650926984442566
2 0.643104459274565 0.6102689000447338 0.07190126490380577 0.1304736815945127
2 0.5547985368441627 0.63512102987226 0.08376846396559903 0.20005964511158608
2 0.5335073855862397 0.46799045678214624 0.05095914891240615 0.09940851931010482
2 0.6061067210230922 0.4493513594115015 0.05514757211068596 0.0844972414135891
2 0.7129115125792309 0.49159998011829614 0.07748582916817923 0.11431979720662071
2 0.6598581520676849 0.42698444256672785 0.05235528997849942 0.0646155375515683
2 0.32859546426443265 0.38564089765187914 0.05287017888230691 0.06603440028285604
2 0.3677488594601445 0.3178716444845477 0.04079014066658233 0.05498533724340176
2 0.32200845900392855 0.30306789984209337 0.03405778735268024 0.04159147304308598
2 0.28537653656063877 0.29355120685765845 0.028513496388290573 0.03877171215880891
2 0.28557454695222406 0.25266467403564175 0.02653339247243704 0.028902549063839374
2 0.35458116841971876 0.2575992555831266 0.027523444430363617 0.04370629370629364
2 0.3337900773032568 0.2368035190615836 0.02158313268280302 0.03031242950597787
2 0.39804444937270317 0.24279551094067223 0.02653339247243704 0.02960748928490862
2 0.45871577626108095 0.3487379555927943 0.03848944849768564 0.04669389750034908
2 0.5179208833451008 0.3576839826839827 0.029908998195653916 0.05847646976679239
2 0.5668294500666824 0.33477342549923195 0.03505726837687303 0.05454894567797795
2 0.6851170863732642 0.3461196062002514 0.0480505216913783 0.056294511939673185
2 0.5100759002118146 0.309899106270074 0.027457440966502048 0.041457198715263224
2 0.4641092021652153 0.2793516966904064 0.02279948223111331 0.04232998184611084
2 0.5479524594022124 0.2920070520876972 0.027212285243586674 0.04232998184611084
3 0.6230926884757197 0.33302785923753664 0.04412803012473531 0.07811409021086439
1 0.40889259011170054 0.6374109761206536 0.14120969639915265 0.417324610872998
0 0.4847555293819466 0.3216451480208596 0.011740851454002022 0.043789227849948965
3 0.24431892471431185 0.2678164129777033 0.054130383619675274 0.07215007215007208