2 0.692015625 0.30006944444444444 0.04840625 0.047888888888888884
2 0.7669296875 0.3081527777777778 0.059796875000000006 0.05493055555555555
2 0.6704765625 0.21115277777777777 0.0276171875 0.033541666666666664
2 0.5355390625 0.5525138888888889 0.0770546875 0.146125
2 0.1977734375 0.8664444444444445 0.1695234375 0.26255555555555554
2 0.3185 0.5433888888888889 0.0898984375 0.15068055555555554
2 0.19328125000000002 0.5216944444444445 0.10402343750000001 0.12100000000000001
2 0.44497656250000006 0.4158194444444444 0.055625 0.09381944444444444
2 0.5145078125 0.34481944444444446 0.044921875 0.08366666666666667
3 0.3843671875 0.28968055555555555 0.0484921875 0.08494444444444443
2 0.3130546875 0.3137638888888889 0.05134375 0.05958333333333333
2 0.2360390625 0.3029861111111111 0.057046875 0.07606944444444445
2 0.506296875 0.25281944444444443 0.03428125 0.04776388888888889
2 0.458125 0.26558333333333334 0.0333515625 0.058472222222222224
2 0.4219921875 0.22152777777777777 0.0315 0.041180555555555554
2 0.365015625 0.23881944444444442 0.035203125 0.049416666666666664
2 0.4653359375 0.20854166666666668 0.025062499999999998 0.04686111111111112
2 0.4378984375 0.17820833333333333 0.026359375 0.03840277777777778