2 0.75165625 0.22515277777777779 0.0413671875 0.03891666666666667
2 0.6951875000000001 0.2916527777777778 0.04453125 0.060097222222222225
2 0.1956875 0.5240972222222222 0.09446875 0.13
2 0.35350000000000004 0.38031944444444443 0.054234375 0.09734722222222222
2 0.5904765624999999 0.21204166666666666 0.0285234375 0.03269444444444444
2 0.298578125 0.5459166666666667 0.0725390625 0.14633333333333334
3 0.271703125 0.32076388888888885 0.0911640625 0.17629166666666668
2 0.500796875 0.24376388888888886 0.0267578125 0.03944444444444444
2 0.4319375 0.36656944444444445 0.043484375 0.08434722222222221
2 0.596875 0.9458333333333333 0.121875 0.09722222222222222
2 0.378125 0.9 0.10625 0.2
2 0.0735859375 0.7262638888888888 0.13702343749999998 0.2111111111111111
2 0.515890625 0.3815 0.0455234375 0.07706944444444444
2 0.3520546875 0.29741666666666666 0.01625 0.05777777777777778
2 0.443671875 0.2701388888888889 0.0346015625 0.06098611111111111
2 0.40635937499999997 0.23295833333333332 0.0309921875 0.045472222222222226
2 0.3456640625 0.23430555555555554 0.027015624999999998 0.04855555555555556
0 0.8575625 0.29580555555555554 0.018671874999999998 0.05531944444444444
2 0.6576875 0.19022222222222224 0.025718750000000002 0.030180555555555558
2 0.60753125 0.18130555555555555 0.0231484375 0.028805555555555553
2 0.6866171875 0.175125 0.023921875000000002 0.025611111111111112