2 0.6626875 0.26776388888888886 0.041640625 0.05431944444444444
2 0.2720078125 0.3579444444444445 0.056125 0.07293055555555555
2 0.8034140624999999 0.26022222222222224 0.0537890625 0.044819444444444446
2 0.7090625 0.4254027777777778 0.0798359375 0.09581944444444444
2 0.3072109375 0.45884722222222224 0.065484375 0.11437499999999999
2 0.717875 0.19549999999999998 0.030429687500000004 0.034472222222222224
2 0.674328125 0.18884722222222222 0.034375 0.04040277777777778
2 0.5921875 0.9361111111111111 0.121875 0.11666666666666667
2 0.55390625 0.6527777777777778 0.0890625 0.20555555555555555
2 0.38984375 0.7763888888888889 0.1046875 0.24166666666666667
2 0.102390625 0.6633611111111111 0.12878125 0.17827777777777779
2 0.05541406250000001 0.49916666666666665 0.10872656249999998 0.13886111111111113
2 0.5229765625 0.3943611111111111 0.0501328125 0.08547222222222223
2 0.4347265625 0.37604166666666666 0.0508203125 0.10011111111111111
2 0.3508671875 0.35055555555555556 0.049515625 0.07455555555555556
2 0.44946093749999994 0.2763888888888889 0.0352421875 0.06741666666666667
2 0.3880078125 0.2576111111111111 0.0377265625 0.06518055555555556
2 0.3273671875 0.2551111111111111 0.0391328125 0.05013888888888889
2 0.501125 0.17680555555555555 0.022789062500000002 0.049763888888888885
2 0.45913281250000004 0.18958333333333333 0.024523437500000002 0.03919444444444444
2 0.407734375 0.20741666666666667 0.027742187499999998 0.04580555555555555
2 0.42135937500000004 0.16799999999999998 0.024773437500000002 0.03831944444444445
2 0.3596796875 0.20719444444444446 0.029726562499999998 0.04095833333333333
2 0.9707421875 0.3785833333333333 0.058515625 0.08908333333333333
2 0.563484375 0.13719444444444445 0.0211328125 0.029958333333333333
2 0.5908984375 0.1262638888888889 0.017656250000000002 0.026152777777777775
2 0.6266093749999999 0.1383888888888889 0.022203125 0.022833333333333334
2 0.6696796875000001 0.14979166666666666 0.02434375 0.030430555555555554