2 0.30712996389891695 0.4153054662379421 0.08488267148014436 0.0846945337620578
2 0.2918772563176895 0.30709003215434083 0.05279783393501805 0.056704180064308655
2 0.8168682310469313 0.4860771704180064 0.08444945848375446 0.12594855305466243
2 0.3042418772563177 0.2147909967845659 0.03726534296028878 0.03802250803858517
2 0.7501263537906137 0.3511736334405145 0.05518953068592045 0.07858520900321543
2 0.755442238267148 0.5991800643086816 0.09357400722021667 0.14000000000000007
2 0.032490974729241874 0.4903536977491961 0.06498194945848375 0.05787781350482315
2 0.44584837545126355 0.8979099678456591 0.12454873646209386 0.20418006430868169
2 0.491913357400722 0.5179260450160771 0.06802346570397103 0.12760450160771705
2 0.5903339350180505 0.4042765273311897 0.05296931407942243 0.09543408360128619
2 0.5051624548736462 0.3753215434083601 0.047554151624548784 0.08900321543408363
2 0.6779151624548736 0.3629903536977492 0.06200361010830329 0.10508038585209005
2 0.5700812274368231 0.2439710610932476 0.03187725631768947 0.06016077170418009
2 0.5213176895306859 0.232524115755627 0.03234657039711184 0.06271704180064307
2 0.6440613718411552 0.2893086816720257 0.03615523465703966 0.06440514469453376
2 0.6290703971119134 0.23083601286173636 0.03377256317689537 0.04914790996784565
2 0.3222924187725632 0.1615273311897106 0.026119133574007268 0.035032154340836
2 0.40018953068592056 0.1618006430868167 0.02642599277978337 0.03229903536977492
2 0.43000000000000005 0.18178456591639872 0.0307310469314079 0.04051446945337619