2 0.7219761904761905 0.2823587570621469 0.048920634920635 0.0466666666666667
2 0.7290396825396825 0.3566949152542373 0.0489285714285715 0.05889830508474575
2 0.9380952380952381 0.4950564971751412 0.12380952380952381 0.14548022598870056
2 0.9337619047619047 0.39925141242937856 0.10676984126984143 0.08483050847457635
2 0.7249920634920635 0.2355367231638418 0.0514761904761904 0.04580508474576272
2 0.6553968253968253 0.21687853107344635 0.03431746031746032 0.04919491525423727
2 0.6029682539682539 0.19481638418079097 0.0381349206349206 0.04919491525423727
2 0.664952380952381 0.17707627118644068 0.026476190476190396 0.02447740112994348
2 0.5619047619047619 0.9322033898305084 0.12222222222222222 0.13559322033898305
2 0.40793650793650793 0.672316384180791 0.09047619047619047 0.21468926553672316
2 0.5369285714285714 0.5316949152542373 0.07237301587301592 0.17173728813559327
2 0.14731746031746032 0.6111158192090396 0.10856349206349203 0.15885593220338987
2 0.31196825396825395 0.5037853107344633 0.09529365079365083 0.14597457627118648
2 0.516920634920635 0.4039265536723164 0.04636507936507942 0.08638418079096041
2 0.4383253968253968 0.3555790960451977 0.04129365079365077 0.07220338983050847
2 0.3626190476190476 0.34913841807909607 0.05070634920634919 0.07735875706214687
2 0.25722222222222224 0.3968361581920904 0.06737301587301586 0.09282485875706219
2 0.5056984126984126 0.30981638418079094 0.03550000000000002 0.0734887005649718
2 0.5002619047619048 0.2556638418079096 0.03476984126984123 0.04512711864406778
2 0.4452063492063492 0.267909604519774 0.033325396825396834 0.054152542372881404
2 0.39920634920634923 0.26018361581920907 0.03404761904761912 0.06446327683615817
2 0.3618968253968254 0.23504237288135593 0.033325396825396834 0.04254237288135594