2 0.2101180438448567 0.31106606606606607 0.06548060708263076 0.05986486486486487
2 0.3517369308600337 0.21376876876876877 0.04044688026981452 0.0458408408408408
2 0.34377740303541315 0.3333483483483483 0.06623102866779086 0.07118618618618613
2 0.048482293423271504 0.3686186186186186 0.09696458684654301 0.0945945945945946
2 0.9717537942664418 0.8573573573573574 0.05649241146711636 0.2672672672672673
2 0.4466188870151771 0.8159009009009008 0.10722596964586853 0.24627627627627624
2 0.6053204047217537 0.5897147147147147 0.09564924114671168 0.30593093093093093
2 0.8309612141652614 0.48232732732732736 0.09322934232715022 0.11563063063063062
2 0.5016526138279933 0.38333333333333336 0.051913996627318666 0.10100600600600598
2 0.5780775716694773 0.3456756756756757 0.048069139966273176 0.07875375375375382
2 0.6694182124789207 0.37521021021021017 0.059603709949409826 0.07960960960960958
2 0.7326306913996627 0.3105705705705706 0.054317032040472044 0.06677177177177172
2 0.5050505902192243 0.2601801801801802 0.040278246205733545 0.07729729729729733
2 0.5739038785834738 0.24405405405405403 0.03497470489038788 0.05726726726726725
2 0.6366610455311973 0.25878378378378375 0.04121416526138289 0.055600600600600646
2 0.6950590219224283 0.23015015015015014 0.048086003372681256 0.05615615615615612
2 0.6168465430016864 0.19400900900900903 0.03360876897133212 0.058918918918918935