2 0.64915625 0.3209722222222222 0.0521328125 0.05629166666666667
2 0.21330468749999998 0.8657083333333333 0.14937499999999998 0.2613055555555555
2 0.10695312500000001 0.7031944444444445 0.142203125 0.18270833333333336
2 0.435578125 0.5258055555555555 0.0681171875 0.15508333333333332
2 0.8608984375000001 0.3920138888888889 0.09134375 0.08555555555555555
2 0.342296875 0.4819305555555556 0.0795546875 0.13969444444444445
2 0.2951484375 0.37368055555555557 0.0677734375 0.08381944444444445
2 0.3791328125 0.3439861111111111 0.045179687499999996 0.059375
2 0.51221875 0.32304166666666667 0.050093750000000006 0.09429166666666666
2 0.45378125 0.2959722222222222 0.041249999999999995 0.08206944444444444
2 0.6708828125 0.2642777777777778 0.0516796875 0.08393055555555555
2 0.688109375 0.1888611111111111 0.02615625 0.035166666666666666
2 0.6380234375 0.1775138888888889 0.0216953125 0.03288888888888889
2 0.6134609375 0.18715277777777778 0.0287109375 0.04083333333333333
2 0.5841093749999999 0.20927777777777778 0.027437499999999997 0.04197222222222222
2 0.563375 0.1468888888888889 0.0178671875 0.02381944444444444
2 0.6313203125 0.14348611111111112 0.01978125 0.035166666666666666
2 0.4076953125 0.2642777777777778 0.042109375 0.043097222222222224
2 0.3416640625 0.27279166666666665 0.046578125 0.06465277777777777
2 0.3684609375 0.22684722222222223 0.040195312500000004 0.04083333333333333
2 0.4641640625 0.237625 0.027437499999999997 0.048777777777777774
2 0.5088203124999999 0.25975000000000004 0.03509375 0.043097222222222224
2 0.428109375 0.21834722222222222 0.035726562499999996 0.044236111111111115
2 0.404828125 0.18431944444444445 0.029984375 0.03969444444444444