2 0.7567910447761195 0.24765486725663716 0.0511111111111112 0.04873156342182894
2 0.7641708126036485 0.3252802359882006 0.051119402985074704 0.061504424778761044
2 0.9589552238805971 0.46976401179941 0.08208955223880597 0.15191740412979352
2 0.961028192371476 0.3687315634218289 0.0779436152570481 0.08849557522123894
2 0.7599419568822554 0.19876106194690263 0.0537810945273631 0.04783185840707965
2 0.6872305140961857 0.17927728613569324 0.03585406301824213 0.05137168141592918
2 0.6324543946932006 0.15623893805309735 0.039842454394693166 0.05137168141592918
2 0.6972139303482587 0.13771386430678467 0.027661691542288473 0.025560471976401156
2 0.5895522388059702 0.9277286135693216 0.12769485903814262 0.14454277286135694
2 0.4286898839137645 0.6548672566371682 0.0945273631840796 0.22418879056047197
2 0.563457711442786 0.508023598820059 0.07561359867330021 0.17933628318584074
2 0.15640132669983417 0.5909587020648968 0.11342454394693198 0.16588495575221243
2 0.328424543946932 0.47887905604719766 0.0995605306799337 0.1524336283185841
2 0.5425538971807629 0.37460176991150446 0.0484411276948591 0.09020648967551617
2 0.4604394693200663 0.3241150442477876 0.04314262023217245 0.07539823008849558
2 0.3813432835820895 0.31738938053097343 0.05297678275290214 0.08078171091445426
2 0.27122719734660033 0.36719764011799405 0.07038971807628523 0.09693215339233043
2 0.5308291873963515 0.2763274336283186 0.03708955223880599 0.07674041297935108
2 0.5251492537313434 0.21977876106194688 0.03632669983416247 0.047123893805309715
2 0.4676285240464345 0.23256637168141595 0.034817578772802664 0.05654867256637173
2 0.41956882255389716 0.22449852507374632 0.035572139303482665 0.06731563421828907
2 0.3805887230514096 0.19824483775811208 0.034817578772802664 0.044424778761061955