2 0.365781990521327 0.37894662921348315 0.04442338072669827 0.0692275280898876
2 0.2997709320695103 0.35688202247191014 0.050363349131121636 0.06886235955056176
2 0.39652448657187994 0.8686797752808989 0.12322274881516587 0.26264044943820225
2 0.22511848341232227 0.7626404494382022 0.13428120063191154 0.29213483146067415
2 0.044233807266982623 0.8665730337078652 0.08846761453396525 0.2640449438202247
2 0.550173775671406 0.6110112359550562 0.07481042654028439 0.16544943820224714
2 0.43020537124802527 0.5307162921348315 0.06294628751974728 0.12490168539325852
2 0.3120695102685624 0.5485533707865169 0.07116113744075832 0.12490168539325835
2 0.20259083728278043 0.5161095505617977 0.09669826224328591 0.14761235955056182
2 0.5166745655608215 0.4425 0.04555292259083734 0.0777949438202247
2 0.4431516587677725 0.37633426966292133 0.03834123222748812 0.06575842696629221
2 0.5128357030015798 0.33342696629213486 0.038791469194312714 0.06817415730337081
2 0.453783570300158 0.30196629213483145 0.03060821484992101 0.05539325842696629
2 0.39662717219589255 0.2639185393258427 0.032780410742496054 0.045758426966292114
2 0.34407582938388626 0.27450842696629213 0.0354897314375987 0.04191011235955053
2 0.7282069510268562 0.363876404494382 0.06459715639810425 0.06321629213483144
2 0.6248025276461295 0.30223314606741575 0.046224328593996826 0.062162921348314595
2 0.6250947867298579 0.23717696629213483 0.026619273301737793 0.030688202247191043
2 0.6963270142180095 0.22053370786516854 0.02808056872037911 0.027570224719101116
2 0.6484992101105845 0.21066011235955057 0.0248657187993681 0.02549157303370783
2 0.5990600315955766 0.18620786516853935 0.01959715639810422 0.02341292134831463
2 0.5624960505529226 0.17346910112359548 0.01959715639810422 0.01976123595505617