2 0.6190538194444444 0.31146604938271605 0.059887152777777786 0.0754320987654321
2 0.8388281249999999 0.37191358024691357 0.08407986111111103 0.0775462962962963
2 0.587109375 0.15220679012345678 0.030946180555555633 0.033472222222222216
2 0.9014756944444444 0.8225308641975309 0.1970486111111111 0.2808641975308642
2 0.5095486111111112 0.6512345679012346 0.09027777777777778 0.20987654320987653
2 0.8519097222222223 0.30777777777777776 0.0706597222222223 0.0647067901234568
2 0.739765625 0.21689814814814817 0.04763888888888898 0.04853395061728393
2 0.5382465277777777 0.1550462962962963 0.0271614583333333 0.031172839506172823
2 0.6323611111111112 0.11592592592592593 0.026987847222222153 0.031172839506172823
2 0.5828559027777778 0.1003395061728395 0.019765624999999985 0.026280864197530868
2 0.3634288194444444 0.6339043209876543 0.09507812499999997 0.17483024691358018
2 0.19931423611111113 0.6564814814814814 0.11592013888888886 0.1945061728395061
2 0.1459114583333333 0.4590740740740741 0.09247395833333331 0.11692901234567898
2 0.48328125 0.3873765432098765 0.0653645833333333 0.11807098765432097
2 0.37949652777777776 0.3679166666666667 0.049027777777777795 0.10384259259259254
2 0.2922222222222222 0.35183641975308644 0.05667534722222219 0.08654320987654328
2 0.22562500000000002 0.2952006172839506 0.06296874999999996 0.07600308641975309
2 0.32653645833333333 0.24100308641975307 0.046067708333333374 0.09367283950617282
2 0.3963020833333333 0.24012345679012345 0.04308159722222222 0.07188271604938269
2 0.4582725694444444 0.25720679012345676 0.04242187499999991 0.06716049382716047
2 0.40450520833333337 0.18188271604938275 0.027986111111111118 0.050524691358024704
2 0.36715277777777783 0.14820987654320986 0.023463541666666643 0.03521604938271604