2 0.3164765625 0.5416805555555555 0.07090625 0.13641666666666666
2 0.3517578125 0.429 0.053867187500000004 0.090125
2 0.7098125 0.2573888888888889 0.0393359375 0.04776388888888889
2 0.6289765625 0.28355555555555556 0.04453125 0.04708333333333333
2 0.546875 0.7444444444444445 0.0875 0.20555555555555555
2 0.2234375 0.8 0.140625 0.2611111111111111
2 0.05546875 0.8527777777777777 0.1078125 0.2722222222222222
3 0.1914296875 0.4671111111111111 0.16328125 0.2502361111111111
2 0.4183203125 0.590375 0.0778046875 0.171125
2 0.516671875 0.40894444444444444 0.045765625 0.09677777777777778
2 0.4466796875 0.32390277777777776 0.0394140625 0.05830555555555555
2 0.5080703125 0.31454166666666666 0.0358046875 0.06098611111111111
2 0.374765625 0.3153472222222222 0.037609375 0.06579166666666666
2 0.3145859375 0.30491666666666667 0.0370078125 0.06847222222222221
2 0.45609374999999996 0.25140277777777775 0.0338515625 0.040388888888888884
2 0.49996875 0.24784722222222222 0.028953125000000003 0.04434722222222222
2 0.7585546875 0.2522916666666667 0.0406796875 0.04172222222222222
2 0.6831328125 0.18970833333333334 0.026914062500000002 0.030041666666666664
2 0.604234375 0.1801527777777778 0.0215546875 0.026430555555555558
2 0.5670625 0.17108333333333334 0.022390625 0.02851388888888889