2 0.7344338118022329 0.3244034090909091 0.06672248803827757 0.07475852272727272
2 0.5852551834130781 0.19286931818181818 0.03467304625199363 0.04136363636363637
2 0.8320813397129188 0.35698863636363637 0.07821371610845289 0.07046875000000002
2 0.7988755980861244 0.2547443181818182 0.04996810207336511 0.04710227272727276
2 0.42938596491228076 0.36517045454545455 0.04334928229665064 0.07495738636363634
2 0.7576076555023923 0.5091619318181818 0.09745614035087723 0.1321875000000001
2 0.55292663476874 0.12981534090909091 0.020087719298245658 0.024701704545454565
2 0.5869218500797448 0.8835227272727273 0.11483253588516747 0.23295454545454544
2 0.3974242424242424 0.7249573863636364 0.0911722488038277 0.22883522727272715
2 0.2710287081339713 0.593934659090909 0.09531100478468899 0.18454545454545448
2 0.03907496012759171 0.8132102272727273 0.07814992025518341 0.24005681818181818
2 0.5149920255183412 0.41914772727272726 0.053708133971291795 0.09566761363636367
2 0.34868421052631576 0.3419176136363636 0.049824561403508785 0.08414772727272729
2 0.22412280701754386 0.40992897727272726 0.0698883572567783 0.08644886363636366
2 0.5021212121212121 0.3038494318181818 0.03909090909090908 0.07038352272727275
2 0.4449521531100479 0.2461931818181818 0.03236842105263151 0.058394886363636385
2 0.3699202551834131 0.27839488636363635 0.03614832535885171 0.055411931818181805
2 0.3161164274322169 0.26154829545454544 0.03783094098883568 0.05166193181818182
2 0.496866028708134 0.21437499999999998 0.027743221690590084 0.041178977272727284
2 0.45293460925039875 0.19791193181818184 0.02816586921850075 0.042670454545454574
2 0.6186682615629984 0.1327130681818182 0.018676236044657155 0.02548295454545454