2 0.3996619496855346 0.2176815642458101 0.03869496855345914 0.039287709497206696
2 0.26855345911949685 0.4378491620111732 0.07791666666666659 0.09296089385474852
2 0.21758647798742137 0.30839385474860337 0.05735849056603776 0.05604748603351955
2 0.4528301886792453 0.6787709497206704 0.09119496855345911 0.2011173184357542
2 0.58437893081761 0.660586592178771 0.08698113207547177 0.1832262569832403
2 0.7390880503144655 0.6473463687150838 0.09568396226415098 0.2185474860335196
2 0.9534355345911949 0.8647905027932962 0.09195754716981117 0.2649162011173185
2 0.46465408805031444 0.4573743016759777 0.055581761006289344 0.09687150837988828
2 0.5590330188679246 0.3525698324022346 0.04404088050314464 0.07544692737430166
2 0.6486949685534591 0.4014804469273743 0.0608254716981133 0.1080586592178771
2 0.8087342767295598 0.4884217877094972 0.08283805031446533 0.1126955307262569
2 0.49772012578616354 0.24262569832402234 0.025621069182389874 0.0460335195530726
2 0.5463364779874215 0.24599162011173184 0.026202830188679187 0.04448324022346372
2 0.6154874213836478 0.2785754189944134 0.03464622641509429 0.05999999999999997
2 0.6954559748427673 0.2925977653631285 0.046069182389937215 0.05592178770949723
2 0.6004481132075472 0.22935754189944135 0.02785377358490571 0.040013966480446896
2 0.6472641509433962 0.22567039106145254 0.028443396226414966 0.036843575418994405
2 0.49886792452830186 0.19472067039106145 0.024111635220125844 0.04023743016759777
2 0.5390566037735849 0.19212290502793297 0.02118710691823903 0.041103351955307274
2 0.3154795597484276 0.2095949720670391 0.033380503144654114 0.04599162011173185
2 0.30474842767295596 0.17237430167597767 0.028270440251572354 0.024804469273743003
2 0.3692924528301887 0.2002094972067039 0.027932389937106897 0.03086592178770953
2 0.42736635220125785 0.17389664804469276 0.02486635220125795 0.0338826815642458