2 0.24660590277777775 0.5385956790123456 0.07878472222222221 0.1515740740740741
2 0.2858072916666667 0.4133950617283951 0.05985243055555559 0.10013888888888887
2 0.6836458333333333 0.22271604938271605 0.04370659722222214 0.053070987654320965
2 0.593828125 0.25179012345679014 0.049479166666666664 0.05231481481481478
2 0.5026041666666666 0.7638888888888888 0.09722222222222222 0.22839506172839505
2 0.14322916666666666 0.8256172839506173 0.15625 0.29012345679012347
3 0.10766493055555555 0.4557407407407407 0.1814236111111111 0.2780401234567901
2 0.35976562500000003 0.5927006172839506 0.0864496527777778 0.19013888888888894
2 0.46904513888888894 0.39111111111111113 0.05085069444444438 0.10753086419753079
2 0.3912760416666667 0.29662037037037037 0.043793402777777816 0.06478395061728398
2 0.45948784722222225 0.28621913580246916 0.03978298611111105 0.06776234567901239
2 0.31137152777777777 0.2871141975308642 0.04178819444444443 0.07310185185185186
2 0.24450520833333333 0.27552469135802465 0.04111979166666667 0.07608024691358027
2 0.40173611111111107 0.2160648148148148 0.03761284722222226 0.04487654320987652
2 0.45048611111111114 0.2121141975308642 0.03217013888888884 0.0492746913580247
2 0.7378038194444445 0.21705246913580248 0.045199652777777724 0.04635802469135806
2 0.6540017361111111 0.14751543209876544 0.02990451388888893 0.03337962962962962
2 0.5663368055555555 0.13689814814814816 0.023949652777777705 0.029367283950617287
2 0.5250347222222222 0.126820987654321 0.024878472222222295 0.0316820987654321