2 0.6203593749999999 0.2619444444444444 0.0374375 0.049374999999999995
2 0.5968828125 0.15330555555555556 0.020359375 0.021902777777777778
2 0.9273828125 0.567486111111111 0.1358359375 0.16904166666666665
2 0.5352812499999999 0.45591666666666664 0.0586171875 0.11655555555555555
2 0.42151562499999995 0.5313333333333333 0.07327343750000001 0.14945833333333333
2 0.3223984375 0.44358333333333333 0.08946875 0.12477777777777778
2 0.21326562500000001 0.5066527777777778 0.0902421875 0.11380555555555555
2 0.507921875 0.27258333333333334 0.0347421875 0.06258333333333334
2 0.44144531249999996 0.26475 0.032421875 0.058472222222222224
2 0.41272656249999995 0.21822222222222223 0.030570312500000002 0.041180555555555554
2 0.3298125 0.26229166666666665 0.0416875 0.06834722222222223
2 0.4983515625 0.2025 0.0253515625 0.033375
2 0.464078125 0.18025 0.02065625 0.03783333333333333
2 0.441703125 0.15883333333333333 0.01971875 0.027263888888888886
2 0.3745859375 0.21112499999999998 0.026914062500000002 0.04061111111111111