2 0.24204116638078904 0.23707951070336394 0.05313893653516298 0.05272171253822633
2 0.15980274442538597 0.24597859327217125 0.06564322469982845 0.06047400611620797
2 0.26568610634648365 0.13918960244648318 0.030317324185248636 0.036926605504587165
2 0.4138164665523156 0.515 0.08458833619210987 0.16087155963302757
2 0.7851629502572899 0.8577981651376146 0.18610634648370497 0.28440366972477066
2 0.6520754716981132 0.504954128440367 0.09868782161235005 0.16588685015290522
2 0.7895368782161235 0.4810703363914373 0.11419382504288172 0.13321100917431195
2 0.5132332761578045 0.36451070336391433 0.06106346483704978 0.10328746177370024
2 0.4369039451114922 0.2863455657492355 0.049313893653516294 0.09211009174311928
3 0.5797684391080618 0.2256422018348624 0.053233276157804404 0.09351681957186539
2 0.6580531732418524 0.2521559633027523 0.05636363636363639 0.06559633027522932
2 0.742598627787307 0.24029051987767586 0.06262435677530015 0.08374617737003055
2 0.445917667238422 0.1850611620795107 0.03763293310463131 0.052584097859327196
2 0.49879931389365356 0.1991131498470948 0.03661234991423675 0.06437308868501533
2 0.5384648370497427 0.15061162079510704 0.034579759862778676 0.04533639143730888
2 0.6010120068610635 0.16964831804281344 0.03864493996569464 0.05440366972477062
2 0.49088336192109777 0.13631498470948014 0.02751286449399651 0.0515902140672783
2 0.5210034305317325 0.1029204892966361 0.028936535162950264 0.04227828746177371