2 0.5997109375 0.21925000000000003 0.038453125 0.03906944444444444
2 0.73 0.43819444444444444 0.0774296875 0.09244444444444445
2 0.7806484375 0.30945833333333334 0.056999999999999995 0.05573611111111111
2 0.546875 0.6777777777777778 0.090625 0.2
2 0.41614843749999997 0.6596944444444445 0.0864375 0.18220833333333333
2 0.26240625 0.6465277777777778 0.0950859375 0.21733333333333332
2 0.049398437499999996 0.862763888888889 0.0913828125 0.2634444444444445
2 0.5351250000000001 0.45761111111111114 0.055234375 0.09633333333333333
2 0.4413359375 0.35338888888888886 0.043765625 0.07502777777777778
2 0.352234375 0.40202777777777776 0.0604453125 0.10745833333333334
2 0.1931953125 0.48848611111111107 0.0823203125 0.11206944444444444
2 0.5022656249999999 0.24405555555555555 0.025460937500000003 0.04577777777777778
2 0.45395312499999996 0.24740277777777778 0.026039062499999998 0.044236111111111115
2 0.385234375 0.2798055555555556 0.0344296875 0.059666666666666666
2 0.305765625 0.29375 0.04578125 0.05561111111111111
2 0.4001796875 0.2308611111111111 0.0276796875 0.03979166666666666
2 0.35365625 0.22719444444444445 0.028265625 0.03663888888888889
2 0.501125 0.19641666666666666 0.0239609375 0.04001388888888889
2 0.46118750000000003 0.19383333333333333 0.0210546875 0.040875
2 0.6833671875 0.21120833333333333 0.033171875 0.04573611111111111
2 0.69403125 0.17419444444444446 0.02809375 0.02466666666666667
2 0.629890625 0.201875 0.0277578125 0.030694444444444448
2 0.5721796875 0.17570833333333333 0.0247109375 0.033694444444444444