2 0.684921875 0.4046111111111111 0.0734765625 0.07316666666666667
2 0.698125 0.311125 0.045703125 0.04898611111111111
2 0.24367968750000002 0.46574999999999994 0.0731015625 0.10880555555555556
2 0.687421875 0.2313888888888889 0.0322578125 0.03284722222222222
2 0.301453125 0.34920833333333334 0.0477734375 0.06788888888888889
2 0.2968515625 0.5634583333333333 0.081 0.12094444444444444
2 0.9229218749999999 0.47056944444444443 0.056414062499999994 0.049527777777777775
2 0.56484375 0.8666666666666667 0.1078125 0.26666666666666666
2 0.38125 0.9583333333333334 0.128125 0.08333333333333333
2 0.52496875 0.49326388888888884 0.058882812500000006 0.11023611111111112
2 0.4397734375 0.3950833333333333 0.0458515625 0.08244444444444445
2 0.5135 0.37006944444444445 0.0411640625 0.07688888888888888
2 0.3639609375 0.3594166666666666 0.053671875 0.09077777777777778
2 0.45730468750000003 0.2565972222222222 0.02759375 0.051972222222222225
2 0.499515625 0.24670833333333334 0.028000000000000004 0.05418055555555555
2 0.393265625 0.2957638888888889 0.031296875 0.05563888888888889
2 0.4062421875 0.24525000000000002 0.029234375 0.042458333333333334
2 0.671796875 0.185375 0.022609375 0.03026388888888889
2 0.6043671875000001 0.1856111111111111 0.022875 0.027902777777777776
2 0.5785625 0.202875 0.0266015625 0.034999999999999996