2 0.7678359375 0.5287916666666667 0.09834375 0.11805555555555555
2 0.7894687499999999 0.3113194444444444 0.0600703125 0.05284722222222222
2 0.9435156250000001 0.4575416666666667 0.10956250000000001 0.10505555555555555
2 0.6873750000000001 0.20855555555555555 0.0399765625 0.058708333333333335
2 0.5339921875 0.4827777777777778 0.0738671875 0.12513888888888888
2 0.34455468749999996 0.47273611111111113 0.092984375 0.12358333333333334
2 0.2116015625 0.465 0.0999375 0.15448611111111113
2 0.3762734375 0.31979166666666664 0.0486640625 0.08651388888888889
2 0.32804687499999996 0.27808333333333335 0.046054687500000004 0.07415277777777778
2 0.5074921875 0.2873472222222222 0.038234375 0.07106944444444445
2 0.454484375 0.24872222222222223 0.038234375 0.06797222222222223
2 0.37410156250000004 0.20701388888888891 0.035625000000000004 0.04943055555555556
2 0.42928125 0.18615277777777778 0.0278046875 0.04170833333333333
2 0.6100625 0.15544444444444444 0.028999999999999998 0.028555555555555553
2 0.57928125 0.16258333333333333 0.031671875 0.04441666666666667
2 0.5085703125000001 0.18677777777777776 0.0312265625 0.035694444444444445
2 0.469984375 0.16416666666666668 0.023640625000000002 0.034902777777777776
2 0.4443359375 0.1498888888888889 0.0196328125 0.03806944444444445
2 0.3977109375 0.16655555555555557 0.023640625000000002 0.033305555555555554
2 0.42358593750000006 0.1332361111111111 0.02275 0.014277777777777776
2 0.4842578125 0.135625 0.0182890625 0.026972222222222224