2 0.28507898894154815 0.3426123595505618 0.059391785150079035 0.06804775280898882
2 0.2698025276461296 0.24950842696629214 0.04390995260663501 0.07523876404494381
2 0.6922037914691943 0.5674438202247191 0.07954186413902058 0.12717696629213476
2 0.4277251184834123 0.845814606741573 0.1043364928909952 0.2802387640449438
2 0.7551579778830964 0.7787219101123596 0.11987361769352271 0.232879213483146
2 0.8744707740916271 0.5616292134831461 0.23197472353870446 0.34734550561797745
2 0.5764533965244866 0.49946629213483146 0.05993680884676154 0.1164466292134831
2 0.47212480252764616 0.4807162921348314 0.05105845181674573 0.10657303370786517
2 0.6490126382306477 0.39023876404494384 0.04849921011058441 0.0839185393258427
2 0.7436255924170616 0.3836938202247191 0.05845971563981042 0.08161516853932586
2 0.7011848341232227 0.327879213483146 0.04373617693522898 0.08084269662921356
2 0.4909873617693523 0.35529494382022475 0.03924170616113749 0.0800561797752809
2 0.5513823064770932 0.3328511235955056 0.036508688783570324 0.06328651685393251
2 0.61739336492891 0.3160814606741573 0.03529225908372833 0.0589606741573034
2 0.4932701421800948 0.2855056179775281 0.03285939968404416 0.051924157303370744
2 0.5462085308056872 0.2587359550561798 0.02737756714060038 0.04273876404494383
2 0.6038546603475513 0.24683988764044945 0.03376777251184834 0.0665308988764045
2 0.4954028436018957 0.22113764044943818 0.02007898894154824 0.03786516853932581
2 0.37946287519747235 0.19926966292134832 0.028120063191153167 0.028497191011235982
2 0.3526619273301738 0.15418539325842698 0.01812796208530809 0.021488764044943837
2 0.38340442338072667 0.14834269662921348 0.0186571879936808 0.026629213483146078
2 0.4396445497630332 0.14366573033707866 0.01655608214849924 0.025702247191011253
2 0.5292496050552923 0.17988764044943822 0.019707740916271758 0.028974719101123588