2 0.7624561403508772 0.21748579545454547 0.04222488038277516 0.03980113636363634
2 0.7048165869218501 0.2854971590909091 0.045454545454545456 0.06146306818181815
2 0.19496012759170653 0.5232244318181819 0.09642743221690592 0.1329545454545455
2 0.35604465709728866 0.37617897727272726 0.055358851674641114 0.09955965909090914
2 0.5979346092503987 0.20407670454545454 0.02911483253588516 0.03343750000000003
2 0.29998405103668263 0.5455397727272727 0.07404306220095695 0.14965909090909094
3 0.2725518341307815 0.31526988636363634 0.09305422647527915 0.18029829545454537
2 0.5063955342902711 0.23651988636363636 0.027312599681020733 0.04034090909090906
2 0.4361084529505582 0.3621164772727273 0.044385964912280765 0.08626420454545457
2 0.6044657097288676 0.9524147727272727 0.12440191387559808 0.09517045454545454
2 0.38118022328548645 0.9026988636363636 0.10845295055821372 0.19460227272727273
2 0.07032695374800638 0.7299857954545454 0.13986443381180222 0.2159090909090909
2 0.5218022328548645 0.37738636363636363 0.046467304625199345 0.07882102272727275
2 0.35456937799043065 0.29139204545454545 0.01658692185007971 0.059090909090909124
2 0.44808612440191387 0.2634943181818182 0.03531897926634766 0.06237215909090905
2 0.41 0.22546875 0.03163476874003195 0.04650568181818183
2 0.3480462519936204 0.2268465909090909 0.027575757575757608 0.04965909090909088
0 0.8705582137161085 0.2897443181818182 0.019059011164274393 0.05657670454545452
2 0.6665390749601277 0.18176136363636364 0.02625199362041473 0.0308664772727273
2 0.6153429027113237 0.17264204545454545 0.02362838915470503 0.029460227272727287
2 0.6960685805422647 0.16632102272727273 0.024417862838915384 0.026193181818181813