2 0.3177009345794393 0.21362126245847174 0.04478504672897203 0.05905315614617942
2 0.345785046728972 0.083687707641196 0.024355140186915838 0.02619601328903654
2 0.4194766355140187 0.4456146179401993 0.07012149532710278 0.13940199335548165
2 0.555570093457944 0.5358139534883721 0.0876542056074766 0.1787541528239203
2 0.6741401869158877 0.43086378737541525 0.10702803738317755 0.14923588039867114
2 0.8046915887850468 0.506295681063123 0.10795327102803738 0.13611295681063112
2 0.4522056074766355 0.2263455149501661 0.041560747663551424 0.07485049833887043
2 0.5317289719626168 0.2169767441860465 0.03878504672897196 0.06993355481727578
2 0.5660841121495327 0.16132890365448505 0.03657009345794403 0.04925249169435217
2 0.6652710280373831 0.21403654485049833 0.04986915887850479 0.0817441860465116
2 0.46365420560747667 0.14252491694352162 0.03032710280373836 0.03991694352159469
2 0.5046542056074766 0.11591362126245848 0.024710280373831828 0.04524916943521596
2 0.5314205607476635 0.09029900332225914 0.02358878504672898 0.0326079734219269
2 0.6117102803738318 0.15284053156146177 0.03219626168224303 0.048571428571428585