2 0.8050859375 0.4398055555555556 0.0843046875 0.08447222222222223
2 0.3597265625 0.378375 0.04896875 0.07783333333333334
2 0.55390625 0.7916666666666666 0.1015625 0.26666666666666666
2 0.38828125 0.9083333333333333 0.1265625 0.17777777777777778
2 0.21978124999999998 0.7865 0.1427109375 0.29430555555555554
2 0.5369375 0.48123611111111114 0.060812500000000005 0.12393055555555556
2 0.361546875 0.5583611111111111 0.061554687500000003 0.12261111111111112
2 0.18540625 0.5465 0.0949296875 0.14106944444444444
2 0.5021718749999999 0.28002777777777776 0.031890625 0.06133333333333333
2 0.44391406250000004 0.3306527777777778 0.038406249999999996 0.07001388888888889
2 0.3903828125 0.28552777777777777 0.033523437499999996 0.0515
2 0.319296875 0.28825 0.0453125 0.066875
2 0.45522656250000004 0.25355555555555553 0.02878125 0.05420833333333334
2 0.7610078125 0.3066111111111111 0.063046875 0.07411111111111111
2 0.685453125 0.19175 0.0307421875 0.0315
2 0.56978125 0.1778611111111111 0.02240625 0.03705555555555556