2 0.6476015625 0.2547361111111111 0.0283125 0.034319444444444444
2 0.21424218750000001 0.5005555555555555 0.076515625 0.13302777777777777
2 0.5483671875 0.7159166666666668 0.08549999999999999 0.17827777777777779
2 0.28078125 0.819125 0.111890625 0.24208333333333334
2 0.098734375 0.5174583333333334 0.11656249999999999 0.13530555555555557
2 0.31746875 0.4729583333333333 0.08365625 0.1584722222222222
2 0.4323203125 0.4388333333333333 0.065140625 0.08776388888888889
2 0.5135703125 0.37605555555555553 0.0452578125 0.0792361111111111
2 0.5073984375 0.30536111111111114 0.0329140625 0.05241666666666667
2 0.3742421875 0.3385972222222222 0.046296875 0.0763611111111111
2 0.2896171875 0.3632916666666667 0.0468125 0.06538888888888889
2 0.45676562499999995 0.26840277777777777 0.0360078125 0.07240277777777779
2 0.4081015625 0.26575 0.0280625 0.04768055555555555
2 0.780109375 0.31445833333333334 0.0481640625 0.056124999999999994
2 0.8100468749999999 0.2840833333333333 0.0455625 0.042819444444444445
2 0.7067187500000001 0.2652777777777778 0.0367734375 0.03991666666666666
2 0.7268984374999999 0.24416666666666667 0.031570312499999996 0.03818055555555555
2 0.6128750000000001 0.2727777777777778 0.0347421875 0.04197222222222222
2 0.583703125 0.22725 0.0280625 0.03166666666666667
2 0.6810234375 0.19834722222222223 0.0258359375 0.03880555555555556