2 0.33042264752791073 0.4259659090909091 0.05918660287081342 0.10350852272727273
2 0.6794019138755981 0.3794318181818182 0.06496810207336526 0.06961647727272725
2 0.5885645933014354 0.2116619318181818 0.03159489633173835 0.03585227272727274
2 0.2589074960127592 0.3749289772727273 0.05724880382775117 0.08971590909090904
2 0.6479346092503987 0.1700710227272727 0.04046251993620415 0.04095170454545452
2 0.7538755980861244 0.24403409090909092 0.05095693779904314 0.0429261363636364
2 0.8421052631578947 0.4744318181818182 0.10047846889952153 0.11931818181818182
2 0.8732057416267942 0.3465909090909091 0.08293460925039872 0.09090909090909091
2 0.5677830940988836 0.8352272727272727 0.11642743221690591 0.2727272727272727
2 0.3883572567783094 0.7627840909090909 0.09569377990430622 0.2471590909090909
3 0.22567783094098884 0.7599431818181818 0.1850079744816587 0.28125
2 0.5247208931419458 0.4943181818181818 0.07496012759170653 0.14772727272727273
2 0.5079744816586922 0.36363636363636365 0.04784688995215311 0.07954545454545454
2 0.42503987240829344 0.37926136363636365 0.06698564593301436 0.07670454545454546
2 0.17304625199362042 0.5142045454545454 0.10526315789473684 0.13636363636363635
2 0.09569377990430622 0.4559659090909091 0.10685805422647528 0.14488636363636365
2 0.49408293460925046 0.2627982954545454 0.036084529505582136 0.058735795454545485
2 0.4408851674641148 0.2511647727272727 0.032974481658692115 0.06205965909090909
2 0.37461722488038274 0.2855255681818182 0.038580542264752785 0.059843749999999994
2 0.3323125996810208 0.2622443181818182 0.038580542264752785 0.059843749999999994
2 0.40012759170653905 0.22677556818181818 0.03732854864433807 0.059843749999999994
2 0.358133971291866 0.20960227272727272 0.03173046251993618 0.041008522727272734
2 0.4947049441786284 0.2001846590909091 0.026132376395534274 0.03546875000000004