2 0.3447513812154696 0.25736065573770495 0.05704419889502767 0.0651639344262295
2 0.2021270718232044 0.33806557377049185 0.07858195211786365 0.0890819672131148
2 0.15779926335174943 0.21924590163934427 0.06426335174953957 0.055606557377049205
2 0.8788397790055248 0.4808688524590164 0.1045948434622467 0.15614754098360656
2 0.3279373848987108 0.0941639344262295 0.04962246777163913 0.04936065573770494
2 0.6884714548802947 0.35711475409836063 0.06191528545119706 0.0963770491803279
2 0.6444383057090239 0.2141311475409836 0.03734806629834249 0.06645901639344266
2 0.4533149171270718 0.6445081967213114 0.09875690607734806 0.23395081967213122
2 0.8641804788213628 0.8581967213114754 0.1721915285451197 0.2836065573770492
2 0.6083333333333333 0.5146229508196721 0.08639042357274396 0.21493442622950823
2 0.7397237569060773 0.46736065573770486 0.10201657458563533 0.19072131147540988
2 0.4890055248618784 0.3392131147540984 0.05181399631675873 0.08803278688524588