2 0.19372727272727275 0.43786407766990293 0.09130909090909096 0.10831715210355995
2 0.6419818181818182 0.46598705501618126 0.07430909090909092 0.14707119741100322
2 0.2124545454545455 0.188705501618123 0.04172727272727281 0.04409385113268608
2 0.1358545454545455 0.21063106796116504 0.04603636363636373 0.05202265372168281
2 0.7299545454545455 0.45983818770226537 0.07388181818181816 0.12024271844660203
2 0.685409090909091 0.34422330097087384 0.07509090909090901 0.0932847896440129
2 0.5627272727272727 0.8770226537216829 0.12545454545454546 0.2459546925566343
2 0.8618181818181818 0.9029126213592233 0.2109090909090909 0.1941747572815534
2 0.9672727272727273 0.8932038834951457 0.06545454545454546 0.21359223300970873
2 0.38959999999999995 0.6312459546925566 0.08582727272727281 0.18053398058252418
2 0.40299090909090907 0.4301618122977346 0.058309090909091 0.1073300970873787
2 0.4969363636363636 0.33302588996763755 0.06279090909090904 0.1330582524271845
2 0.4299 0.25407766990291264 0.03737272727272718 0.0656472491909385
2 0.555990909090909 0.26915857605177995 0.04535454545454534 0.06208737864077671
2 0.626009090909091 0.25674757281553395 0.03787272727272735 0.060323624595469305
2 0.5363 0.20485436893203882 0.026909090909090827 0.03991909385113271
2 0.19617272727272725 0.27758899676375404 0.06628181818181826 0.09491909385113263
2 0.595609090909091 0.19155339805825242 0.05282727272727284 0.052330097087378694
2 0.2878727272727272 0.16139158576051782 0.029399999999999926 0.03991909385113271
2 0.23629090909090905 0.13566343042071197 0.030900000000000007 0.03813915857605177
2 0.34717272727272724 0.13388349514563108 0.02341818181818181 0.03637540453074432
2 0.4747545454545455 0.17823624595469256 0.026409090909090868 0.03991909385113271