2 0.24936448598130845 0.11828903654485051 0.04849532710280383 0.04167774086378738
2 0.022897196261682243 0.34219269102990035 0.04579439252336449 0.08637873754152824
2 0.2546635514018692 0.1711129568106312 0.04836448598130841 0.04730897009966776
2 0.3731308411214953 0.08496677740863788 0.03533644859813079 0.05089700996677739
2 0.1588785046728972 0.5930232558139535 0.15327102803738318 0.21926910299003322
2 0.43644859813084114 0.6810631229235881 0.13644859813084112 0.2956810631229236
2 0.6345794392523364 0.5780730897009967 0.09532710280373832 0.19601328903654486
2 0.9691588785046729 0.8388704318936877 0.0616822429906542 0.3089700996677741
2 0.7592803738317757 0.49034883720930234 0.08980373831775715 0.14965116279069773
2 0.8732149532710279 0.439468438538206 0.12011214953271027 0.1795681063122924
2 0.5080186915887851 0.3356976744186046 0.05762616822429914 0.11779069767441855
2 0.5970560747663551 0.3100996677740864 0.06397196261682248 0.12189368770764118
2 0.6987757009345795 0.2824418604651162 0.07261682242990658 0.12393687707641199
2 0.7938598130841122 0.2655315614617941 0.06339252336448592 0.07784053156146181
2 0.7307570093457945 0.1697674418604651 0.05935514018691588 0.0747674418604651
2 0.6647757009345794 0.21842192691029902 0.0437943925233646 0.0676079734219269
2 0.5852429906542056 0.20305647840531563 0.0449532710280373 0.06965116279069769
2 0.5160841121495328 0.189734219269103 0.039186915887850525 0.059401993355481714
2 0.5267476635514019 0.13340531561461794 0.027084112149532727 0.04098006644518275
2 0.5765981308411215 0.10471760797342192 0.029971962616822584 0.04712624584717609
2 0.6336542056074767 0.12470099667774086 0.03457943925233645 0.05838870431893688
2 0.6941682242990654 0.1175249169435216 0.041495327102803826 0.048139534883720914
2 0.34395327102803736 0.0340531561461794 0.02345794392523356 0.027524916943521594
2 0.4441869158878504 0.05607973421926909 0.028317757009345752 0.04011627906976745
2 0.45879439252336446 0.018720930232558133 0.0194672897196261 0.02674418604651163