2 0.9471153846153846 0.8979750778816199 0.10576923076923077 0.20404984423676012
2 0.6213335275835276 0.8072862582208375 0.1141219891219892 0.22066458982346845
2 0.027097902097902096 0.9602803738317757 0.05419580419580419 0.0794392523364486
2 0.4422591297591297 0.7629370024229837 0.11290792540792527 0.2487885081343028
2 0.32449494949494945 0.626644167532018 0.10076728826728831 0.18821391484942876
2 0.4671621730870286 0.45913240775754954 0.05810663325114193 0.10174130697063018
2 0.5682171874368407 0.45463058001548623 0.05507498282064752 0.09633911368015415
2 0.26252576902865915 0.5000990402103254 0.09044423784308182 0.1314533700682478
2 0.23953575326407697 0.39700718491707626 0.07073851004486843 0.08193326490555164
2 0.3249272403896681 0.41636504420794834 0.06164355875338538 0.07382997496983777
2 0.4141082905533772 0.3740478634325536 0.04901168195965888 0.0774314371634884
2 0.48900058275058284 0.33357296908698775 0.037262417070109334 0.06290438533429184
2 0.5552604446835216 0.31584990813962777 0.03474090012551559 0.06639907340841922
2 0.44389344629729244 0.2928848150810767 0.03334005737851891 0.05242032111190995
2 0.49824614488076024 0.2744128924035466 0.03390039447731755 0.045430944963655184
2 0.45886415564633387 0.25320008636377656 0.02804126566502796 0.04040590974985351
2 0.5036090147476286 0.23546466796212331 0.02509866371252497 0.03639616298078406
2 0.5454978190126705 0.2271367323648253 0.022675344457522787 0.03207797415255543
2 0.4738368067575988 0.20863020881527408 0.02579104064252585 0.0388636994540576
3 0.3635180140524559 0.32124965776485304 0.06000531534973334 0.11099518280906615
2 0.9899475524475524 0.4104361370716511 0.020104895104895104 0.11059190031152648
2 0.8245024206562668 0.5744069015097052 0.12170521785906406 0.14857416726575617
2 0.8826654115115653 0.46776899113347703 0.11296395911780512 0.1341960220464894
2 0.8917428725121033 0.38988737119578243 0.08942980096826257 0.08866522885214471
2 0.9038461538461539 0.32398753894080995 0.0759817105970954 0.07907979870596685
2 0.7300295857988165 0.41504912532949917 0.06993006993006994 0.08866522885214471
2 0.7532275416890801 0.329379343398035 0.06656804733727814 0.0850706925473281
2 0.6762372243141473 0.32518571770908217 0.05110274341043581 0.07189072609633354
2 0.8147525551371705 0.2646776899113347 0.0470683162990855 0.05391804457225022
2 0.7347364174287251 0.24670500838725137 0.03765465303926844 0.04433261442607236
2 0.6836336740182895 0.23532231008866525 0.036309844002151606 0.052719865803977896
2 0.6402635825712749 0.26048406422238196 0.03698224852071012 0.052719865803977986
2 0.6190828402366864 0.2059669302659957 0.029585798816568018 0.04912532949916129
2 0.6859870898332436 0.19518332135154567 0.024878967186659585 0.03474718427989449