2 0.9140469021267361 0.8766203703703703 0.1651163736979166 0.24398148148148158
2 0.5873480902777778 0.7642746913580246 0.10199652777777786 0.19675925925925927
2 0.2060949900793651 0.9605324074074074 0.13376116071428581 0.0761574074074073
2 0.04045052083333326 0.9325617283950618 0.0802499999999999 0.13209876543209872
2 0.42730034722222215 0.7247299382716049 0.1009114583333333 0.2218364197530866
2 0.32204861111111105 0.6032021604938271 0.09006076388888892 0.16782407407407404
2 0.4495574421965318 0.45383750802825945 0.0519328034682081 0.09071933204881183
2 0.5398753612716763 0.4498233782915863 0.049223265895953806 0.08590237636480412
2 0.26666365606936415 0.49036608863198455 0.08083453757225434 0.11721258831085421
2 0.2461163294797688 0.3984425176621708 0.06322254335260116 0.0730571612074502
2 0.32243497109826585 0.415703275529865 0.05509393063583814 0.0658317276814386
2 0.4021405346820809 0.37797045600513807 0.04380419075144508 0.06904303147077716
2 0.46907552083333337 0.34188034188034183 0.03330328525641031 0.05608974358974355
2 0.5282952724358975 0.3260772792022792 0.03104967948717947 0.05920584045584047
2 0.4287610176282051 0.3056000712250712 0.029797676282051277 0.046741452991453
2 0.47733874198717946 0.2891292735042735 0.030298477564102554 0.040509259259259245
2 0.4421410891089109 0.27021452145214525 0.02506188118811874 0.036028602860286044
2 0.48213180693069313 0.2544004400440044 0.02243193069306928 0.032453245324532455
2 0.5195699257425742 0.24697469746974698 0.020266089108910902 0.02860286028602859
2 0.45552289603960394 0.23047304730473048 0.023050742574257477 0.034653465346534656
3 0.35692547505938244 0.3308920559514384 0.05362975059382422 0.09897070467141728
2 0.9489182692307694 0.4107905982905983 0.08173076923076916 0.09935897435897437
2 0.7689302884615384 0.5566239316239315 0.1087740384615385 0.1324786324786325
2 0.8209134615384615 0.46153846153846145 0.10096153846153841 0.11965811965811962
2 0.8290264423076923 0.3920940170940171 0.07992788461538466 0.07905982905982907
2 0.83984375 0.3333333333333333 0.06790865384615383 0.07051282051282048
2 0.6844951923076923 0.4145299145299145 0.0625 0.07905982905982903
2 0.7052283653846153 0.3381410256410256 0.05949519230769225 0.07585470085470085
2 0.6364182692307692 0.3344017094017094 0.04567307692307691 0.06410256410256407
2 0.7602163461538461 0.28044871794871795 0.04206730769230775 0.04807692307692307
2 0.6887019230769231 0.2644230769230769 0.033653846153846166 0.039529914529914514
2 0.6430288461538461 0.2542735042735043 0.03245192307692309 0.047008547008547
2 0.6042668269230769 0.2767094017094017 0.03305288461538467 0.047008547008547036
2 0.5853365384615384 0.2280982905982906 0.026442307692307664 0.043803418803418814
2 0.6451322115384615 0.218482905982906 0.022235576923076917 0.030982905982905963