2 0.7855616942909761 0.21985245901639347 0.04875690607734811 0.04593442622950817
2 0.7190055248618785 0.298344262295082 0.052486187845303865 0.07093442622950817
2 0.13027624309392263 0.5727049180327869 0.11134438305709025 0.1534426229508197
2 0.316279926335175 0.40299999999999997 0.06392265193370161 0.11490163934426234
2 0.5955893186003682 0.20437704918032784 0.03361878453038673 0.03859016393442626
2 0.2515469613259669 0.5984590163934427 0.08549723756906079 0.17272131147540987
3 0.2198710865561694 0.33270491803278684 0.10744935543278089 0.20808196721311467
2 0.48988950276243093 0.24181967213114752 0.0315377532228361 0.04655737704918029
2 0.4087292817679558 0.3867704918032787 0.05125230202578266 0.09955737704918036
2 0.3453038674033149 0.9491803278688524 0.1252302025782689 0.10163934426229508
2 0.03314917127071823 0.8098360655737705 0.06629834254143646 0.24918032786885247
2 0.5076795580110498 0.40439344262295085 0.05365561694290975 0.09096721311475411
2 0.3145764272559853 0.3051475409836065 0.01915285451197049 0.06819672131147544
2 0.4225598526703499 0.27295081967213114 0.04078268876611415 0.071983606557377
2 0.3785819521178637 0.22906557377049178 0.036528545119705304 0.053672131147541
2 0.3070441988950276 0.230655737704918 0.03184162062615105 0.057311475409836034
0 0.9103867403314918 0.30324590163934423 0.02200736648250469 0.06529508196721309
2 0.6748066298342542 0.17862295081967214 0.030313075506445738 0.035622950819672115
2 0.6156906077348067 0.1680983606557377 0.027283609576427358 0.034000000000000016
2 0.7089042357274401 0.1608032786885246 0.028195211786371906 0.030229508196721308