2 0.36889931740614335 0.42231003039513676 0.06332764505119456 0.11074468085106384
2 0.7422952218430034 0.3725227963525836 0.06951365187713313 0.07448328267477203
2 0.6451023890784983 0.19302431610942247 0.033805460750853146 0.03835866261398178
2 0.29238054607508535 0.36770516717325225 0.06125426621160406 0.0959878419452887
2 0.7086262798634813 0.1485258358662614 0.04329351535836178 0.04381458966565347
2 0.8219795221843004 0.22765957446808513 0.05452218430034137 0.04592705167173256
2 0.9163822525597269 0.47416413373860183 0.1075085324232082 0.1276595744680851
2 0.9496587030716723 0.3373860182370821 0.08873720136518772 0.0972644376899696
2 0.6228668941979523 0.8571428571428571 0.12457337883959044 0.2857142857142857
2 0.4308873720136519 0.7826747720364742 0.10238907849829351 0.26443768996960487
3 0.2568259385665529 0.7796352583586627 0.19795221843003413 0.3009118541033435
2 0.5767918088737202 0.49544072948328266 0.08020477815699659 0.1580547112462006
2 0.5588737201365188 0.3556231003039514 0.051194539249146756 0.0851063829787234
2 0.47013651877133106 0.3723404255319149 0.07167235494880546 0.08206686930091185
2 0.20051194539249148 0.5167173252279635 0.11262798634812286 0.1458966565349544
2 0.11774744027303755 0.45440729483282677 0.11433447098976109 0.15501519756838905
2 0.5440102389078498 0.24773556231003038 0.038609215017064845 0.06284194528875384
2 0.48709044368600685 0.2352887537993921 0.03528156996587023 0.06639817629179331
2 0.41618600682593854 0.27205167173252276 0.04127986348122867 0.0640273556231003
2 0.3709215017064847 0.24714285714285714 0.04127986348122867 0.0640273556231003
2 0.44348122866894196 0.20919452887537995 0.03994027303754261 0.0640273556231003
2 0.39854948805460755 0.19082066869300912 0.03395051194539246 0.04387537993920973
2 0.5446757679180887 0.18074468085106385 0.027960750853242306 0.037948328267477245