2 0.7252972027972028 0.5029283489096573 0.07277972027972027 0.14356697819314634
2 0.2805506993006993 0.2973831775700934 0.06179195804195809 0.06691588785046726
2 0.40601398601398603 0.2213551401869159 0.040026223776223745 0.043255451713395614
2 0.7874475524475524 0.34137071651090345 0.10907342657342654 0.21171339563862931
2 0.3106905594405594 0.3899065420560748 0.07508741258741267 0.08394080996884733
2 0.5991695804195805 0.3660591900311526 0.052080419580419514 0.09501557632398754
2 0.4361888111888112 0.9026479750778816 0.1381118881118881 0.19470404984423675
2 0.837027972027972 0.8220560747663551 0.1408653846153847 0.26657320872274126
2 0.5011363636363636 0.3671806853582555 0.0471503496503497 0.08853582554517139
2 0.5785751748251748 0.2831619937694704 0.04026223776223772 0.06657320872274144
2 0.6520192307692309 0.28866043613707165 0.04279720279720283 0.0710903426791277
2 0.6485751748251748 0.23113707165109032 0.031555944055943974 0.04781931464174453
2 0.5743968531468532 0.205607476635514 0.03336538461538448 0.07045171339563866
2 0.5210839160839161 0.18783489096573208 0.02901223776223781 0.058161993769470365
2 0.6772202797202798 0.18881619937694705 0.03590909090909085 0.03683800623052956
2 0.15585664335664332 0.29546728971962616 0.06885489510489509 0.0666043613707165
2 0.26945804195804196 0.19163551401869158 0.046048951048951105 0.05333333333333335
2 0.37507867132867134 0.18702492211838004 0.03338286713286718 0.03794392523364488
0 0.3333479020979021 0.13805295950155763 0.017840909090909164 0.029236760124610607