2 0.2788056013179572 0.26454545454545453 0.04074135090609558 0.04200879765395891
2 0.15386326194398678 0.4923607038123167 0.10208401976935745 0.10705278592375365
2 0.25018945634266887 0.23744868035190617 0.03467051070840191 0.04640762463343105
2 0.39279242174629325 0.27259530791788855 0.033467874794069284 0.04244868035190614
2 0.4538714991762768 0.7023460410557185 0.09390444810543658 0.21994134897360704
2 0.6342668863261944 0.7991202346041055 0.12191103789126853 0.25513196480938416
2 0.7924217462932455 0.7272727272727273 0.10873146622734761 0.20527859237536658
2 0.9612850082372323 0.8387096774193549 0.07742998352553541 0.2991202346041056
2 0.8113673805601318 0.4780058651026393 0.08072487644151564 0.12903225806451613
2 0.6930395387149918 0.4362463343108504 0.06115321252059309 0.11114369501466269
2 0.5791021416803953 0.35202346041055727 0.043130148270181135 0.07791788856304983
2 0.5099011532125206 0.37951612903225806 0.05149917627677099 0.08708211143695013
2 0.5063591433278418 0.30504398826979473 0.035403624382207594 0.061876832844574764
2 0.6460461285008237 0.31878299120234604 0.04570840197693576 0.08020527859237535
2 0.7413179571663921 0.333108504398827 0.05085667215815487 0.06760997067448682
2 0.5656177924217463 0.23711143695014664 0.02775947281713348 0.050586510263929615
2 0.61998352553542 0.23269794721407622 0.030733113673805556 0.046466275659824044
2 0.6875617792421747 0.2385923753665689 0.036350906095551985 0.046466275659824044
2 0.37373146622734765 0.21208211143695013 0.029332784184513922 0.037096774193548405
2 0.34034596375617787 0.1663782991202346 0.031268533772652415 0.02680351906158358
2 0.3841515650741351 0.15023460410557185 0.020074135090609464 0.028856304985337252
2 0.37450576606260294 0.13134897360703812 0.020074135090609464 0.018548387096774203
2 0.5555354200988467 0.18425219941348972 0.02238879736408572 0.030923753665689113