2 0.6536484375 0.22244444444444444 0.0366796875 0.041666666666666664
2 0.19346093749999999 0.5256666666666667 0.08304687499999999 0.12081944444444444
2 0.8704218750000001 0.4270972222222222 0.0973046875 0.0941388888888889
2 0.54921875 0.7 0.0828125 0.20555555555555555
2 0.1765625 0.8902777777777777 0.1625 0.21388888888888888
2 0.3875 0.9527777777777777 0.10625 0.08333333333333333
2 0.03203125 0.9097222222222222 0.0609375 0.18055555555555555
2 0.3164453125 0.5074722222222222 0.0794609375 0.15329166666666666
2 0.441 0.39575 0.05015625 0.09016666666666667
2 0.50890625 0.3802222222222222 0.047343750000000004 0.08916666666666667
2 0.508234375 0.30118055555555556 0.0363125 0.06330555555555556
2 0.3874765625 0.29741666666666666 0.0408984375 0.05202777777777778
2 0.372140625 0.3738888888888889 0.041953125 0.07584722222222222
2 0.2975703125 0.347875 0.0507734375 0.07145833333333333
2 0.742671875 0.239875 0.042812499999999996 0.042388888888888886
2 0.5828125 0.20905555555555558 0.025468750000000002 0.04045833333333333
2 0.6072031250000001 0.18688888888888888 0.023304687499999997 0.028902777777777777
2 0.6394453125 0.1811111111111111 0.026007812499999998 0.03083333333333333
2 0.45871874999999995 0.23265277777777776 0.025468750000000002 0.04720833333333334
2 0.41032812500000004 0.23695833333333335 0.026875 0.04608333333333333
2 0.955125 0.6949722222222222 0.0897578125 0.16352777777777777