2 0.687005033557047 0.5149402985074627 0.07614093959731542 0.14659701492537316
2 0.6491191275167785 0.39385074626865674 0.05784395973154366 0.0968507462686567
2 0.26463087248322154 0.2094328358208955 0.04223993288590596 0.051328358208955205
2 0.3514345637583892 0.23755223880597015 0.047818791946308725 0.0505970149253731
2 0.4395973154362416 0.7328358208955223 0.09395973154362416 0.2208955223880597
2 0.7869127516778524 0.7925373134328358 0.15100671140939598 0.28059701492537314
2 0.9546979865771812 0.8492537313432836 0.09060402684563758 0.29253731343283584
3 0.8212835570469799 0.4348059701492537 0.17533557046979867 0.268910447761194
2 0.5776426174496644 0.5672686567164179 0.08354865771812074 0.18389552238805976
2 0.47203020134228185 0.37229850746268656 0.04914429530201336 0.10399999999999993
2 0.5471895973154363 0.28091044776119406 0.04232382550335574 0.06265671641791047
2 0.4812667785234899 0.27085074626865674 0.03844798657718115 0.06553731343283586
2 0.6244127516778523 0.27171641791044776 0.04038590604026835 0.07070149253731343
2 0.6890352348993288 0.26050746268656716 0.03973993288590595 0.07358208955223883
2 0.5370805369127517 0.20299999999999999 0.03635067114093954 0.043402985074626844
2 0.4899664429530201 0.19917910447761192 0.031090604026845593 0.04765671641791046
2 0.2122902684563758 0.20395522388059703 0.04368288590604021 0.04483582089552242
2 0.2932802013422819 0.13670149253731345 0.028901006711409435 0.03228358208955223
2 0.378003355704698 0.12643283582089554 0.023145973154362346 0.028402985074626866
2 0.4179194630872483 0.11668656716417912 0.024043624161073893 0.030641791044776122