2 0.37122866894197953 0.34209726443768995 0.056936860068259404 0.061595744680851106
2 0.8476962457337884 0.8974164133738601 0.16296928327645052 0.20516717325227962
2 0.943259385665529 0.7598784194528876 0.11348122866894197 0.2006079027355623
2 0.6044880546075085 0.5662310030395137 0.07439419795221848 0.1696960486322188
2 0.1399744027303754 0.4198328267477204 0.0997610921501707 0.09361702127659578
2 0.7063651877133106 0.5182218844984803 0.08688566552901036 0.1528571428571429
2 0.7578583617747441 0.39977203647416415 0.07401877133105803 0.09171732522796357
2 0.6661348122866895 0.3672796352583586 0.049343003412969225 0.06496960486322188
2 0.5207849829351536 0.3443617021276596 0.054709897610921605 0.10317629179331304
2 0.5846075085324232 0.314741641337386 0.045051194539249106 0.08980243161094222
2 0.3475 0.28006079027355624 0.056441979522184375 0.091838905775076
2 0.32868600682593857 0.19753799392097263 0.028566552901023907 0.03848024316109421
2 0.3833873720136519 0.18512158054711247 0.023694539249146742 0.035987841945288764
2 0.41021331058020477 0.19566869300911854 0.03135665529010239 0.044680851063829755
2 0.4422696245733789 0.21987841945288755 0.02996587030716714 0.04592705167173256
2 0.46491467576791806 0.15161094224924013 0.019513651877133012 0.026063829787234052
2 0.39070819112627986 0.147887537993921 0.02160409556313988 0.03848024316109421
2 0.6349402730375426 0.28006079027355624 0.045989761092150055 0.04715805471124625
2 0.7070563139931741 0.28937689969604863 0.0508703071672354 0.07074468085106385
2 0.6777901023890786 0.2391033434650456 0.04389931740614338 0.044680851063829755
2 0.5732679180887372 0.2508966565349544 0.02996587030716714 0.05337386018237083
2 0.5244965870307168 0.2751063829787234 0.038327645051194605 0.04715805471124625
2 0.6126450511945393 0.22980243161094227 0.039018771331058036 0.04840425531914897
2 0.6380716723549489 0.19256838905775078 0.03274744027303744 0.04343465045592703