2 0.1778924914675768 0.432613981762918 0.09207337883959052 0.09243161094224932
2 0.6642918088737201 0.3653951367781155 0.05348122866894184 0.08516717325227958
2 0.4522184300341297 0.817629179331307 0.11092150170648464 0.2917933130699088
2 0.6331058020477816 0.9240121580547113 0.13822525597269625 0.1519756838905775
2 0.8171331058020478 0.8119756838905775 0.15586177474402738 0.3220364741641339
2 0.47075085324232085 0.47794832826747724 0.06641638225255966 0.13560790273556234
2 0.6623037542662116 0.5623404255319149 0.06722696245733785 0.13416413373860178
2 0.8546757679180887 0.5493617021276596 0.10367747440273017 0.15436170212765948
2 0.5087201365187713 0.25778115501519755 0.03482935153583612 0.06711246200607898
2 0.5723464163822525 0.3131762917933131 0.04194539249146765 0.07661094224924007
2 0.6308105802047781 0.26379939209726444 0.036612627986348 0.056352583586626113
2 0.7084470989761091 0.26677811550151975 0.04948805460750853 0.07317629179331303
2 0.5599914675767917 0.2288145896656535 0.03143344709897604 0.05931610942249236
2 0.22603242320819109 0.2868693009118541 0.06885665529010243 0.08109422492401218
2 0.3085494880546075 0.1611854103343465 0.03357508532423201 0.03446808510638299
2 0.4348805460750853 0.14598784194528877 0.024470989761092205 0.04054711246200609