2 0.6489274193548387 0.2022349570200573 0.03786290322580649 0.04297994269340974
2 0.17389516129032256 0.5150143266475645 0.08572580645161286 0.1246275071633238
2 0.8726935483870969 0.4133381088825215 0.10044354838709692 0.09710601719197703
2 0.5411290322580645 0.6948424068767909 0.08548387096774193 0.21203438395415472
2 0.15645161290322582 0.8904011461318052 0.16774193548387098 0.2191977077363897
2 0.3741935483870968 0.9555873925501432 0.10967741935483871 0.08595988538681948
2 0.01935483870967742 0.9090257879656161 0.03870967741935484 0.1819484240687679
2 0.3008467741935484 0.4962464183381089 0.08202419354838712 0.15812320916905445
2 0.4294193548387097 0.3810028653295129 0.05177419354838713 0.09300859598853863
2 0.49951612903225806 0.36498567335243554 0.04887096774193541 0.09197707736389692
2 0.4988225806451613 0.28345272206303723 0.03748387096774195 0.06530085959885384
2 0.3741693548387097 0.27957020057306586 0.04221774193548389 0.05366762177650427
2 0.3583387096774193 0.35845272206303724 0.043306451612903266 0.07823782234957022
2 0.2813629032258064 0.3316189111747851 0.052411290322580656 0.07371060171919769
2 0.7408225806451613 0.22021489971346705 0.044193548387096736 0.04372492836676215
2 0.5758064516129032 0.18842406876790832 0.02629032258064509 0.04173352435530085
2 0.600983870967742 0.16555873925501433 0.02405645161290317 0.029813753581661894
2 0.6342661290322581 0.15959885386819486 0.026846774193548358 0.03180515759312319
2 0.4477096774193548 0.21276504297994267 0.02629032258064509 0.04869627507163325
2 0.39775806451612905 0.21720630372492838 0.02774193548387095 0.04753581661891119
2 0.9568548387096775 0.6891117478510028 0.08629032258064516 0.16905444126074498