2 0.8266369529983792 0.3671757925072046 0.07272285251215542 0.06889048991354475
2 0.641969205834684 0.3215994236311239 0.052658022690437616 0.06272334293948123
2 0.33364667747163695 0.43780979827089334 0.05713938411669367 0.09999999999999996
2 0.28720421393841167 0.34469740634005763 0.050291734197731 0.06548991354466857
2 0.9651539708265803 0.38904899135446686 0.06969205834683954 0.06340057636887608
2 0.715226904376013 0.21370317002881845 0.03666126418152351 0.039452449567723334
2 0.8946515397082658 0.5244956772334294 0.13614262560777957 0.16138328530259366
2 0.5356564019448946 0.6109510086455331 0.07941653160453808 0.1844380403458213
2 0.1766612641815235 0.5446685878962536 0.1166936790923825 0.14985590778097982
2 0.4213938411669368 0.4827089337175792 0.06158833063209076 0.12968299711815562
2 0.5033792544570502 0.3771181556195966 0.04679902755267423 0.09985590778097976
2 0.44956239870340353 0.26894812680115276 0.03275526742301465 0.06989913544668587
2 0.37795786061588327 0.2939193083573487 0.04679902755267423 0.06324207492795388
2 0.3414586709886548 0.24981268011527377 0.0355672609400324 0.044927953890489924
2 0.25067260940032415 0.28060518731988476 0.0524149108589951 0.06324207492795388
2 0.4018233387358185 0.2273487031700288 0.030883306320907536 0.04659942363112388
2 0.3662641815235008 0.20155619596541785 0.03649918962722849 0.054913544668587916
2 0.643387358184765 0.17670028818443803 0.02909238249594821 0.03347262247838619
2 0.5944003241491086 0.16224783861671468 0.02096434359805502 0.03499999999999999
2 0.5582414910858995 0.1386599423631124 0.017965964343598113 0.027391930835734858
2 0.49192868719611016 0.2143515850144092 0.03166126418152345 0.050965417867435164
2 0.4596272285251215 0.18962536023054755 0.024384116693679025 0.04260806916426512
2 0.4202674230145867 0.18886167146974062 0.02866288492706636 0.03347262247838619