2 0.3623727272727273 0.327621359223301 0.057209090909090966 0.06359223300970876
2 0.6975454545454545 0.40529126213592237 0.060999999999999915 0.09127831715210351
2 0.28128181818181813 0.323915857605178 0.06990000000000009 0.07679611650485434
2 0.30069999999999997 0.24558252427184468 0.04659999999999999 0.05223300970873791
2 0.3477363636363636 0.1549514563106796 0.025027272727272704 0.03686084142394822
2 0.4133272727272727 0.1664724919093851 0.025027272727272704 0.03839805825242717
2 0.36814545454545455 0.13389967637540454 0.02365454545454544 0.03213592233009711
2 0.4618363636363636 0.14192556634304207 0.02116363636363634 0.03046925566343044
2 0.46456363636363635 0.8330420711974111 0.12391818181818177 0.2635275080906147
2 0.8 0.7369417475728155 0.1207818181818183 0.23809061488673136
2 0.9149363636363637 0.6283009708737864 0.11428181818181822 0.182621359223301
2 0.5126090909090909 0.4412297734627832 0.057481818181818196 0.10914239482200655
2 0.6058545454545455 0.4253236245954693 0.062590909090909 0.12278317152103559
2 0.5247454545454545 0.31844660194174756 0.04599090909090902 0.07731391585760514
2 0.7518090909090909 0.3421197411003236 0.05392727272727267 0.07307443365695787
2 0.5863999999999999 0.2626051779935275 0.033809090909090955 0.05444983818770223
2 0.6600545454545454 0.28817152103559873 0.0458000000000001 0.07134304207119738
2 0.7227181818181818 0.28080906148867313 0.04516363636363621 0.06341423948220064
2 0.5264636363636364 0.24344660194174755 0.030536363636363563 0.05208737864077669
2 0.5706818181818182 0.19351132686084144 0.023863636363636365 0.04024271844660195
2 0.6738454545454545 0.2027346278317152 0.030463636363636356 0.045275080906148894