2 0.318953125 0.49705555555555553 0.065046875 0.1280138888888889
2 0.7164453125 0.31377777777777777 0.0552265625 0.059666666666666666
2 0.6043125 0.24598611111111113 0.0357734375 0.03856944444444444
2 0.26340625 0.353 0.097484375 0.18877777777777777
2 0.6895078125 0.3962777777777778 0.067109375 0.07484722222222222
2 0.43167968749999996 0.37501388888888887 0.046546875 0.08472222222222223
2 0.57734375 0.8833333333333333 0.1234375 0.23333333333333334
2 0.21909375 0.7816111111111111 0.12589843750000002 0.23769444444444443
2 0.519296875 0.3760138888888889 0.042140625 0.07894444444444446
2 0.45008593750000003 0.30109722222222224 0.035984375 0.059361111111111114
2 0.38444531249999997 0.306 0.03825 0.06338888888888888
2 0.38752343749999996 0.2547083333333333 0.028203125000000002 0.042638888888888886
2 0.4538203125 0.23194444444444445 0.0298203125 0.06281944444444444
2 0.50146875 0.21609722222222222 0.0259296875 0.051861111111111115
2 0.361921875 0.21697222222222223 0.03209375 0.03284722222222222
2 0.827890625 0.31206944444444445 0.0615390625 0.05938888888888889
2 0.726359375 0.2194861111111111 0.04115625 0.04755555555555556
2 0.6319609374999999 0.21537499999999998 0.0298359375 0.03383333333333333
0 0.6692578124999999 0.17170833333333332 0.0159453125 0.026069444444444444