2 0.31141638225255974 0.281048632218845 0.06564846416382257 0.07167173252279631
2 0.16232935153583616 0.36129179331306993 0.08984641638225262 0.07098784194528882
2 0.6049317406143345 0.5741641337386019 0.0623976109215018 0.13553191489361693
2 0.4513651877133106 0.7203647416413373 0.11604095563139932 0.2796352583586626
2 0.09897610921501707 0.5486322188449848 0.1552901023890785 0.15501519756838905
2 0.5023378839590443 0.4324468085106383 0.06726109215017059 0.11028875379939217
2 0.878122866894198 0.6016869300911855 0.12917235494880536 0.17493920972644378
2 0.6987713310580205 0.4286474164133739 0.08647610921501699 0.12550151975683896
2 0.5834726962457338 0.354483282674772 0.06085324232081906 0.11788753799392088
2 0.518882252559727 0.28699088145896656 0.04057167235494877 0.09317629179331308
2 0.5743941979522185 0.25466565349544074 0.04057167235494877 0.07034954407294836
2 0.6459215017064847 0.273677811550152 0.034163822525597236 0.07034954407294836
2 0.7291979522184301 0.3050455927051672 0.0576450511945392 0.07606382978723406
2 0.7852474402730375 0.25940729483282676 0.06511945392491462 0.07226443768996962
2 0.5220307167235495 0.2213981762917933 0.03032423208191123 0.047826747720364784
2 0.5192150170648464 0.17664133738601823 0.023822525597269686 0.03703647416413375
2 0.5640443686006825 0.17395136778115503 0.02945392491467575 0.04706686930091181
2 0.6168856655290103 0.18358662613981766 0.0389846416382253 0.049376899696048644
2 0.6567320819112629 0.1874468085106383 0.037252559726962335 0.044741641337386014
2 0.6948549488054607 0.2275683890577508 0.03725255972696253 0.060182370820668726
2 0.4579180887372013 0.10489361702127659 0.018191126279863426 0.026231003039513662
2 0.5231143344709898 0.13729483282674773 0.022090443686006912 0.03395136778115502
2 0.5499658703071671 0.12803951367781155 0.022090443686006912 0.03395136778115502
2 0.582235494880546 0.12264437689969605 0.02511945392491472 0.03240121580547112