2 0.19580530973451327 0.3708990536277602 0.06902654867256637 0.0705362776025237
2 0.32379646017699115 0.2970820189274448 0.04725663716814167 0.06261829652996843
2 0.6492566371681416 0.42481072555205046 0.06183185840707955 0.09668769716088321
2 0.30461061946902657 0.23206624605678233 0.03816814159292045 0.04832807570977916
2 0.15587610619469025 0.31883280757097787 0.059274336283185854 0.0694321766561514
2 0.7641504424778761 0.4293375394321766 0.07220353982300898 0.11570977917981075
2 0.08628318584070796 0.7350157728706624 0.17256637168141592 0.3186119873817035
2 0.42920353982300885 0.6892744479495269 0.10973451327433628 0.2334384858044164
2 0.5699115044247788 0.6419558359621451 0.09380530973451327 0.20189274447949526
2 0.7292035398230089 0.6640378548895899 0.1256637168141593 0.2082018927444795
2 0.8707964601769912 0.9834384858044164 0.1504424778761062 0.033123028391167195
2 0.9376106194690266 0.8588328075709779 0.12477876106194691 0.2823343848580442
2 0.10287610619469026 0.2999526813880126 0.08699115044247793 0.08859621451104104
2 0.2659823008849557 0.22727129337539434 0.03883185840707974 0.062302839116719244
2 0.45549557522123896 0.40031545741324925 0.05281415929203546 0.0982807570977919
2 0.5479203539823009 0.37817034700315455 0.049707964601769974 0.09828075709779172
2 0.3894778761061947 0.18921135646687698 0.03728318584070806 0.05260252365930603
2 0.33432743362831857 0.1954416403785489 0.048159292035398295 0.040141955835962126
2 0.3296637168141593 0.14837539432176655 0.0310707964601769 0.040141955835962126
2 0.38015044247787616 0.11029968454258676 0.026407079646017628 0.035993690851735004
2 0.4135486725663716 0.11722397476340693 0.02019469026548667 0.04152996845425865
2 0.681849557522124 0.3010252365930599 0.06691150442477888 0.08473186119873813
2 0.5932212389380531 0.2942271293375394 0.053999999999999986 0.08159305993690855
2 0.5318849557522124 0.23094637223974762 0.036973451327433605 0.04916403785488962
2 0.4758318584070797 0.27277602523659306 0.04695575221238933 0.05753943217665618
2 0.479646017699115 0.20897476340694007 0.04049557522123893 0.051261829652996846
2 0.5154513274336283 0.16869085173501575 0.026415929203539742 0.04812302839116718
2 0.6351858407079646 0.21263406940063093 0.036973451327433605 0.058580441640378525
2 0.5776637168141593 0.19694006309148268 0.036973451327433605 0.06067823343848585