2 0.703828125 0.4425 0.07846875 0.09297222222222222
2 0.318609375 0.46663888888888894 0.063859375 0.1262361111111111
2 0.687734375 0.2286388888888889 0.035859375 0.03784722222222222
2 0.7535624999999999 0.2474583333333333 0.0395625 0.04465277777777778
2 0.2430078125 0.4613611111111111 0.06349218749999999 0.10320833333333333
2 0.2812890625 0.36212500000000003 0.06453125 0.08006944444444444
2 0.38671875 0.8527777777777777 0.1078125 0.2777777777777778
2 0.1296875 0.8763888888888889 0.18125 0.2361111111111111
2 0.03515625 0.8583333333333333 0.0640625 0.23333333333333334
2 0.5355000000000001 0.6084861111111112 0.07375781249999999 0.15495833333333334
2 0.5239921875 0.4358888888888889 0.050109375 0.092125
2 0.4432578125 0.3525138888888889 0.05396093749999999 0.11420833333333334
2 0.5008671875 0.28475 0.0321171875 0.05634722222222222
2 0.3925078125 0.29769444444444443 0.0389765625 0.05329166666666666
2 0.3323359375 0.28704166666666664 0.032546874999999996 0.05177777777777778
2 0.40942968750000003 0.2425 0.023125 0.03426388888888889
2 0.7017265625 0.3049305555555556 0.056960937499999996 0.08147222222222222
2 0.90546875 0.44027777777777777 0.1046875 0.125
2 0.35846093749999997 0.23108333333333334 0.0453984375 0.044916666666666674
2 0.6229218750000001 0.20519444444444446 0.025265625000000003 0.03426388888888889
2 0.66725 0.1831111111111111 0.0265546875 0.03273611111111111
2 0.5719609375 0.18158333333333335 0.020125 0.031222222222222224
2 0.4623203125 0.21965277777777778 0.022695312500000002 0.03426388888888889