2 0.658298555377207 0.2697 0.04277688603531297 0.05587142857142859
2 0.25695826645264846 0.3624571428571429 0.05765650080256824 0.0750142857142857
2 0.8028651685393258 0.26194285714285714 0.05525682182985547 0.046099999999999974
2 0.7059390048154093 0.4318428571428572 0.08201444622792942 0.09855714285714287
2 0.2931219903691814 0.4662428571428571 0.06727126805778486 0.11764285714285717
2 0.714991974317817 0.19537142857142856 0.03126003210272877 0.03545714285714285
2 0.6702568218298556 0.18852857142857143 0.03531300160513644 0.04155714285714282
2 0.5858747993579454 0.9485714285714286 0.12520064205457465 0.10285714285714286
2 0.5465489566613162 0.6657142857142857 0.09149277688603531 0.21142857142857144
2 0.3780096308186196 0.7928571428571428 0.10754414125200643 0.24857142857142858
2 0.08271268057784911 0.6766 0.13229534510433388 0.18337142857142844
2 0.0449438202247191 0.5071428571428571 0.0898876404494382 0.14285714285714285
2 0.5147752808988764 0.3999142857142857 0.05150080256821836 0.08791428571428567
2 0.4241171749598716 0.38107142857142856 0.05220706260032099 0.10297142857142863
2 0.3379695024077047 0.35485714285714287 0.050866773675762436 0.0766857142857143
2 0.4392536115569823 0.2785714285714286 0.03620385232744775 0.06934285714285718
2 0.37612359550561797 0.25925714285714285 0.03875601926163721 0.06704285714285715
2 0.3138282504012841 0.2566857142857143 0.040200642054574666 0.0515714285714286
2 0.49232744783306587 0.17614285714285713 0.02341091492776892 0.05118571428571431
2 0.4491894060995185 0.18928571428571428 0.025192616372391733 0.040314285714285754
2 0.39638844301765647 0.20762857142857144 0.028499197431781694 0.04711428571428574
2 0.41038523274478333 0.16708571428571428 0.02544943820224722 0.03941428571428572
2 0.3470224719101124 0.2074 0.030537720706259996 0.04212857142857144
2 0.9723113964686998 0.38285714285714284 0.05537720706260032 0.09142857142857143
2 0.5563884430176564 0.1354 0.021709470304975886 0.030814285714285704
2 0.5845505617977528 0.12415714285714285 0.01813804173354728 0.026899999999999976
2 0.6212359550561797 0.13662857142857143 0.022808988764045003 0.023485714285714283
2 0.6654815409309792 0.14835714285714285 0.025008025682183053 0.031299999999999994