2 0.735140625 0.3283055555555556 0.0653671875 0.07309722222222223
2 0.5889921874999999 0.19969444444444445 0.03396875 0.04044444444444444
2 0.8308046875 0.36016666666666663 0.076625 0.06890277777777777
2 0.7982734375 0.26019444444444445 0.048953125 0.04605555555555555
2 0.43628906250000005 0.36816666666666664 0.04246875 0.07329166666666667
2 0.7578437499999999 0.5089583333333333 0.0954765625 0.12925
2 0.5573203125 0.13804166666666667 0.0196796875 0.02415277777777778
2 0.590625 0.8777777777777778 0.1125 0.23333333333333334
2 0.4049765625 0.7199583333333334 0.0893203125 0.22375
2 0.2811484375 0.5918472222222222 0.093375 0.18044444444444444
2 0.047703125 0.8065694444444444 0.0893203125 0.2345694444444444
2 0.52015625 0.4209444444444444 0.052617187499999996 0.09354166666666666
2 0.3572265625 0.3454305555555556 0.048812499999999995 0.08227777777777778
2 0.2351953125 0.4119305555555555 0.06846875 0.08452777777777777
2 0.507546875 0.3082083333333333 0.038296875 0.06881944444444445
2 0.45153906250000003 0.2518333333333333 0.0317109375 0.05709722222222222
2 0.37803125 0.28331944444444446 0.035414062499999996 0.05418055555555555
2 0.32532031250000004 0.26684722222222224 0.0370625 0.050513888888888886
2 0.5023984375 0.2207222222222222 0.0271796875 0.040263888888888884
2 0.459359375 0.20462500000000003 0.02759375 0.04172222222222222
2 0.6217265624999999 0.140875 0.018296875 0.024916666666666667