2 0.6982218597063622 0.30569565217391304 0.06275693311582387 0.06834782608695647
2 0.840742251223491 0.38221739130434784 0.08588907014681907 0.0676956521739131
2 0.41763458401305054 0.5852173913043478 0.05964926590538345 0.12924637681159412
2 0.564437194127243 0.7246376811594203 0.11092985318107668 0.26666666666666666
2 0.901305057096248 0.5608695652173913 0.14845024469820556 0.14782608695652175
2 0.5157096247960848 0.45007246376811594 0.06429853181076667 0.10517391304347834
2 0.15647634584013048 0.611463768115942 0.12348287112561174 0.16682608695652176
2 0.3279282218597064 0.4464492753623189 0.08266721044045679 0.11968115942028991
2 0.4381484502446982 0.37572463768115943 0.058172920065252806 0.11242028985507237
2 0.49989396411092984 0.3113623188405797 0.03878466557911905 0.08885507246376811
2 0.4468270799347471 0.28053623188405796 0.03878466557911905 0.06708695652173916
2 0.37845024469820554 0.2986666666666667 0.03265905383360519 0.06708695652173916
2 0.29884176182707994 0.32857971014492754 0.0551060358890701 0.07253623188405799
2 0.24526101141924958 0.28505797101449276 0.062251223491027775 0.06891304347826088
2 0.49688417618270797 0.24881159420289856 0.028988580750407802 0.04560869565217395
2 0.49957585644371943 0.20613043478260867 0.022773246329526976 0.03531884057971015
2 0.45672104404567704 0.20356521739130437 0.02815660685154974 0.04488405797101445
2 0.4062071778140294 0.21275362318840582 0.037267536704730875 0.047086956521739144
2 0.368115823817292 0.21643478260869567 0.03561174551386621 0.042666666666666665
2 0.3316721044045677 0.25469565217391305 0.03561174551386621 0.05739130434782612
2 0.5581729200652529 0.13771014492753622 0.017389885807504026 0.025014492753623174
2 0.4958482871125611 0.16860869565217393 0.021117455138662398 0.0323768115942029
2 0.47017944535073414 0.15978260869565217 0.021117455138662398 0.0323768115942029
2 0.4393311582381729 0.15463768115942028 0.024013050570962525 0.03089855072463767