2 0.2877896613190731 0.3882857142857143 0.07234402852049908 0.10030158730158739
2 0.8168983957219251 0.2600793650793651 0.0564171122994652 0.056492063492063455
2 0.4048395721925134 0.32434920634920633 0.0461586452762923 0.08020634920634925
2 0.903680926916221 0.28657142857142853 0.07450089126559728 0.06077777777777781
2 0.2035115864527629 0.5321904761904761 0.09423351158645278 0.14073015873015868
2 0.7937433155080215 0.31612698412698415 0.051399286987522344 0.06471428571428568
2 0.6870677361853832 0.25741269841269837 0.04708556149732614 0.05812698412698413
2 0.4251247771836007 0.2571428571428571 0.039928698752228126 0.06311111111111109
2 0.767584670231729 0.16153968253968254 0.028547237076648815 0.039698412698412684
2 0.41532976827094475 0.9761904761904762 0.1532976827094474 0.047619047619047616
2 0.5991711229946524 0.6385873015873016 0.09770053475935819 0.24420634920634923
2 0.23923351158645279 0.8064761904761906 0.14568627450980395 0.23198412698412713
2 0.04723707664884135 0.8936507936507937 0.0944741532976827 0.2126984126984127
2 0.46830659536541897 0.4342063492063492 0.0597950089126559 0.09847619047619041
2 0.364795008912656 0.4496666666666667 0.0713636363636364 0.14312698412698407
2 0.49113190730837786 0.2922222222222222 0.03600713012477726 0.061825396825396804
2 0.5502852049910874 0.23668253968253972 0.03086452762923361 0.06526984126984128
2 0.5116042780748663 0.17007936507936508 0.026203208556149812 0.03539682539682541
3 0.35802139037433156 0.230015873015873 0.07137254901960788 0.12309523809523812
2 0.6876916221033869 0.18571428571428572 0.028770053475935805 0.04280952380952385