2 0.8299843750000001 0.3819861111111111 0.0786015625 0.07330555555555555
2 0.7518828125 0.5023333333333333 0.101546875 0.10445833333333332
2 0.33975 0.48040277777777773 0.0576328125 0.11141666666666666
2 0.4218828125 0.5535 0.061742187500000004 0.118125
2 0.361421875 0.3515277777777778 0.04921875 0.09477777777777777
2 0.5828125 0.7555555555555555 0.1 0.24444444444444444
2 0.203125 0.7916666666666666 0.11875 0.22777777777777777
2 0.10234375 0.65 0.1296875 0.15555555555555556
3 0.7407109375 0.33402777777777776 0.0940390625 0.14958333333333335
2 0.7145859375 0.22363888888888891 0.028476562500000004 0.033375
2 0.6386953125 0.18136111111111114 0.021281249999999998 0.025597222222222223
2 0.5182109374999999 0.41379166666666667 0.0433984375 0.07815277777777778
2 0.2654453125 0.3967638888888889 0.060867187499999996 0.09218055555555556
2 0.4457890625 0.3030833333333333 0.0315625 0.057111111111111106
2 0.39309375 0.28404166666666664 0.031 0.063125
2 0.3074296875 0.326625 0.042265625 0.04809722222222223
2 0.50609375 0.2805416666666667 0.0293046875 0.04809722222222223
2 0.41900000000000004 0.223875 0.0273828125 0.033694444444444444