2 0.6426698262243286 0.28672752808988766 0.04897314375987362 0.06214887640449438
2 0.8469905213270141 0.4742977528089887 0.09697472353870457 0.10051966292134838
2 0.3133728278041074 0.4966292134831461 0.06745655608214848 0.1267556179775281
2 0.6290679304897314 0.1478932584269663 0.021524486571879938 0.02669943820224718
2 0.4373617693522907 0.4375 0.04962085308056867 0.10411516853932584
2 0.549565560821485 0.5858286516853933 0.09998420221169031 0.19855337078651686
2 0.39699052132701423 0.8409550561797753 0.1402369668246445 0.28397471910112365
2 0.14054502369668248 0.6516292134831461 0.15191943127962088 0.20547752808988773
2 0.2619510268562401 0.3630337078651686 0.07271721958925746 0.09004213483146069
2 0.5200078988941549 0.39178370786516853 0.048657187993680816 0.0966151685393258
2 0.5090600315955767 0.2619943820224719 0.0364928909952607 0.06778089887640448
2 0.4449921011058452 0.2792977528089888 0.0446050552922591 0.07643258426966294
2 0.38781200631911533 0.2656039325842697 0.04055292259083722 0.07786516853932585
2 0.33874407582938393 0.2641573033707865 0.03973933649289095 0.051910112359550536
2 0.5814139020537126 0.17688202247191012 0.027282780410742467 0.0315730337078652
2 0.5967851500789889 0.14338483146067416 0.025110584518167427 0.03233146067415732
2 0.5859636650868879 0.1183567415730337 0.024249605055292296 0.034648876404494364
2 0.5015244865718799 0.1872752808988764 0.02857819905213275 0.040042134831460664
2 0.46363349131121645 0.1803370786516854 0.02814375987361778 0.044648876404494414
2 0.43484202211690365 0.1599438202247191 0.024249605055292296 0.033103932584269656
2 0.37205371248025276 0.19189606741573034 0.029447077409162695 0.06005617977528089
2 0.50065560821485 0.15223314606741573 0.01992101105845184 0.030028089887640445