2 0.37838915470494416 0.2734943181818182 0.03863636363636367 0.04563920454545454
2 0.31285486443381183 0.41437500000000005 0.07161881977671447 0.07562500000000001
2 0.25785486443381184 0.28110795454545456 0.050239234449760764 0.05571022727272723
2 0.33603668261562997 0.19894886363636363 0.03351674641148323 0.03997159090909089
2 0.6773365231259968 0.47170454545454543 0.0615231259968101 0.11836647727272732
2 0.09481658692185015 0.46258522727272733 0.11106858054226491 0.09292613636363631
2 0.2509649122807018 0.35423295454545456 0.05511164274322161 0.06718749999999994
2 0.75518341307815 0.6803977272727273 0.11802232854864433 0.2556818181818182
2 0.5980861244019139 0.8615056818181818 0.11961722488038277 0.27698863636363635
2 0.8229665071770335 0.9495738636363636 0.1419457735247209 0.10085227272727272
2 0.9597288676236044 0.8700284090909091 0.08054226475279107 0.2599431818181818
2 0.4800637958532695 0.4289772727272727 0.05582137161084529 0.11647727272727272
2 0.5629984051036683 0.35795454545454547 0.05582137161084529 0.14488636363636365
2 0.5 0.3224431818181818 0.03189792663476874 0.08522727272727272
2 0.4305023923444976 0.1746448863636364 0.027902711323763964 0.03348011363636363
2 0.7483333333333334 0.41944602272727277 0.07190590111642749 0.10758522727272729
2 0.605956937799043 0.2795738636363636 0.050622009569378006 0.06762784090909092
2 0.6798803827751195 0.30160511363636366 0.04429824561403505 0.0625
2 0.6473763955342903 0.23602272727272727 0.04371610845295069 0.046107954545454514
2 0.5389393939393939 0.22271306818181816 0.028189792663476803 0.05225852272727276
2 0.5823684210526315 0.22014204545454544 0.0322169059011165 0.055326704545454526
2 0.4949282296650718 0.25345170454545457 0.02991228070175438 0.05225852272727276