2 0.8085635359116022 0.3436393442622951 0.07474217311233892 0.10359016393442623
2 0.2619152854511971 0.2112295081967213 0.05828729281767952 0.058344262295081925
2 0.6876335174953959 0.2776065573770492 0.04768876611418044 0.08283606557377055
2 0.17225598526703492 0.23859016393442622 0.07697053406998151 0.06277049180327872
2 0.8956353591160222 0.49226229508196717 0.0973572744014733 0.1453442622950819
2 0.28583793738489865 0.26911475409836066 0.05310313075506452 0.06683606557377046
2 0.3960497237569061 0.20847540983606555 0.048646408839778936 0.06003278688524591
2 0.6666758747697974 0.2081967213114754 0.041252302025782644 0.06518032786885244
2 0.04604051565377532 0.5278688524590164 0.09208103130755065 0.16065573770491803
2 0.3128637200736648 0.10945901639344262 0.029493554327808445 0.04099999999999999
2 0.6767955801104972 0.9631147540983607 0.15837937384898712 0.07377049180327869
2 0.4868600368324125 0.6021475409836066 0.10093922651933691 0.2522131147540984
2 0.8587292817679557 0.7755409836065574 0.1505156537753223 0.2395901639344264
2 0.6220626151012891 0.39106557377049184 0.06177716390423586 0.10170491803278682
2 0.7290055248618785 0.4070327868852459 0.07372928176795575 0.14781967213114747
2 0.5984806629834255 0.2444262295081967 0.03720073664825054 0.06385245901639343
2 0.5373664825046041 0.18706557377049182 0.03188766114180489 0.06740983606557378
2 0.577329650092081 0.11827868852459017 0.027071823204419972 0.03655737704918035
3 0.7360036832412523 0.18018032786885246 0.07373848987108649 0.12713114754098362
2 0.3954051565377532 0.13442622950819672 0.02972375690607732 0.04421311475409836