2 0.6219025157232704 0.26340782122905027 0.037672955974842826 0.04965083798882683
2 0.5982783018867924 0.15416201117318434 0.020487421383647755 0.022025139664804485
2 0.9308569182389936 0.5706564245810055 0.13669025157232695 0.16998603351955313
2 0.5362893081761007 0.45846368715083796 0.05898584905660375 0.11720670391061447
2 0.42180817610062893 0.5343016759776537 0.07373427672955972 0.1502932960893855
2 0.3220676100628931 0.44606145251396645 0.0900314465408805 0.1254748603351956
2 0.21224842767295599 0.5094832402234637 0.09080974842767295 0.11444134078212283
2 0.5087578616352201 0.27410614525139665 0.034960691823899395 0.06293296089385475
2 0.4418632075471698 0.26622905027932964 0.03262578616352201 0.05879888268156428
2 0.4129638364779874 0.2194413407821229 0.030762578616352287 0.04141061452513963
2 0.3295283018867925 0.26375698324022345 0.041949685534591205 0.06872905027932959
2 0.49912735849056605 0.20363128491620114 0.025511006289308212 0.033561452513966444
2 0.4646383647798742 0.18125698324022346 0.02078616352201262 0.03804469273743018
2 0.442122641509434 0.15972067039106144 0.01984276729559749 0.02741620111731843
2 0.3745833333333334 0.212304469273743 0.02708333333333337 0.040837988826815656