2 0.7387876106194691 0.4727602523659306 0.11139823008849548 0.13406940063091483
2 0.7632920353982301 0.22578864353312303 0.06804424778761071 0.06001577287066248
2 0.937787610619469 0.3918454258675079 0.1241061946902657 0.11930599369085171
2 0.6476460176991151 0.10908517350157729 0.04528318584070803 0.06667192429022084
2 0.47390265486725663 0.4205047318611988 0.08367256637168137 0.14211356466876976
2 0.25931858407079644 0.40910094637223976 0.10532743362831856 0.14034700315457416
2 0.10871681415929206 0.40031545741324925 0.11320353982300886 0.17544164037854892
2 0.2952477876106195 0.23541009463722398 0.0551238938053097 0.09824921135646691
2 0.24061946902654865 0.1880441640378549 0.052168141592920395 0.08421135646687695
2 0.44388495575221243 0.19856466876971607 0.043309734513274384 0.08070977917981075
2 0.3838407079646018 0.15470031545741328 0.043309734513274384 0.07719242902208201
2 0.29278761061946906 0.10733438485804418 0.04035398230088497 0.05613564668769717
2 0.3552920353982301 0.0836435331230284 0.03149557522123897 0.04736593059936909
2 0.560070796460177 0.04876971608832808 0.0328495575221238 0.03242902208201893
2 0.5252035398230088 0.05687697160883281 0.035876106194690234 0.0504416403785489
2 0.4451061946902655 0.0843533123028391 0.03537168141592923 0.040536277602523645
2 0.4013982300884956 0.05867507886435332 0.026778761061946894 0.0396372239747634
2 0.37234513274336284 0.04246056782334385 0.022238938053097342 0.04323343848580441
2 0.3195309734513274 0.06138801261829653 0.026778761061946894 0.03782334384858045
2 0.3488407079646018 0.023548895899053637 0.025769911504424783 0.016214511041009464
2 0.41756637168141597 0.026261829652996855 0.020716814159292007 0.030630914826498424