2 0.6592150170648464 0.3343313069908815 0.05285836177474407 0.06041033434650456
2 0.7913737201365187 0.4091489361702128 0.072815699658703 0.08258358662613986
2 0.832448805460751 0.2989969604863222 0.05954778156996584 0.05155015197568392
2 0.16431740614334472 0.5415349544072948 0.09691979522184298 0.14475683890577506
2 0.6747952218430034 0.18303951367781154 0.04598122866894207 0.04575987841945291
2 0.34071672354948807 0.42680851063829783 0.05737201365187714 0.08934650455927046
2 0.381518771331058 0.29425531914893616 0.03460750853242316 0.06161094224924015
2 0.558617747440273 0.6932370820668693 0.09151023890784983 0.21688449848024322
2 0.177901023890785 0.8799392097264438 0.15955631399317405 0.24012158054711247
2 0.41497440273037545 0.5728267477203648 0.0800511945392491 0.19925531914893618
2 0.2932252559726963 0.5290121580547112 0.09453071672354946 0.17680851063829792
2 0.5255460750853242 0.4102127659574468 0.04801194539249145 0.08161094224924019