2 0.7639843749999999 0.23916666666666664 0.044437500000000005 0.03823611111111111
2 0.6907890625 0.18631944444444445 0.025984374999999997 0.028444444444444446
2 0.7841484375000001 0.32308333333333333 0.058867187499999994 0.05727777777777778
2 0.8829375 0.3535277777777778 0.046140625000000005 0.043694444444444445
2 0.65046875 0.14404166666666665 0.0187265625 0.022402777777777775
2 0.57109375 0.8736111111111111 0.1234375 0.25277777777777777
2 0.17109375 0.8944444444444445 0.1546875 0.20555555555555555
2 0.07578125 0.7180555555555556 0.1421875 0.25277777777777777
2 0.40989062499999995 0.6384722222222222 0.0878359375 0.19779166666666667
2 0.5299296874999999 0.49361111111111106 0.0585546875 0.13359722222222223
2 0.31913281250000003 0.47624999999999995 0.06636718750000001 0.11625
2 0.2259296875 0.4363472222222222 0.0771015625 0.10930555555555556
2 0.4323359375 0.37995833333333334 0.048796875 0.09369444444444444
2 0.5203515624999999 0.37420833333333337 0.0453984375 0.07841666666666666
2 0.372171875 0.32395833333333335 0.04625 0.07080555555555555
2 0.31178125 0.30645833333333333 0.043687500000000004 0.06319444444444444
2 0.40043749999999995 0.2489722222222222 0.03340625 0.057861111111111106
2 0.454609375 0.23983333333333334 0.026984374999999998 0.05025
2 0.4978671875 0.250875 0.029546875 0.04644444444444444
2 0.4687421875 0.1770138888888889 0.020125 0.04034722222222222
2 0.60234375 0.16130555555555556 0.020617187500000002 0.025833333333333337