2 0.6372203389830509 0.3128398791540785 0.05655084745762713 0.06122356495468283
2 0.16398305084745762 0.8814199395770392 0.16186440677966102 0.23716012084592145
2 0.06271186440677966 0.7280966767371602 0.12542372881355932 0.19939577039274925
2 0.4055423728813559 0.535619335347432 0.07388983050847463 0.1686706948640483
2 0.866906779661017 0.39010574018126887 0.09908474576271192 0.09305135951661635
2 0.3043559322033898 0.4879003021148036 0.08629661016949156 0.15193353474320248
2 0.2532118644067797 0.37016616314199396 0.07351694915254238 0.09116314199395774
2 0.3443135593220339 0.33787009063444107 0.04900847457627122 0.06457703927492447
2 0.4886779661016949 0.3150906344410876 0.054338983050847556 0.10255287009063442
2 0.4252881355932204 0.28564954682779453 0.04474576271186437 0.08925981873111778
2 0.6607881355932204 0.251178247734139 0.05605932203389838 0.09128398791540787
2 0.6794745762711865 0.16915407854984893 0.02837288135593222 0.0382477341389728
2 0.6251440677966101 0.15681268882175228 0.02353389830508473 0.03577039274924472
2 0.5985 0.16729607250755288 0.03114406779661017 0.04441087613293052
2 0.5666610169491525 0.1913595166163142 0.029762711864406686 0.0456495468277946
2 0.5441694915254237 0.12350453172205439 0.019381355932203297 0.02590634441087614
2 0.6178728813559322 0.11980362537764351 0.021457627118644015 0.0382477341389728
2 0.37529661016949156 0.251178247734139 0.045677966101694896 0.046873111782477384
2 0.3036694915254237 0.2604380664652568 0.050525423728813565 0.07031722054380667
2 0.3327372881355932 0.21046827794561934 0.04360169491525428 0.04441087613293048
2 0.4365508474576271 0.222190332326284 0.029762711864406686 0.05305135951661632
2 0.4849915254237288 0.24625377643504534 0.038067796610169555 0.046873111782477384
2 0.3974406779661017 0.2012235649546828 0.03875423728813561 0.04811178247734142
2 0.3721864406779661 0.16421450151057404 0.032525423728813556 0.04317220543806644