2 0.6163376835236541 0.19979710144927537 0.040146818923327915 0.040768115942028976
2 0.7523654159869494 0.4282608695652174 0.08084013050570954 0.09646376811594196
2 0.8052446982055466 0.29392753623188406 0.05951060358890704 0.05815942028985507
2 0.5611745513866232 0.6782608695652174 0.09461663947797716 0.20869565217391303
2 0.4246900489396411 0.6593913043478261 0.09024469820554658 0.19013043478260877
2 0.2641761827079935 0.6456521739130435 0.0992740619902121 0.2267826086956522
2 0.04445350734094616 0.8666666666666667 0.08890701468189233 0.26666666666666666
2 0.5489070146818924 0.4485217391304348 0.057667210440456806 0.1005217391304348
2 0.4509869494290375 0.339768115942029 0.04569331158238171 0.07828985507246373
2 0.35796084828711255 0.39052173913043475 0.06310766721044046 0.1121304347826087
2 0.1919168026101142 0.48073913043478256 0.08594616639477977 0.11694202898550717
2 0.514600326264274 0.22568115942028985 0.026582381729200587 0.047768115942028955
2 0.46415986949429033 0.22917391304347826 0.027185970636215275 0.046159420289855105
2 0.39241435562805876 0.2629855072463768 0.035946166394779815 0.06226086956521736
2 0.3094453507340946 0.27753623188405796 0.04779771615008158 0.05802898550724641
2 0.40801794453507345 0.21191304347826087 0.028898858075040834 0.04152173913043475
2 0.3594453507340946 0.20808695652173914 0.029510603588906975 0.03823188405797101
2 0.5134094616639479 0.1759710144927536 0.025016313213703158 0.0417536231884058
2 0.4717128874388255 0.17327536231884058 0.02198205546492663 0.04265217391304349
2 0.703678629690049 0.19140579710144925 0.03463295269168029 0.04772463768115943
2 0.7148123980424144 0.1527826086956522 0.02933115823817295 0.025739130434782594
2 0.6478466557911908 0.18166666666666667 0.02898042414355626 0.03202898550724641
2 0.5875938009787928 0.15436231884057972 0.025799347471451965 0.03515942028985506