2 0.8448006379585328 0.3750426136363636 0.08023125996810218 0.07497159090909088
2 0.7650797448165868 0.498125 0.10365231259968104 0.10683238636363641
2 0.3444019138755981 0.4756960227272727 0.058827751196172236 0.11394886363636368
2 0.42823763955342903 0.5504545454545454 0.06302232854864431 0.12080965909090903
2 0.3665231259968102 0.3438920454545454 0.050239234449760764 0.09693181818181819
2 0.5925039872408293 0.7571022727272727 0.10207336523125997 0.25
2 0.20494417862838915 0.7940340909090909 0.12121212121212122 0.23295454545454544
2 0.10207336523125997 0.6491477272727273 0.13237639553429026 0.1590909090909091
3 0.753676236044657 0.3259943181818182 0.09598883572567793 0.1529829545454546
2 0.7270095693779904 0.21309659090909092 0.02906698564593305 0.03413352272727277
2 0.6495454545454545 0.16985795454545458 0.021722488038277518 0.02617897727272728
2 0.5265629984051037 0.40757102272727275 0.04429824561403505 0.07992897727272724
2 0.2685566188197767 0.39015625000000004 0.06212918660287079 0.09427556818181819
2 0.4526395534290271 0.29434659090909093 0.0322169059011165 0.05840909090909092
2 0.39885167464114835 0.27487215909090906 0.03164274322169055 0.06455965909090908
2 0.31141148325358853 0.31842329545454545 0.04314194577352474 0.049190340909090906
2 0.5141945773524721 0.27129261363636364 0.02991228070175438 0.049190340909090906
2 0.42529505582137167 0.2133380681818182 0.027950558213716073 0.03446022727272726