2 0.3804545454545455 0.28053516819571866 0.0539708404802745 0.06009174311926607
2 0.6966552315608919 0.3539296636085627 0.05754716981132068 0.08625382262996938
2 0.3039536878216123 0.2770336391437309 0.06594339622641518 0.07256880733944951
2 0.32227272727272727 0.20301223241590216 0.04396226415094339 0.04935779816513766
2 0.36664665523156087 0.11737003058103976 0.023610634648370474 0.034831804281345566
2 0.42852487135506 0.12825688073394495 0.023610634648370474 0.036284403669724755
2 0.3859005145797599 0.09747706422018348 0.022315608919382487 0.03036697247706424
2 0.47428816466552315 0.10506116207951069 0.01996569468267579 0.028792048929663628
2 0.47686106346483703 0.7581345565749237 0.11690394511149224 0.2490214067278286
2 0.7933104631217839 0.6673241590214067 0.11394511149228141 0.2249847094801223
2 0.9017409948542024 0.5646636085626912 0.10781303602058322 0.17256880733944957
2 0.5221869639794168 0.38788990825688074 0.05422813036020585 0.10313455657492361
2 0.6101543739279589 0.3728593272171254 0.05904802744425378 0.11602446483180427
2 0.5336363636363637 0.27186544342507646 0.04338765008576322 0.07305810397553512
2 0.6809605488850772 0.9617737003058104 0.12521440823327615 0.0764525993883792
2 0.7478473413379074 0.2942354740061162 0.05087478559176686 0.06905198776758405
2 0.5918010291595197 0.21909785932721712 0.03189536878216128 0.05145259938837917
2 0.6612864493996569 0.24325688073394497 0.043207547169811414 0.06741590214067275
2 0.7204030874785592 0.23629969418960242 0.04260720411663794 0.059923547400611614
2 0.5352572898799314 0.2009938837920489 0.02880789022298449 0.04922018348623853
2 0.5769725557461407 0.15380733944954128 0.02251286449399657 0.03802752293577982
2 0.6742967409948543 0.1625229357798165 0.028739279588336185 0.042782874617736985