2 0.7141328125 0.34158333333333335 0.0587421875 0.06729166666666667
2 0.7292421874999999 0.2495138888888889 0.0434296875 0.07440277777777778
2 0.31146093750000003 0.5639166666666666 0.078671875 0.1257638888888889
2 0.573046875 0.8391944444444445 0.1031953125 0.277125
2 0.24919531250000002 0.7728472222222222 0.11856249999999999 0.23029166666666667
2 0.13118749999999998 0.5581666666666667 0.22943750000000002 0.3434861111111111
2 0.4259453125 0.49669444444444444 0.059281249999999994 0.11515277777777777
2 0.5291328125 0.47815277777777776 0.0505 0.10538888888888888
2 0.3541796875 0.3886805555555556 0.04796875 0.08298611111111111
2 0.2606015625 0.3822083333333333 0.057820312500000005 0.08070833333333333
2 0.30257812500000003 0.3270138888888889 0.0432578125 0.07994444444444444
2 0.5104765625 0.354125 0.0388125 0.07916666666666666
2 0.45074218750000006 0.33193055555555556 0.036109375 0.06258333333333334
2 0.385453125 0.3153472222222222 0.03490625 0.05830555555555555
2 0.5082187499999999 0.2851111111111111 0.0325 0.05134722222222222
2 0.455859375 0.25863888888888886 0.027078124999999998 0.042263888888888886
2 0.39884375 0.246875 0.0333984375 0.06579166666666666
2 0.5061093750000001 0.2214583333333333 0.019859375000000002 0.03744444444444445
2 0.6207812500000001 0.19983333333333334 0.0278125 0.028180555555555556
2 0.6472890625 0.15525 0.0179296875 0.02125
2 0.6168828125 0.14947222222222223 0.018453125 0.026333333333333334
2 0.5612578125 0.14484722222222224 0.016375 0.025416666666666667
2 0.4726328125 0.1806666666666667 0.0194921875 0.028652777777777777