2 0.754484375 0.3696527777777777 0.0609375 0.06211111111111111
2 0.6414921875 0.3046527777777778 0.04171875 0.05513888888888889
2 0.35417187499999997 0.41712499999999997 0.0545859375 0.08513888888888889
2 0.6584296875 0.24740277777777778 0.033695312500000005 0.042555555555555555
2 0.789734375 0.3238055555555555 0.052328125 0.061138888888888895
2 0.2527421875 0.4211111111111111 0.0637421875 0.10188888888888889
2 0.8703125 0.6902777777777778 0.190625 0.28055555555555556
2 0.5484375 0.65 0.096875 0.20555555555555555
2 0.42421875 0.6083333333333333 0.0828125 0.17777777777777778
2 0.28359375 0.6277777777777778 0.1109375 0.18333333333333332
2 0.15859375 0.9458333333333333 0.1328125 0.10277777777777777
2 0.07890625 0.8069444444444445 0.1515625 0.2638888888888889
2 0.8365234375 0.3071805555555555 0.076796875 0.0780138888888889
2 0.69253125 0.24318055555555557 0.03428125 0.05486111111111111
2 0.5252265625 0.39555555555555555 0.046625 0.08654166666666667
2 0.44363281250000003 0.37605555555555553 0.0438828125 0.08654166666666667
2 0.5835078125 0.20966666666666667 0.0329140625 0.04631944444444445
2 0.6321953125 0.21515277777777778 0.042515625 0.035347222222222224
2 0.6363125000000001 0.17370833333333333 0.0274296875 0.035347222222222224
2 0.5917421875 0.14018055555555556 0.0233125 0.03169444444444444
2 0.5622578125000001 0.14627777777777776 0.017828125 0.03656944444444444
2 0.32539843749999997 0.308125 0.0590703125 0.07461111111111111
2 0.403640625 0.3021388888888889 0.047671875 0.07184722222222222
2 0.4577890625 0.24641666666666664 0.032640625 0.043291666666666666
2 0.5072734375 0.28325 0.041453125 0.050666666666666665
2 0.50390625 0.22706944444444446 0.03575 0.04513888888888889
2 0.47229687499999995 0.1915972222222222 0.023320312500000002 0.042375
2 0.36659375 0.23029166666666667 0.032640625 0.051583333333333335
2 0.417375 0.21647222222222223 0.032640625 0.05343055555555555