2 0.26176666666666665 0.18948071216617213 0.03919999999999997 0.041587537091988175
2 0.2987833333333333 0.2508011869436202 0.044691666666666754 0.046068249258160256
2 0.1703249999999999 0.24364985163204747 0.04835000000000008 0.04599406528189911
2 0.22909999999999997 0.31525222551928783 0.0613833333333334 0.07586053412462908
2 0.03375 0.3642433234421365 0.0675 0.07863501483679525
2 0.6248166666666667 0.35529673590504457 0.06104999999999999 0.09835311572700291
2 0.7495416666666667 0.4164985163204748 0.06509999999999991 0.09123145400593473
2 0.4483333333333333 0.6884272997032641 0.09666666666666666 0.21068249258160238
2 0.6158333333333333 0.8464391691394659 0.17166666666666666 0.30712166172106825
2 0.7341666666666666 0.6394658753709199 0.115 0.20178041543026706
2 0.8966666666666666 0.6543026706231454 0.14666666666666667 0.22551928783382788
2 0.46472499999999994 0.37497032640949557 0.05933333333333337 0.10422848664688428
2 0.46709999999999996 0.2785014836795252 0.045091666666666586 0.08310089020771512
2 0.5347333333333333 0.30173590504451037 0.04430000000000007 0.08169139465875372
2 0.677125 0.2848367952522255 0.04271666666666666 0.08732937685459943
2 0.59525 0.2454005934718101 0.038758333333333325 0.06479228486646886
2 0.6348083333333333 0.2270919881305638 0.041924999999999955 0.05351632047477744
2 0.5264333333333333 0.21722551928783382 0.029266666666666576 0.05069732937685462
2 0.562025 0.18060830860534124 0.027683333333333355 0.04507418397626112
2 0.3903666666666667 0.1897626112759644 0.0324333333333334 0.04366468842729972