2 0.17212707182320447 0.4128196721311475 0.08263351749539595 0.07837704918032797
2 0.3819613259668508 0.3609672131147541 0.059834254143646425 0.07136065573770488
2 0.7323020257826888 0.4931803278688524 0.06492633517495396 0.11377049180327865
2 0.7850736648250459 0.38724590163934425 0.05714548802946588 0.07450819672131145
2 0.02716390423572744 0.4377049180327869 0.05432780847145488 0.07213114754098361
2 0.298720073664825 0.23821311475409837 0.04165745856353592 0.04488524590163934
2 0.09484346224677716 0.5918032786885246 0.15469613259668508 0.18360655737704917
2 0.5027624309392266 0.6901639344262295 0.09023941068139964 0.2098360655737705
2 0.9106813996316758 0.6147540983606558 0.13259668508287292 0.17049180327868851
2 0.6325966850828729 0.5442622950819672 0.06998158379373849 0.14754098360655737
2 0.539438305709024 0.42413114754098363 0.0531767955801105 0.11360655737704911
2 0.6005893186003683 0.3010655737704918 0.037219152854512036 0.07952459016393441
2 0.6819521178637201 0.32947540983606555 0.0531767955801105 0.07195081967213113
2 0.7234254143646409 0.27929508196721314 0.04041436464088407 0.051114754098360665
2 0.8265837937384899 0.31432786885245906 0.059558011049723816 0.07195081967213113
2 0.6548342541436464 0.25373770491803277 0.03509208103130746 0.05301639344262291
2 0.6952394106813996 0.2243934426229508 0.04147329650092078 0.062475409836065594
2 0.38034990791896867 0.19611475409836066 0.033057090239410766 0.038081967213114784
2 0.43601289134438304 0.17967213114754096 0.02382136279926325 0.03981967213114753
2 0.47709944751381217 0.1528360655737705 0.020414364640884045 0.031163934426229493
2 0.5524493554327808 0.23895081967213114 0.035976058931860184 0.057983606557377054
2 0.5891528545119705 0.21081967213114752 0.027707182320441913 0.04847540983606556
2 0.6338766114180479 0.20995081967213114 0.03256906077348077 0.038081967213114784