2 0.571561433447099 0.19387537993920972 0.02865187713310574 0.03613981762917929
2 0.6522866894197953 0.366838905775076 0.06742320819112627 0.07025835866261401
2 0.567901023890785 0.13117021276595744 0.02049488054607507 0.025425531914893603
2 0.3965529010238908 0.509209726443769 0.06333617747440275 0.12892097264437696
2 0.26843003412969285 0.4875227963525836 0.06668941979522182 0.1239817629179332
2 0.32524744027303754 0.36945288753799393 0.048242320819112595 0.08562310030395141
2 0.5000255972696246 0.4234954407294833 0.055597269624573446 0.10977203647416416
2 0.711023890784983 0.2569756838905775 0.03963310580204782 0.036550151975683905
2 0.8858959044368601 0.34510638297872337 0.06645051194539259 0.06203647416413373
2 0.5631399317406144 0.9338905775075987 0.13310580204778158 0.13221884498480244
2 0.5042662116040956 0.5911854103343465 0.07337883959044368 0.1945288753799392
2 0.15358361774744028 0.8837386018237082 0.17064846416382254 0.23252279635258358
2 0.16188566552901026 0.45145896656534956 0.09355802047781568 0.12278115501519751
2 0.4090102389078498 0.3385410334346504 0.0424744027303754 0.07235562310030397
2 0.4814078498293516 0.27477203647416415 0.03405290102389086 0.057188449848024306
2 0.2335665529010239 0.34408814589665654 0.05593856655290098 0.091838905775076
2 0.34447952218430034 0.272629179331307 0.04583617747440275 0.09481762917933129
2 0.4263566552901024 0.203161094224924 0.028464163822525514 0.036215805471124594
2 0.6373037542662116 0.17007598784194528 0.028754266211604134 0.030957446808510647
2 0.6687457337883959 0.16389057750759878 0.0240187713310581 0.030957446808510647
2 0.5970221843003414 0.12083586626139818 0.02085324232081916 0.023632218844984818
2 0.5605204778156996 0.095790273556231 0.019906143344709835 0.023069908814589677