2 0.36276190476190473 0.3881497175141243 0.044634920634920645 0.06961864406779655
2 0.29643650793650794 0.3659604519774012 0.050603174603174594 0.06925141242937849
2 0.39365079365079364 0.8742937853107344 0.12380952380952381 0.2514124293785311
2 0.22142857142857142 0.7740112994350282 0.1349206349206349 0.2937853107344633
2 0.04206349206349207 0.8728813559322034 0.08412698412698413 0.2542372881355932
2 0.548031746031746 0.6215254237288136 0.0751666666666667 0.1663841807909604
2 0.4274920634920635 0.540776836158192 0.06324603174603179 0.12560734463276846
2 0.3087936507936508 0.5587146892655367 0.07150000000000002 0.1256073446327683
2 0.1987936507936508 0.5260875706214689 0.09715873015873012 0.14844632768361585
2 0.5143730158730159 0.4520621468926554 0.04576984126984133 0.07823446327683614
2 0.4405 0.38552259887005647 0.038523809523809495 0.06612994350282493
2 0.510515873015873 0.3423728813559322 0.038976190476190394 0.06855932203389833
2 0.4511825396825397 0.3107344632768362 0.030753968253968252 0.05570621468926553
2 0.39375396825396825 0.27247175141242935 0.03293650793650794 0.04601694915254235
2 0.34095238095238095 0.28312146892655365 0.03565873015873012 0.042146892655367196
2 0.7269126984126983 0.37299435028248584 0.06490476190476188 0.06357344632768361
2 0.623015873015873 0.3110028248587571 0.04644444444444443 0.06251412429378529
2 0.6233095238095238 0.24557909604519776 0.02674603174603178 0.030861581920903988
2 0.6948809523809524 0.22884180790960454 0.028214285714285678 0.027725988700564964
2 0.6468253968253969 0.2189124293785311 0.024984126984126998 0.02563559322033895
2 0.5971507936507936 0.1943220338983051 0.019690476190476147 0.023545197740113016
2 0.5604126984126984 0.18151129943502822 0.019690476190476147 0.019872881355932195