2 0.045787545787545784 0.2972312703583062 0.09157509157509157 0.08957654723127036
2 0.3428296703296703 0.13205211726384367 0.04828754578754581 0.06991856677524431
2 0.20593406593406594 0.08206840390879476 0.05466117216117221 0.05697068403908793
2 0.29005494505494506 0.11438110749185666 0.04422161172161169 0.05180781758957655
2 0.2601190476190476 0.08024429967426712 0.03835164835164845 0.04403908794788272
2 0.6936446886446886 0.15410423452768732 0.051758241758241744 0.06871335504885993
2 0.7582326007326008 0.2594462540716613 0.06744505494505502 0.0944788273615635
2 0.38003663003663 0.8631921824104235 0.14652014652014653 0.2736156351791531
2 0.6172802197802197 0.830244299674267 0.1424633699633701 0.33133550488599356
2 0.8269505494505495 0.6888925081433225 0.1525641025641025 0.27371335504885985
2 0.8598717948717949 0.4507491856677524 0.10669413919413918 0.1486807817589576
2 0.7097252747252747 0.3940065146579805 0.07919413919413922 0.13693811074918574
2 0.565631868131868 0.359771986970684 0.07260073260073258 0.13107491856677528
2 0.4765384615384615 0.18664495114006513 0.05499999999999995 0.10172638436482082
2 0.6413553113553113 0.2169055374592834 0.05742673992673996 0.0993485342019544
2 0.5505128205128205 0.13845276872964168 0.04072344322344325 0.05385993485342019
2 0.6123809523809524 0.13705211726384367 0.041245421245421215 0.06592833876221496
2 0.5935897435897436 0.07112377850162864 0.028717948717948836 0.05107491856677524
2 0.5340750915750916 0.0678827361563518 0.0245421245421245 0.0427198697068404
2 0.275485347985348 0.026791530944625414 0.032280219780219783 0.03469055374592833
2 0.41620879120879123 0.003257328990228013 0.021062271062271064 0.006514657980456026