2 0.8660654362416107 0.2644328358208955 0.07062919463087253 0.06317910447761192
2 0.3394463087248322 0.37628358208955226 0.056895973154362366 0.09932835820895515
2 0.738003355704698 0.18902985074626866 0.03359899328859057 0.04195522388059703
2 0.6496308724832215 0.2032537313432836 0.04045302013422821 0.04095522388059701
2 0.8251258389261744 0.3251492537313433 0.07938758389261755 0.07040298507462689
2 0.5730201342281879 0.7451641791044776 0.10710570469798664 0.2291044776119403
2 0.23895973154362413 0.6759850746268657 0.11984899328859061 0.21322388059701494
2 0.02726510067114094 0.8544776119402985 0.05453020134228188 0.2671641791044776
2 0.4107298657718121 0.5791194029850746 0.08247483221476505 0.1793432835820895
2 0.4899328859060403 0.44811940298507463 0.06545302013422817 0.1106268656716418
2 0.12770134228187918 0.5884477611940299 0.12058724832214766 0.15937313432835817
3 0.22130033557046982 0.34910447761194024 0.13093120805369132 0.21119402985074626
2 0.506744966442953 0.30488059701492537 0.044647651006711433 0.08473134328358206
2 0.4406291946308725 0.2791492537313433 0.042516778523489986 0.10288059701492538
2 0.3640939597315436 0.295044776119403 0.04166946308724829 0.06505970149253736
2 0.38683724832214766 0.24435820895522387 0.033590604026845605 0.05295522388059704
2 0.4958976510067114 0.21901492537313433 0.026359060402684625 0.04916417910447761
2 0.4620637583892617 0.15188059701492537 0.02203859060402683 0.035432835820895535
2 0.4461325503355704 0.2142537313432836 0.03319630872483216 0.05716417910447763