2 0.6435575364667747 0.3527809798270894 0.05590761750405187 0.07043227665706052
2 0.8487277147487844 0.4092219020172911 0.07849270664505682 0.07240634005763688
2 0.6137358184764992 0.2040778097982709 0.02888978930307949 0.031253602305475504
2 0.9076175040518638 0.829971181556196 0.1847649918962723 0.2622478386167147
2 0.5413290113452188 0.670028818443804 0.08427876823338736 0.19596541786743515
2 0.8609400324149109 0.3493371757925072 0.06596434359805518 0.06041786743515843
2 0.7562479740680713 0.2644812680115274 0.044473257698541414 0.045317002881844363
2 0.5681199351701782 0.20672910662824207 0.025356564019448916 0.02910662824207491
2 0.6559805510534846 0.17020172910662826 0.025194489465153905 0.02910662824207491
2 0.6097649918962723 0.15564841498559076 0.018452188006482968 0.024538904899135447
2 0.4049189627228525 0.6538472622478386 0.08876012965964342 0.16324207492795384
2 0.251709886547812 0.6749279538904899 0.10821717990275524 0.18161383285302587
2 0.20185575364667746 0.49060518731988473 0.08632901134521878 0.10917867435158499
2 0.516807131280389 0.4236599423631124 0.06102106969205831 0.11024495677233428
2 0.41991896272285245 0.4054899135446686 0.04576985413290115 0.0969596541786743
2 0.3384440842787682 0.39047550432276656 0.05290923824959479 0.08080691642651303
2 0.27627228525121555 0.33759365994236307 0.05878444084278765 0.07096541786743515
2 0.3704781199351702 0.28698847262247834 0.04300648298217184 0.08746397694524494
2 0.43560777957860614 0.28616714697406337 0.0402188006482983 0.06711815561959653
2 0.4934602917341977 0.30211815561959654 0.03960291734197722 0.06270893371757923
2 0.4432658022690438 0.23178674351585016 0.02612641815235009 0.04717579250720463
2 0.4083954619124798 0.2003458213256484 0.02190437601296594 0.032881844380403445