2 0.64734375 0.3569305555555556 0.0483984375 0.05520833333333333
2 0.7683515625 0.4253055555555556 0.066671875 0.07547222222222223
2 0.8059609375000001 0.3246388888888889 0.05452343750000001 0.04711111111111111
2 0.194203125 0.5462916666666666 0.0887421875 0.13229166666666667
2 0.661609375 0.21866666666666668 0.0421015625 0.041819444444444444
2 0.35571875 0.4414444444444444 0.052531249999999995 0.08165277777777778
2 0.393078125 0.32030555555555557 0.0316875 0.05630555555555555
2 0.5552343750000001 0.6849305555555555 0.0837890625 0.19820833333333335
2 0.206921875 0.8701388888888889 0.14649218749999998 0.247125
2 0.4237109375 0.5748888888888889 0.073296875 0.18209722222222224
2 0.312234375 0.5348472222222221 0.0865546875 0.16158333333333333
2 0.524953125 0.4262777777777778 0.043960937500000005 0.07458333333333333