2 0.431109375 0.4462638888888889 0.05582812499999999 0.0932361111111111
2 0.8779843749999999 0.3295138888888889 0.074953125 0.06195833333333333
2 0.73721875 0.25633333333333336 0.0472578125 0.049624999999999996
2 0.345890625 0.40431944444444445 0.0542890625 0.10616666666666666
2 0.5672421875 0.1599861111111111 0.0303359375 0.034916666666666665
2 0.3745625 0.3069027777777778 0.040781250000000005 0.06558333333333333
2 0.8950156249999999 0.34691666666666665 0.0387890625 0.03652777777777778
2 0.6301328125000001 0.20504166666666665 0.0345234375 0.034458333333333334
2 0.384375 0.8652777777777778 0.11875 0.2638888888888889
2 0.26399218750000003 0.6315416666666667 0.11028125 0.20126388888888888
2 0.1136953125 0.6419444444444444 0.1141875 0.18390277777777778
2 0.5216484375 0.4022083333333333 0.049234375000000004 0.10627777777777778
2 0.24411718750000003 0.4251388888888889 0.073265625 0.08544444444444445
2 0.45040625 0.2446111111111111 0.028109375 0.04716666666666667
2 0.501484375 0.23159722222222223 0.0273203125 0.03941666666666666
0 0.3941796875 0.20554166666666668 0.0130703125 0.03941666666666666
2 0.5006953125 0.17105555555555554 0.019398437499999997 0.032375
2 0.72165625 0.31216666666666665 0.056843750000000005 0.06765277777777778
2 0.7695937500000001 0.24151388888888886 0.0419140625 0.04454166666666667
2 0.6473046874999999 0.1771388888888889 0.0285390625 0.032125
2 0.5890390625 0.136125 0.017125 0.023680555555555555
2 0.6150781249999999 0.133375 0.018789062500000002 0.024944444444444446