2 0.725984375 0.34725 0.055937499999999994 0.06125
2 0.9026406250000001 0.3662777777777778 0.07811718749999999 0.06736111111111111
2 0.602328125 0.22645833333333334 0.0438046875 0.07293055555555555
2 0.742171875 0.278375 0.059750000000000004 0.059611111111111115
2 0.873296875 0.5312083333333334 0.10733593749999999 0.10931944444444444
2 0.5058281250000001 0.39429166666666665 0.0438203125 0.06459722222222222
2 0.747546875 0.4895972222222222 0.0729765625 0.11633333333333334
2 0.1673828125 0.9062222222222223 0.165296875 0.18755555555555553
2 0.100703125 0.696375 0.14029687500000002 0.2025
2 0.3090625 0.5383333333333333 0.084734375 0.15804166666666666
2 0.5396484375 0.5877222222222223 0.081953125 0.18768055555555554
2 0.22791406250000001 0.41409722222222217 0.1380625 0.21116666666666667
2 0.36096875 0.4045 0.04628125 0.0905
2 0.44310937499999997 0.3434861111111111 0.0501328125 0.08090277777777778
2 0.4253671875 0.4847222222222222 0.0701875 0.182375
2 0.3797421875 0.33666666666666667 0.041640625 0.06980555555555555
2 0.502484375 0.2640416666666667 0.027765625 0.05569444444444445
2 0.4560859375 0.241125 0.026968750000000003 0.03806944444444445
2 0.38985156249999997 0.26263888888888887 0.0285546875 0.05429166666666667
2 0.32659375 0.28202777777777777 0.0329140625 0.056402777777777774
2 0.3444453125 0.2492361111111111 0.0241953125 0.04159722222222222
2 0.4661953125 0.1907222222222222 0.0210234375 0.0275
2 0.658484375 0.20097222222222222 0.03721875 0.042944444444444445
2 0.6776875 0.17527777777777778 0.025734374999999997 0.030972222222222224
2 0.6268046875 0.1664861111111111 0.02059375 0.03026388888888889
2 0.5971093749999999 0.16119444444444445 0.022171875 0.029569444444444443