2 0.7082542372881356 0.4590332326283988 0.0705593220338983 0.13922960725075523
2 0.27707627118644074 0.2596978851963746 0.059906779661017 0.06489425981873109
2 0.3987118644067797 0.18596676737160123 0.038805084745762684 0.041948640483383655
2 0.7685084745762711 0.3023564954682779 0.10574576271186438 0.20531722054380666
2 0.3062966101694915 0.34942598187311175 0.0727966101694916 0.08140483383685798
2 0.5859745762711864 0.3262990936555891 0.05049152542372875 0.09214501510574018
2 0.4279661016949153 0.8761329305135952 0.13389830508474576 0.24773413897280966
2 0.8165762711864406 0.7685196374622356 0.13656779661016957 0.25851963746223544
2 0.49093220338983046 0.3273867069486405 0.045711864406779705 0.08586102719033238
2 0.5660084745762711 0.2459063444108761 0.0390338983050847 0.06456193353474321
2 0.6372118644067797 0.25123867069486405 0.041491525423728845 0.06894259818731116
2 0.6338728813559322 0.19545317220543804 0.030593220338982974 0.04637462235649545
2 0.561957627118644 0.17069486404833836 0.03234745762711871 0.06832326283987918
2 0.5102711864406779 0.15345921450151057 0.028127118644067844 0.05640483383685801
2 0.6616440677966102 0.1544108761329305 0.03481355932203384 0.03572507552870092
2 0.15618644067796605 0.2578398791540785 0.06675423728813558 0.06459214501510573
2 0.26632203389830506 0.1571450151057402 0.044644067796610225 0.05172205438066466
2 0.3687203389830509 0.15267371601208457 0.03236440677966106 0.036797583081571016
0 0.3282627118644068 0.10518126888217522 0.017296610169491595 0.028353474320241708