2 0.6456171875 0.310375 0.0491640625 0.05458333333333333
2 0.35757812499999997 0.3770416666666667 0.05242187499999999 0.07834722222222222
2 0.7153046875 0.30719444444444444 0.0600703125 0.06591666666666667
2 0.6986171875 0.23995833333333336 0.040046874999999996 0.044833333333333336
2 0.6581953125 0.16216666666666668 0.0215078125 0.03163888888888889
2 0.601828125 0.17205555555555554 0.0215078125 0.03295833333333333
2 0.6406562499999999 0.1440972222222222 0.020328125 0.02758333333333333
2 0.5601406250000001 0.1509861111111111 0.018187500000000002 0.026152777777777775
2 0.557796875 0.7441944444444445 0.1064921875 0.22619444444444448
2 0.26953125 0.6617083333333333 0.10379687500000001 0.2043611111111111
2 0.1707578125 0.5684583333333334 0.0982109375 0.15675
2 0.5165078125 0.4078888888888889 0.049398437499999996 0.09368055555555556
2 0.43637499999999996 0.3942361111111111 0.0537890625 0.10538888888888888
2 0.5060781249999999 0.3025 0.0395234375 0.0663611111111111
2 0.372109375 0.9458055555555556 0.11367968749999999 0.10238888888888889
2 0.3109453125 0.32281944444444444 0.04634375 0.06272222222222222
2 0.45309375 0.25456944444444446 0.0290546875 0.04673611111111111
2 0.389796875 0.2765138888888889 0.039359375 0.061236111111111116
2 0.3359453125 0.27019444444444446 0.0388125 0.05443055555555555
2 0.5046015625 0.23812499999999998 0.026242187500000003 0.04470833333333333
2 0.4666015625 0.1952638888888889 0.0205078125 0.034541666666666665
2 0.37794531249999996 0.20318055555555553 0.0261796875 0.03886111111111111