2 0.831149012567325 0.26389776357827477 0.05105924596050279 0.04397763578274756
2 0.7470466786355476 0.2031150159744409 0.02985637342908437 0.032715654952076706
2 0.8543177737881509 0.36041533546325877 0.06763913824057442 0.0658785942492013
2 0.9678276481149013 0.3954313099041533 0.05301615798922796 0.05025559105431306
2 0.7007181328545781 0.15448881789137378 0.021517055655296255 0.02576677316293929
2 0.6095152603231598 0.9241214057507987 0.14183123877917414 0.15175718849840256
2 0.14991023339317774 0.9496805111821086 0.17773788150807898 0.10063897763578275
2 0.06104129263913824 0.8146964856230032 0.12208258527827648 0.29073482428115016
2 0.4242908438061041 0.7231629392971246 0.10092459605026936 0.22749201277955267
2 0.5622172351885099 0.5565495207667731 0.0672800718132855 0.15365814696485633
2 0.32000897666068223 0.5365814696485622 0.07625673249551171 0.13370607028754
2 0.2129174147217235 0.49068690095846645 0.08859066427289043 0.12571884984025566
2 0.45008078994614004 0.42583067092651755 0.05606822262118495 0.10776357827476044
2 0.5512118491921005 0.41921725239616614 0.05216337522441643 0.09019169329073488
2 0.38095152603231597 0.36142172523961663 0.05314183123877921 0.0814376996805112
2 0.3115619389587074 0.3412939297124601 0.05019748653500894 0.07268370607028754
2 0.4134290843806104 0.27517571884984027 0.038384201077199274 0.06654952076677312
2 0.47567324955116697 0.2646645367412141 0.031005385996409302 0.05779552715654953
2 0.5253770197486535 0.2773642172523962 0.033949730700179474 0.0534185303514377
2 0.4919120287253142 0.19241214057507985 0.023123877917414715 0.04640575079872206
2 0.6454219030520646 0.17434504792332267 0.02368940754039506 0.029712460063897755