2 0.34011718750000003 0.43316666666666664 0.057984375 0.10120833333333334
2 0.6820078125 0.38766666666666666 0.0636484375 0.06806944444444445
2 0.5930156249999999 0.223625 0.030953124999999998 0.035055555555555555
2 0.2700546875 0.38326388888888885 0.0560859375 0.08772222222222222
2 0.6511796875 0.1829583333333333 0.039640625 0.04004166666666666
2 0.75496875 0.25527777777777777 0.049921875 0.04197222222222222
2 0.84140625 0.48055555555555557 0.0984375 0.11666666666666667
2 0.871875 0.35555555555555557 0.08125 0.08888888888888889
2 0.57265625 0.8333333333333334 0.1140625 0.26666666666666666
2 0.396875 0.7625 0.09375 0.24166666666666667
3 0.2375 0.7597222222222222 0.18125 0.275
2 0.53046875 0.5 0.0734375 0.14444444444444443
2 0.5140625 0.37222222222222223 0.046875 0.07777777777777778
2 0.4328125 0.3875 0.065625 0.075
2 0.1859375 0.5194444444444445 0.103125 0.13333333333333333
2 0.11015625 0.4625 0.1046875 0.14166666666666666
2 0.500453125 0.273625 0.0353515625 0.057430555555555554
2 0.4483359375 0.26225 0.0323046875 0.06068055555555555
2 0.3834140625 0.2958472222222222 0.037796875 0.05851388888888889
2 0.34196875000000004 0.27308333333333334 0.037796875 0.05851388888888889
2 0.40840624999999997 0.2384027777777778 0.0365703125 0.05851388888888889
2 0.36726562500000004 0.22161111111111112 0.0310859375 0.04009722222222222
2 0.5010625 0.21240277777777777 0.0256015625 0.034680555555555555