2 0.268671875 0.36058333333333337 0.0634140625 0.08776388888888889
2 0.73246875 0.24840277777777778 0.049453125 0.04943055555555556
2 0.3712734375 0.3046388888888889 0.0404609375 0.07018055555555555
2 0.8085390625000001 0.27158333333333334 0.0653046875 0.05318055555555556
2 0.194796875 0.4865 0.0826015625 0.12313888888888888
2 0.712171875 0.29744444444444446 0.0450546875 0.056625
2 0.6186640625 0.24606944444444442 0.041273437499999996 0.05086111111111111
2 0.3890546875 0.24583333333333332 0.034999999999999996 0.05522222222222222
2 0.9365937499999999 0.5172916666666667 0.119265625 0.1352361111111111
2 0.6892421875 0.16218055555555555 0.025023437500000002 0.03473611111111111
2 0.380859375 0.9241388888888888 0.13371093750000002 0.1388888888888889
2 0.5416171875 0.5795972222222222 0.085640625 0.21368055555555554
2 0.226109375 0.7265 0.127703125 0.20298611111111112
2 0.0496640625 0.8342083333333333 0.099328125 0.24762499999999998
2 0.42690625000000004 0.4007638888888889 0.052414062500000004 0.08616666666666667
2 0.336171875 0.41429166666666667 0.0625546875 0.1252361111111111
2 0.4469140625 0.27652777777777776 0.0315625 0.05409722222222223
2 0.498765625 0.22793055555555558 0.0270546875 0.057111111111111106
2 0.46485937499999996 0.1696527777777778 0.02296875 0.030972222222222224
3 0.33023437499999997 0.22209722222222222 0.0625625 0.10770833333333332
2 0.6192109375 0.18333333333333332 0.02521875 0.03745833333333333