2 0.27991258741258745 0.3178348909657321 0.05416083916083919 0.0537071651090343
2 0.19609265734265738 0.32690031152647975 0.06690559440559438 0.06160436137071653
2 0.30401223776223774 0.21811526479750779 0.03090034965034957 0.03761682242990651
2 0.45499125874125873 0.6009501557632398 0.08621503496503506 0.16387850467289725
2 0.8334790209790209 0.9026479750778816 0.1896853146853147 0.19470404984423675
2 0.6978321678321677 0.5907165109034268 0.10058566433566447 0.16898753894080998
2 0.8379370629370628 0.566386292834891 0.11638986013986022 0.13570093457943927
2 0.5563199300699301 0.4476479750778816 0.06223776223776228 0.10521806853582548
2 0.4785227272727272 0.36802180685358254 0.05026223776223776 0.0938317757009346
3 0.6241346153846153 0.30618380062305295 0.05425699300699315 0.09526479750778812
2 0.7039248251748251 0.33319314641744546 0.05744755244755247 0.06682242990654202
2 0.7900961538461538 0.32110591900311525 0.06382867132867132 0.08531152647975075
2 0.4877097902097903 0.2648442367601246 0.038356643356643454 0.053566978193146396
2 0.5416083916083916 0.2791588785046729 0.03731643356643361 0.06557632398753897
2 0.5820367132867134 0.22975077881619937 0.03524475524475519 0.046183800623052926
2 0.6457867132867132 0.24914330218068534 0.03938811188811184 0.05542056074766353
2 0.5335402097902098 0.21518691588785047 0.028041958041957978 0.052554517133956404
2 0.5642395104895105 0.18116822429906543 0.029493006993007 0.04306853582554514