2 0.7091211604095563 0.31145896656534955 0.06415529010238913 0.07363221884498479
2 0.7256228668941979 0.21071428571428572 0.0474317406143344 0.08141337386018237
2 0.2693430034129693 0.554741641337386 0.08592150170648467 0.13761398176291786
2 0.5546075085324232 0.851823708206687 0.11262798634812286 0.29635258358662614
2 0.20133959044368602 0.7833586626139818 0.12948805460750853 0.2519908814589665
2 0.0985494880546075 0.5478723404255319 0.197098976109215 0.37537993920972645
2 0.3943771331058021 0.48118541033434653 0.06474402730375427 0.12600303951367775
2 0.5070733788395904 0.4608966565349544 0.055153583617747526 0.11531914893617021
2 0.3159982935153584 0.36299392097264443 0.052389078498293495 0.09080547112462006
2 0.21379692832764505 0.3559118541033435 0.06314846416382251 0.08831306990881461
2 0.259641638225256 0.29551671732522794 0.04724402730375427 0.08747720364741642
2 0.48669795221843 0.3251823708206687 0.04238907849829357 0.08662613981762918
2 0.4214590443686007 0.3008966565349544 0.03943686006825941 0.06848024316109423
2 0.35015358361774745 0.28275075987841947 0.03812286689419791 0.06379939209726447
2 0.48423208191126277 0.24966565349544073 0.03549488054607501 0.05618541033434646
2 0.42704778156996587 0.22069908814589664 0.029573378839590513 0.04624620060790274
2 0.364778156996587 0.20782674772036475 0.036476109215017066 0.07199088145896657
2 0.4819283276450512 0.18001519756838905 0.021689419795221904 0.04097264437689967
2 0.6071672354948806 0.15635258358662613 0.030375426621160332 0.030835866261398164
2 0.636117747440273 0.10756838905775076 0.019581911262798672 0.023252279635258374
2 0.6029095563139932 0.10124620060790274 0.020153583617747346 0.028814589665653506
2 0.5421587030716724 0.09618541033434651 0.01788395904436863 0.0278115501519757
2 0.4453668941979522 0.13537993920972646 0.0212883959044369 0.03135258358662613