2 0.7224140625000001 0.28043055555555557 0.04815625 0.04588888888888889
2 0.7293671875000001 0.3535277777777778 0.0481640625 0.05791666666666667
2 0.937296875 0.4904722222222222 0.1254140625 0.14347222222222222
2 0.930890625 0.39537500000000003 0.1051015625 0.08341666666666667
2 0.7253828125 0.23438888888888887 0.050671875 0.04504166666666667
2 0.656875 0.2160416666666667 0.03378125 0.048374999999999994
2 0.605265625 0.19434722222222223 0.0375390625 0.048374999999999994
2 0.66628125 0.1769027777777778 0.0260625 0.024069444444444442
2 0.56484375 0.9263888888888889 0.1203125 0.14722222222222223
2 0.41328125 0.6638888888888889 0.0890625 0.2111111111111111
2 0.5402578124999999 0.5256111111111111 0.0712421875 0.168875
2 0.156734375 0.6037083333333334 0.10686718749999999 0.15620833333333334
2 0.3188125 0.4981666666666667 0.0938046875 0.14354166666666665
2 0.5205625 0.39997222222222223 0.045640625000000004 0.08494444444444443
2 0.4431953125 0.3524305555555556 0.0406484375 0.071
2 0.368671875 0.3460972222222222 0.0499140625 0.07606944444444445
2 0.26492187500000003 0.39299999999999996 0.0663203125 0.09127777777777778
2 0.5095156249999999 0.30743055555555554 0.0349453125 0.07226388888888889
2 0.5041640625 0.2541805555555555 0.0342265625 0.044375
2 0.44996875000000003 0.26622222222222225 0.0328046875 0.053250000000000006
2 0.4046875 0.258625 0.033515625 0.06338888888888888
2 0.36796093750000003 0.23390277777777777 0.0328046875 0.041833333333333333