2 0.8291484375 0.4659861111111111 0.09190625 0.09375
2 0.3201640625 0.3002361111111111 0.045390625000000004 0.06326388888888888
2 0.72146875 0.25430555555555556 0.0506953125 0.06248611111111112
2 0.84890625 0.3815 0.0736171875 0.06752777777777777
2 0.64990625 0.22231944444444443 0.041296875 0.050749999999999997
2 0.7320156250000001 0.45575 0.08367187499999999 0.11380555555555555
2 0.53834375 0.6005 0.095 0.153875
2 0.4190625 0.5094861111111111 0.073890625 0.1257361111111111
2 0.306640625 0.5245 0.087609375 0.15575
2 0.1915859375 0.5310694444444445 0.0960546875 0.146375
2 0.6884453125000001 0.18538888888888888 0.0244140625 0.03273611111111111
2 0.6586796875 0.18538888888888888 0.029125 0.03730555555555556
2 0.632984375 0.16331944444444446 0.0256953125 0.02816666666666667
2 0.6115703124999999 0.12943055555555555 0.0222734375 0.02284722222222222
2 0.5689609375 0.15531944444444445 0.020984375 0.030458333333333334
2 0.5148125 0.2825416666666667 0.0362578125 0.05944444444444444
2 0.5042500000000001 0.22591666666666665 0.0249921875 0.04755555555555556
2 0.4565546875 0.25156944444444446 0.0309765625 0.04755555555555556
2 0.3986484375 0.2734722222222222 0.0355546875 0.05381944444444445
2 0.3655625 0.23123611111111111 0.0341484375 0.041930555555555554
2 0.4253984375 0.20556944444444444 0.0271015625 0.04568055555555556
2 0.47133593749999997 0.18429166666666666 0.021828125 0.03816666666666667
2 0.438953125 0.16770833333333332 0.0239375 0.026277777777777782
2 0.4125546875 0.1567638888888889 0.0204140625 0.03191666666666667
2 0.3926640625 0.18836111111111112 0.0235859375 0.035041666666666665