2 0.288968253968254 0.4443502824858757 0.07971428571428575 0.09454802259887013
2 0.6803015873015874 0.4688983050847458 0.06487301587301587 0.12837570621468924
2 0.3053174603174604 0.22686440677966102 0.0364285714285715 0.03848870056497175
2 0.2384444444444445 0.24600282485875705 0.04019047619047627 0.04540960451977398
2 0.7571031746031747 0.4635310734463277 0.06449999999999999 0.10495762711864415
2 0.7182142857142858 0.3626129943502825 0.06555555555555548 0.08142655367231635
2 0.6111111111111112 0.8601694915254238 0.10952380952380952 0.2796610169491525
2 0.8722222222222222 0.882768361581921 0.18412698412698414 0.2344632768361582
2 0.9678571428571429 0.867231638418079 0.06428571428571428 0.23728813559322035
2 0.4599682539682539 0.6131497175141243 0.0749285714285715 0.15758474576271178
2 0.4716587301587301 0.4376271186440678 0.05090476190476199 0.09368644067796617
2 0.5536746031746032 0.3528389830508475 0.054817460317460265 0.1161440677966102
2 0.4951507936507936 0.2839265536723164 0.032626984126984046 0.05730225988700564
2 0.6052301587301586 0.297090395480226 0.039595238095237996 0.054194915254237294
2 0.6663571428571429 0.2862570621468926 0.03306349206349213 0.05265536723163846
2 0.5880396825396825 0.24096045197740112 0.02349206349206342 0.034844632768361604
2 0.2911031746031746 0.3044491525423729 0.05786507936507943 0.08285310734463272
2 0.08412698412698413 0.442090395480226 0.10634920634920635 0.1271186440677966
2 0.6398174603174603 0.2293502824858757 0.04611904761904772 0.04567796610169496
2 0.37115873015873013 0.2030225988700565 0.0256666666666666 0.034844632768361604
2 0.3261269841269841 0.18056497175141242 0.026976190476190483 0.033290960451977394
2 0.42292857142857143 0.17901129943502825 0.02044444444444444 0.03175141242937856
2 0.5343095238095238 0.21772598870056498 0.02305555555555552 0.034844632768361604