2 0.827979274611399 0.32487692307692306 0.06706390328151993 0.06133846153846154
2 0.6829360967184802 0.2251846153846154 0.04142487046632127 0.04696923076923073
2 0.6910880829015544 0.3477076923076923 0.06783246977547491 0.0729384615384615
2 0.9719343696027634 0.38384615384615384 0.05613126079447323 0.09692307692307692
2 0.03842832469775475 0.8738461538461538 0.0768566493955095 0.2523076923076923
2 0.5857599309153713 0.8421384615384615 0.10981865284974099 0.2523384615384615
2 0.4232210708117444 0.6103846153846154 0.09796200345423148 0.31346153846153846
2 0.19212435233160624 0.5003538461538461 0.09548359240069079 0.11847692307692306
2 0.5293955094991364 0.39892307692307694 0.05316925734024174 0.10349230769230766
2 0.4511226252158895 0.3603384615384616 0.0492314335060449 0.08069230769230776
2 0.357573402417962 0.3906 0.061044905008635526 0.08156923076923074
2 0.292832469775475 0.3243692307692308 0.055630397236614816 0.06841538461538457
2 0.5259153713298791 0.27273846153846154 0.041252158894645924 0.07920000000000003
2 0.4553972366148532 0.2562153846153846 0.0358203799654577 0.05867692307692306
2 0.3911226252158895 0.2713076923076923 0.04221070811744387 0.056969230769230814
2 0.33131260794473233 0.24196923076923077 0.04924870466321241 0.057538461538461504
2 0.41141623488773743 0.20493846153846154 0.03442141623488775 0.060369230769230786