2 0.695328125 0.3012916666666667 0.060109375 0.06549999999999999
2 0.8318359375 0.37462500000000004 0.082265625 0.064875
2 0.426578125 0.5691666666666667 0.0571328125 0.12386111111111112
2 0.5671875 0.7027777777777777 0.10625 0.25555555555555554
2 0.88984375 0.5458333333333333 0.1421875 0.14166666666666666
2 0.520515625 0.4396527777777778 0.0615859375 0.10079166666666665
2 0.1764375 0.5943194444444445 0.1182734375 0.159875
2 0.34065625 0.43618055555555557 0.0791796875 0.11469444444444445
2 0.4462265625 0.3684027777777778 0.05571875 0.1077361111111111
2 0.5053671875 0.30672222222222223 0.0371484375 0.08515277777777779
2 0.4545390625 0.27718055555555554 0.0371484375 0.06429166666666666
2 0.389046875 0.29455555555555557 0.03128125 0.06429166666666666
2 0.312796875 0.32322222222222224 0.05278125 0.06951388888888889
2 0.2614765625 0.2815138888888889 0.059625 0.06604166666666667
2 0.502484375 0.2467777777777778 0.027765625 0.043708333333333335
2 0.5050625 0.20587499999999997 0.021812500000000002 0.03384722222222222
2 0.46401562500000004 0.2034166666666667 0.026968750000000003 0.043013888888888886
2 0.4156328125 0.21222222222222223 0.0356953125 0.045125000000000005
2 0.3791484375 0.21575 0.034109375 0.04088888888888889
2 0.3442421875 0.2524166666666667 0.034109375 0.055
2 0.5611875000000001 0.14030555555555554 0.01665625 0.023972222222222225
2 0.5014921875 0.16991666666666666 0.0202265625 0.03102777777777778
2 0.47690625000000003 0.16145833333333334 0.0202265625 0.03102777777777778
2 0.447359375 0.1565277777777778 0.023 0.029611111111111112