2 0.87625 0.3964899713467049 0.08033064516129043 0.07881088825214898
2 0.6142177419354838 0.25083094555873925 0.04252419354838711 0.061504297994269354
2 0.7347741935483871 0.20686246418338106 0.048137096774193595 0.050114613180515785
2 0.6606935483870968 0.23528653295128937 0.038943548387096745 0.0455730659025788
2 0.6870564516129033 0.20525787965616046 0.033774193548387184 0.03873925501432668
2 0.9709677419354839 0.38108882521489973 0.05806451612903226 0.06876790830945559
2 0.30527419354838714 0.2702292263610315 0.04558064516129031 0.06044412607449856
2 0.24839516129032257 0.36289398280802293 0.05939516129032256 0.08310888252148996
2 0.5814516129032258 0.8868194842406877 0.12903225806451613 0.22636103151862463
2 0.3721774193548387 0.8595988538681948 0.125 0.2808022922636103
2 0.18787903225806454 0.7406590257879656 0.13435483870967743 0.2407736389684813
2 0.15888709677419355 0.5311747851002865 0.09395967741935483 0.1307879656160458
2 0.29111290322580646 0.4812607449856734 0.06974193548387098 0.1204584527220631
2 0.41800806451612904 0.45114613180515756 0.06393548387096772 0.11530085959885389
2 0.4964677419354839 0.2988538681948424 0.048435483870967695 0.08948424068767906
2 0.35132258064516125 0.32547277936962754 0.05057258064516132 0.08739255014326648
2 0.4313225806451613 0.2564613180515759 0.03586290322580647 0.047378223495702
2 0.37683870967741934 0.2552292263610315 0.03632258064516126 0.057994269340974236
2 0.39338709677419353 0.19723495702005728 0.02529032258064517 0.04492836676217767
2 0.44579838709677416 0.1943839541547278 0.021612903225806415 0.03757879656160461
2 0.6735241935483871 0.1582378223495702 0.02842741935483871 0.030515759312320933
2 0.5499919354838709 0.1296704871060172 0.01811290322580648 0.023309455587392565