2 0.04792746113989637 0.8738461538461538 0.09585492227979274 0.2523076923076923
2 0.3654528881212819 0.7588888888888888 0.11274227595471127 0.21794871794871806
2 0.7871329879101899 0.9669230769230769 0.14766839378238342 0.06615384615384616
2 0.9628670120898101 0.9353846153846154 0.07426597582037997 0.12923076923076923
2 0.5423623104970257 0.7150854700854701 0.11154289004029924 0.245726495726496
2 0.6587027441949722 0.5804700854700855 0.0995490308961812 0.1858974358974358
2 0.5177603402318128 0.41502000889284124 0.05740413509439237 0.10048910626945319
2 0.4179270618067826 0.41057358826144946 0.05440913674164141 0.09515340151178302
2 0.7199227290424991 0.45548243663850596 0.08935078419040209 0.12983548243663862
2 0.7426347998841935 0.3536594041796353 0.06988329489752114 0.08092485549132947
2 0.658275679615043 0.37277901289461973 0.060898299839268456 0.07292129835482439
2 0.5701728114049538 0.33098265895953755 0.04841914003613969 0.07647843485993777
2 0.49618595279217037 0.29100591715976326 0.03681192152694739 0.062130177514792856
2 0.4307271600017714 0.2735009861932939 0.03432088924316912 0.06558185404339252
2 0.5407477525353174 0.25081854043392504 0.032936982418847696 0.05177514792899414
2 0.4870521677516496 0.2325739644970414 0.033490545148576224 0.044871794871794816
2 0.5259580362181295 0.21162223914699163 0.027702252090493942 0.039908606245239925
2 0.48175413396261896 0.1941051028179741 0.024795225636553165 0.03594821020563595
2 0.4403717573829922 0.1858796648895659 0.02240120385095515 0.03168316831683167
2 0.5111664016142546 0.1676009139375476 0.02547923186100999 0.038385376999238385
3 0.6201514610742578 0.2788342773615933 0.059279862487128625 0.1096290882514161
2 0.16474026836721142 0.5288757396449704 0.12023382489703738 0.14674556213017764
2 0.1072804570213897 0.4235502958579881 0.11159824631327207 0.1325443786982249
2 0.0983127407997874 0.3466272189349113 0.0883486116646739 0.0875739644970414
2 0.08635578583765112 0.2815384615384615 0.07506310615118914 0.07810650887573957
2 0.2580709445994421 0.3714792899408284 0.0690846286701209 0.0875739644970414
2 0.23515344758868081 0.28686390532544376 0.06576325229174973 0.08402366863905329
2 0.3112129666533812 0.2827218934911242 0.05048492095124228 0.07100591715976327
2 0.17437225986448782 0.22295857988165677 0.04649926929719673 0.05325443786982253
2 0.2534210176697223 0.20520710059171599 0.03719941543775742 0.0437869822485207
2 0.3039059386209645 0.19396449704142016 0.03587086488640884 0.05207100591715971
2 0.346751693901953 0.21881656804733726 0.03653514016208323 0.052071005917159796
2 0.36767636508569157 0.1649704142011834 0.029228112129666504 0.048520710059171614
2 0.3015809751561047 0.15431952662721896 0.02457818519994695 0.03431952662721891