2 0.2767330016583748 0.34073746312684366 0.05936981757877273 0.06504424778761066
2 0.08923714759535646 0.3609439528023599 0.08291044776119384 0.0715339233038348
2 0.40797678275290217 0.21246312684365784 0.04649253731343278 0.07744837758112093
2 0.2595522388059701 0.26759587020648967 0.06341625207296851 0.06330383480825962
2 0.12038142620232178 0.5360914454277287 0.11392205638474284 0.11609144542772867
2 0.5103980099502488 0.390693215339233 0.0465091210613598 0.06859882005899703
2 0.2538474295190713 0.49190265486725665 0.07745439469320073 0.12353982300884954
2 0.8698175787728026 0.9166666666666666 0.175787728026534 0.16666666666666666
2 0.9332504145936982 0.7109144542772862 0.13349917081260365 0.2153392330383481
2 0.7192371475953565 0.5436578171091446 0.0899336650082919 0.1678318584070796
2 0.47450248756218905 0.5961061946902655 0.08698175787728034 0.19930678466076696
2 0.8053648424543947 0.4117256637168141 0.14653399668325062 0.22424778761061942
2 0.664145936981758 0.4015339233038348 0.04912106135986734 0.09610619469026543
2 0.5769651741293532 0.33674041297935103 0.05320895522388066 0.08591445427728614
2 0.5957960199004975 0.48672566371681414 0.07449419568822548 0.19367256637168134
2 0.6442205638474295 0.32949852507374633 0.04419568822553893 0.07412979351032448
2 0.5139469320066336 0.2523746312684366 0.029469320066334962 0.05914454277286139
2 0.5631923714759536 0.2280383480825959 0.02862354892205637 0.04042772861356936
2 0.6334908789386401 0.25088495575221237 0.030306799336650043 0.057654867256637134
2 0.7006301824212272 0.2714749262536873 0.03493366500829197 0.05989675516224191
2 0.6816832504145937 0.23665191740412977 0.025679933665008314 0.044174041297935084
2 0.5524626865671641 0.17451327433628316 0.022313432835820962 0.029203539823008866
2 0.3483747927031509 0.18539823008849557 0.03950248756218914 0.04560471976401182
2 0.32799336650082916 0.15811209439528023 0.027313432835820942 0.032890855457227156
2 0.38199834162520735 0.14877581120943953 0.021857379767827447 0.0321386430678466
2 0.4135157545605307 0.14315634218289086 0.0235323383084578 0.03140117994100294