2 0.16794628751974716 0.38487359550561795 0.07947077409162719 0.07412921348314602
2 0.24691153238546606 0.5065730337078652 0.1026698262243286 0.10563202247191017
2 0.6636018957345972 0.4843960674157303 0.05827014218009477 0.11266853932584274
2 0.5805608214849921 0.558314606741573 0.0624249605055292 0.11945224719101118
2 0.6416903633491311 0.35407303370786514 0.04976303317535545 0.09584269662921349
2 0.4178515007898894 0.7626404494382022 0.10110584518167456 0.24719101123595505
2 0.80173775671406 0.7991573033707865 0.12006319115323855 0.2303370786516854
2 0.9036334913112164 0.6558988764044944 0.13112164296998421 0.15730337078651685
3 0.2582069510268562 0.336376404494382 0.09507898894154827 0.15126404494382029
2 0.2846208530805687 0.22474719101123597 0.028791469194312833 0.033750000000000044
2 0.36135071090047394 0.18199438202247192 0.021516587677725126 0.025884831460674166
2 0.4831674565560822 0.4170365168539326 0.04387835703001576 0.07903089887640447
2 0.7387282780410742 0.3998174157303371 0.061540284360189455 0.09321629213483147
2 0.5563902053712481 0.30508426966292135 0.03191153238546611 0.05775280898876405
2 0.6096682464454976 0.28582865168539323 0.031342812006318985 0.06383426966292133
2 0.6962796208530806 0.3288904494382022 0.042733017377567066 0.0486376404494382
2 0.4954186413902054 0.2822893258426966 0.029628751974723533 0.0486376404494382
2 0.58347551342812 0.22498595505617977 0.027685624012638195 0.03407303370786516