2 0.1973604465709729 0.43985795454545457 0.08605263157894734 0.08639204545454553
2 0.6519537480063795 0.37703125 0.049984051036682485 0.07960227272727267
2 0.45374800637958534 0.7997159090909091 0.10366826156299841 0.2727272727272727
2 0.6228070175438597 0.9140625 0.1291866028708134 0.171875
2 0.7948006379585327 0.7944318181818182 0.1456698564593302 0.3009943181818183
2 0.47106858054226475 0.48223011363636364 0.062073365231259905 0.1267471590909091
2 0.6500956937799043 0.5611079545454545 0.0628309409888357 0.12539772727272724
2 0.8298883572567783 0.5489772727272727 0.09689792663476855 0.14427556818181808
2 0.506555023923445 0.2764488636363636 0.03255183413078145 0.06272727272727269
2 0.5660207336523125 0.3282244318181818 0.03920255183413085 0.07160511363636358
2 0.6206618819776714 0.28207386363636366 0.03421850079744805 0.05267045454545452
2 0.6932216905901116 0.28485795454545454 0.046251993620414676 0.06839488636363633
2 0.5544736842105262 0.249375 0.029377990430621944 0.05544034090909087
2 0.24235247208931418 0.30363636363636365 0.06435406698564597 0.07579545454545457
2 0.3194736842105263 0.18616477272727272 0.031379585326953674 0.0322159090909091
2 0.4375438596491228 0.17196022727272728 0.022870813397129236 0.037897727272727284