2 0.07484657039711197 0.16813504823151126 0.06694043321299646 0.059823151125401944
2 0.13923285198555954 0.21618971061093248 0.06784296028880873 0.06225080385852085
2 0.2673375451263538 0.0881993569131833 0.03380866425992783 0.043376205787781334
2 0.021209386281588447 0.4919614147909968 0.042418772563176894 0.18006430868167203
2 0.17418772563176896 0.3971061093247588 0.10469314079422383 0.1189710610932476
2 0.5663808664259927 0.49109324758842443 0.07876353790613717 0.17498392282958206
2 0.45657039711191333 0.3309646302250804 0.061164259927797816 0.11885852090032155
2 0.6979693140794224 0.45807073954983923 0.08988267148014432 0.14525723472668814
2 0.768817689530686 0.3086012861736334 0.08120036101083035 0.1258199356913183
2 0.6282039711191335 0.24983922829581995 0.052021660649819376 0.08815112540192924
2 0.5400180505415163 0.25662379421221865 0.05244584837545117 0.09718649517684885
2 0.4578880866425993 0.1992765273311897 0.04207581227436813 0.07495176848874599
2 0.46490072202166066 0.13440514469453374 0.03236462093862807 0.052845659163987146
2 0.530442238267148 0.144983922829582 0.03614620938628155 0.05668810289389066
2 0.6871389891696751 0.17477491961414793 0.049629963898916975 0.07014469453376206
2 0.59235559566787 0.1457717041800643 0.03584837545126356 0.062025723472668784
2 0.633456678700361 0.112475884244373 0.036101083032490974 0.05107717041800645
2 0.5685469314079423 0.08419614147909969 0.03277075812274363 0.05107717041800645
2 0.33574007220216606 0.01607717041800643 0.02527075812274368 0.03215434083601286
2 0.3667328519855596 0.013922829581993564 0.021687725631768927 0.02617363344051447
2 0.3976985559566787 0.028569131832797422 0.022039711191335805 0.030530546623794202