2 0.7362203389830508 0.39146525679758304 0.06610169491525424 0.06755287009063449
2 0.6136525423728814 0.3207703927492447 0.04525423728813567 0.05996978851963745
2 0.3019830508474576 0.4430966767371601 0.05921186440677966 0.09259818731117818
2 0.6320254237288135 0.2585045317220544 0.03655084745762721 0.04628398791540783
2 0.7744576271186441 0.3416012084592145 0.0567627118644068 0.06649546827794559
2 0.19195762711864406 0.44743202416918426 0.0691440677966102 0.11081570996978854
2 0.861864406779661 0.7401812688821753 0.20677966101694914 0.30513595166163143
2 0.5127118644067796 0.6963746223564955 0.10508474576271186 0.22356495468277945
2 0.37796610169491524 0.6510574018126888 0.08983050847457627 0.1933534743202417
2 0.22542372881355932 0.6722054380664653 0.12033898305084746 0.19939577039274925
2 0.08983050847457627 0.9811178247734139 0.1440677966101695 0.0377643504531722
2 0.042796610169491524 0.8617824773413897 0.08559322033898305 0.2764350453172205
2 0.8252118644067796 0.3235196374622356 0.08330508474576268 0.08484894259818733
2 0.6690169491525424 0.25391238670694866 0.03718644067796619 0.05966767371601209
2 0.4875338983050847 0.41963746223564957 0.05057627118644073 0.0941238670694865
2 0.39902542372881356 0.39842900302114803 0.047601694915254206 0.09412386706948632
2 0.5507542372881356 0.21746223564954684 0.03570338983050857 0.050377643504531756
2 0.6035677966101696 0.22342900302114804 0.04611864406779667 0.03844410876132929
2 0.6080338983050848 0.17835347432024168 0.029754237288135508 0.03844410876132929
2 0.559686440677966 0.14188821752265862 0.02528813559322027 0.03447129909365558
2 0.5277033898305086 0.14851963746223565 0.019338983050847403 0.039773413897280945
2 0.27077118644067794 0.3245468277945619 0.06407627118644069 0.0811480362537764
2 0.3556440677966101 0.318036253776435 0.05171186440677965 0.07814199395770395
2 0.41438135593220343 0.25743202416918426 0.03540677966101693 0.047084592145015126
2 0.4680593220338983 0.29749244712990935 0.04496610169491521 0.05510574018126891
2 0.46440677966101696 0.23638972809667674 0.038779661016949143 0.04909365558912387
2 0.4301186440677966 0.197809667673716 0.02529661016949145 0.04608761329305135
2 0.31545762711864406 0.2398942598187311 0.03540677966101693 0.056102719033232606
2 0.37054237288135594 0.2248640483383686 0.03540677966101693 0.05811178247734143