2 0.8758789386401327 0.4535545722713864 0.09754560530679923 0.09955752212389381
2 0.33566334991708124 0.2775368731563422 0.04817578772802655 0.06718289085545724
2 0.761592039800995 0.22876106194690266 0.05380597014925381 0.06635693215339235
2 0.896849087893864 0.36383480825958703 0.07813432835820897 0.0717109144542773
2 0.6856384742951908 0.19479351032448378 0.0438308457711442 0.053893805309734547
2 0.7727860696517413 0.4426843657817109 0.08880597014925365 0.12085545722713872
2 0.5672305140961857 0.596401179941003 0.1008291873963515 0.16340707964601764
2 0.4406301824212272 0.49974926253687313 0.07842454394693195 0.13352507374631264
2 0.3213101160862355 0.5156932153392331 0.09298507462686566 0.16539823008849555
2 0.19919568822553896 0.5226696165191741 0.10194859038142619 0.15544247787610618
2 0.7265422885572139 0.15557522123893805 0.025912106135986733 0.03476401179941002
2 0.6949502487562189 0.15557522123893805 0.03091210613598671 0.03961651917404132
2 0.6676782752902156 0.13213864306784662 0.0272719734660034 0.029911504424778763
2 0.6449502487562189 0.0961504424778761 0.02364013266998341 0.024262536873156326
2 0.599726368159204 0.12364306784660767 0.022271973466003233 0.03234513274336284
2 0.5422553897180763 0.25874631268436576 0.038482587064676686 0.06312684365781712
2 0.531044776119403 0.19861356932153393 0.026525704809286905 0.0505014749262537
2 0.4804228855721393 0.22585545722713862 0.03287728026534004 0.0505014749262537
2 0.41896351575456053 0.24911504424778763 0.03773631840796019 0.05715339233038348
2 0.3838474295190713 0.20426253687315635 0.036243781094527396 0.044528023598820056
2 0.44735489220563845 0.17700589970501474 0.028764510779436196 0.04851032448377579
2 0.49611111111111106 0.15441002949852506 0.023167495854063063 0.04053097345132742
2 0.46174129353233834 0.13679941002949852 0.025406301824212354 0.027905604719764034
2 0.43372305140961864 0.12517699115044248 0.021666666666666758 0.0338938053097345
2 0.41261194029850745 0.15873156342182893 0.02503316749585411 0.03721238938053096