2 0.5920859375 0.21745833333333334 0.026234374999999997 0.03302777777777778
2 0.666 0.3755277777777778 0.061734374999999994 0.06420833333333333
2 0.588734375 0.16015277777777778 0.018765625 0.02323611111111111
2 0.43184374999999997 0.5056388888888889 0.0579921875 0.11781944444444445
2 0.31453125000000004 0.48581944444444447 0.0610625 0.11330555555555555
2 0.3665546875 0.3779166666666667 0.044171875 0.07825
2 0.5265859374999999 0.4273055555555556 0.05090625 0.10031944444444445
2 0.71978125 0.275125 0.036289062500000004 0.03340277777777778
2 0.8798984375 0.35566666666666663 0.060843749999999995 0.05669444444444444
2 0.584375 0.9166666666666666 0.121875 0.16666666666666666
2 0.53046875 0.5805555555555556 0.0671875 0.17777777777777778
2 0.209375 0.8666666666666667 0.15625 0.25
2 0.21697656250000003 0.4528611111111111 0.0856640625 0.11220833333333334
2 0.44325000000000003 0.3496666666666667 0.038890625 0.066125
2 0.5095390625 0.2913888888888889 0.031179687499999997 0.052263888888888894
2 0.282609375 0.3547361111111111 0.05121875 0.08393055555555555
2 0.3841640625 0.2894305555555555 0.04196875 0.08665277777777777
2 0.45913281250000004 0.22594444444444445 0.0260625 0.03309722222222222
2 0.6522812499999999 0.19570833333333332 0.026328125 0.028291666666666666
2 0.6810703124999999 0.19005555555555556 0.0219921875 0.028291666666666666
2 0.6153984375 0.15070833333333333 0.01909375 0.021597222222222223
2 0.5819765625 0.12781944444444446 0.018226562499999998 0.021083333333333332