2 0.641109375 0.2932638888888889 0.0484375 0.06145833333333333
2 0.8431953125 0.47875 0.0959140625 0.09940277777777777
2 0.31541406250000004 0.5008333333333334 0.06671875000000001 0.12534722222222222
2 0.62765625 0.1559722222222222 0.0212890625 0.02640277777777778
2 0.43804687500000006 0.4423611111111111 0.049078125 0.10295833333333333
2 0.5490234375 0.5890416666666667 0.098890625 0.19634722222222223
2 0.39811718749999997 0.8413333333333333 0.13870312499999998 0.28081944444444445
2 0.14447656250000002 0.6541111111111111 0.1502578125 0.20319444444444446
2 0.2645546875 0.36872222222222223 0.071921875 0.08904166666666667
2 0.5197890625 0.39715277777777774 0.048125 0.09554166666666668
2 0.5089609375 0.2688055555555555 0.03609375 0.06702777777777777
2 0.44559375 0.2859166666666667 0.0441171875 0.07558333333333334
2 0.38903906250000003 0.27237500000000003 0.040109375 0.077
2 0.3405078125 0.2709444444444445 0.039304687500000005 0.051333333333333335
2 0.5805234375 0.18463888888888888 0.026984374999999998 0.031222222222222224
2 0.5957265625 0.1515138888888889 0.0248359375 0.03197222222222222
2 0.5850234375000001 0.12676388888888887 0.023984375 0.03426388888888889
2 0.5015078125 0.19491666666666668 0.028265625 0.03959722222222222
2 0.46403125 0.18805555555555556 0.0278359375 0.04415277777777778
2 0.4355546875 0.1678888888888889 0.023984375 0.03273611111111111
2 0.373453125 0.19948611111111111 0.029125 0.05938888888888889
2 0.5006484375 0.1602638888888889 0.019703125 0.029694444444444443