2 0.7374909090909091 0.19383495145631066 0.04845454545454541 0.06328478964401296
2 0.2828818181818182 0.2988996763754046 0.06530909090909094 0.08496763754045306
2 0.9012454545454545 0.18504854368932042 0.062590909090909 0.052216828478964375
2 0.7914545454545455 0.3774919093851133 0.09290000000000005 0.11163430420711976
2 0.32384545454545455 0.41645631067961164 0.07619999999999995 0.13325242718446606
2 0.8017090909090909 0.1096440129449838 0.03540909090909095 0.04016181229773462
2 0.7510363636363636 0.10189320388349514 0.04 0.04707119741100324
2 0.6554545454545454 0.9522653721682848 0.14181818181818182 0.09546925566343042
2 0.610909090909091 0.6423948220064725 0.10363636363636364 0.23948220064724918
2 0.42 0.7864077669902912 0.12181818181818181 0.2815533980582524
2 0.08550909090909091 0.6547249190938511 0.1498545454545455 0.2077022653721683
2 0.04681818181818182 0.4627831715210356 0.09363636363636364 0.16181229773462782
2 0.5749181818181818 0.34132686084142394 0.0583363636363637 0.09957928802589
2 0.4722272727272728 0.3199838187702265 0.0591363636363636 0.11663430420711972
2 0.37464545454545456 0.2902912621359223 0.05761818181818181 0.08686084142394823
2 0.48937272727272724 0.20388349514563106 0.04100909090909082 0.07854368932038838
2 0.4178636363636363 0.18200647249190938 0.04389999999999997 0.07593851132686086
2 0.3473 0.17909385113268608 0.045536363636363666 0.05841423948220068
2 0.5494909090909091 0.08786407766990291 0.026518181818181885 0.057977346278317174
2 0.5006272727272728 0.10275080906148867 0.028536363636363728 0.04566343042071197
2 0.4408181818181818 0.1235275080906149 0.032281818181818175 0.053365695792880245
2 0.4566727272727273 0.0776051779935275 0.02882727272727276 0.044644012944983824
2 0.38489999999999996 0.12326860841423949 0.03459090909090905 0.047718446601941765
2 0.6220545454545454 0.041715210355987055 0.02459090909090905 0.034902912621359215
2 0.6539545454545455 0.02898058252427184 0.020545454545454464 0.03046925566343042
2 0.6955090909090909 0.04310679611650486 0.025836363636363702 0.026601941747572813
2 0.7456272727272728 0.05639158576051779 0.0283272727272728 0.03545307443365695