2 0.8440234375 0.2988472222222222 0.0657734375 0.058791666666666666
2 0.353609375 0.40293055555555557 0.05298437499999999 0.09243055555555556
2 0.7247656250000001 0.22868055555555555 0.0312890625 0.03904166666666667
2 0.64246875 0.24191666666666667 0.037671875 0.03811111111111111
2 0.8058984375 0.3553472222222222 0.0739296875 0.06551388888888889
2 0.571125 0.7461944444444444 0.0997421875 0.21319444444444444
2 0.26003125 0.6818194444444445 0.11160937500000001 0.19841666666666669
2 0.0468984375 0.8485694444444445 0.0843046875 0.24908333333333335
2 0.4199921875 0.5916805555555555 0.0768046875 0.1668888888888889
2 0.49375 0.4697777777777778 0.060953125 0.10294444444444445
2 0.156421875 0.6003611111111111 0.112296875 0.14830555555555555
3 0.24358593750000002 0.37763888888888886 0.1219296875 0.19652777777777777
2 0.50940625 0.33648611111111115 0.041578125 0.07884722222222222
2 0.4478359375 0.31254166666666666 0.03959375 0.09573611111111112
2 0.3765625 0.32733333333333337 0.038804687500000004 0.060541666666666674
2 0.3977421875 0.2801666666666667 0.03128125 0.049277777777777775
2 0.4993046875 0.25658333333333333 0.024546875000000003 0.04575
2 0.467796875 0.1941111111111111 0.0205234375 0.03297222222222222
2 0.4529609375 0.2521527777777778 0.0309140625 0.05319444444444444