2 0.35155608214849926 0.2519803370786517 0.02862559241706162 0.034705056179775255
2 0.7897077409162717 0.500561797752809 0.07736176935229072 0.13452247191011232
2 0.4518878357030016 0.7183426966292136 0.0864454976303318 0.18028089887640467
2 0.722432859399684 0.8227106741573034 0.11312796208530808 0.2448033707865168
2 0.9064928909952605 0.5176544943820225 0.11785150078988928 0.13682584269662915
2 0.6853396524486571 0.47265449438202245 0.08458135860979475 0.16025280898876407
2 0.569218009478673 0.4381460674157303 0.0658609794628751 0.08874999999999991
2 0.4870695102685624 0.3746629213483146 0.04575829383886261 0.08012640449438196
2 0.49330963665086885 0.30317415730337083 0.03327804107424969 0.053005617977528105
2 0.6279383886255925 0.3367837078651685 0.04680884676145339 0.07721910112359553
2 0.7134992101105845 0.3617556179775281 0.04733017377567146 0.06612359550561804
2 0.5445023696682465 0.2658005617977528 0.036406003159557596 0.07321629213483145
2 0.5937045813586098 0.2631179775280899 0.028372827804107482 0.04821629213483144
2 0.2175829383886256 0.312373595505618 0.04869668246445505 0.05675561797752812
2 0.18731437598736184 0.2816573033707865 0.04606635071090051 0.04330056179775279
2 0.2917851500789889 0.26264044943820225 0.03718009478672981 0.040365168539325855
2 0.27138230647709327 0.2412921348314607 0.031919431279620915 0.03860955056179777
2 0.38666666666666666 0.2702247191011236 0.03512638230647711 0.04244382022471906
2 0.4161611374407583 0.22418539325842698 0.028372827804107482 0.03202247191011238
2 0.3177646129541864 0.19495786516853933 0.026121642969984152 0.039241573033707865