2 0.36803125 0.3816805555555556 0.043937500000000004 0.06845833333333333
2 0.3027421875 0.35986111111111113 0.049812499999999996 0.06809722222222223
2 0.3984375 0.8680555555555556 0.121875 0.2638888888888889
2 0.22890625 0.7611111111111111 0.1328125 0.28888888888888886
2 0.04765625 0.8638888888888889 0.0921875 0.2611111111111111
2 0.55040625 0.6111666666666667 0.0739921875 0.1636111111111111
2 0.43174999999999997 0.5317638888888889 0.062257812499999995 0.1235138888888889
2 0.31490625 0.5494027777777778 0.0703828125 0.1235138888888889
2 0.206625 0.5173194444444444 0.095640625 0.14597222222222223
2 0.5172734375 0.4445277777777778 0.0450546875 0.07693055555555556
2 0.4445546875 0.3790972222222222 0.037921875 0.06502777777777778
2 0.5134765625 0.33666666666666667 0.0383671875 0.06741666666666667
2 0.4550703125 0.3055555555555556 0.0302734375 0.05477777777777777
2 0.3985390625 0.26793055555555556 0.032421875 0.04525
2 0.3465625 0.2784027777777778 0.0351015625 0.041444444444444443
2 0.7264921875 0.36677777777777776 0.063890625 0.06251388888888888
2 0.62421875 0.3058194444444444 0.04571875 0.06147222222222222
2 0.6245078125 0.24148611111111112 0.026328125 0.030347222222222223
2 0.6949609375 0.2250277777777778 0.027773437499999998 0.027263888888888886
2 0.64765625 0.2152638888888889 0.02459375 0.025208333333333333
2 0.5987578124999999 0.19108333333333336 0.0193828125 0.02315277777777778
2 0.56259375 0.1784861111111111 0.0193828125 0.019541666666666666