2 0.14326156299840517 0.30421875 0.06713716108452955 0.06012784090909089
2 0.6438437001594897 0.41066761363636367 0.05408293460925035 0.09453124999999994
2 0.2649920255183413 0.23245738636363636 0.03193779904306217 0.03992897727272729
2 0.34899521531100475 0.2459943181818182 0.03845295055821374 0.03897727272727272
2 0.182177033492823 0.3620028409090909 0.07546251993620423 0.06700284090909094
2 0.42181818181818187 0.7617329545454545 0.10181020733652318 0.21803977272727273
2 0.7393620414673047 0.6958948863636364 0.11392344497607666 0.20292613636363638
2 0.9569138755980862 0.8664346590909091 0.08605263157894726 0.2547443181818181
2 0.5760845295055821 0.6037073863636363 0.07839712918660283 0.17068181818181813
2 0.5007974481658692 0.47903409090909094 0.062216905901116414 0.10528409090909091
2 0.8451196172248804 0.6125852272727272 0.11462519936204166 0.15167613636363633
3 0.7561483253588517 0.38480113636363633 0.12445773524720906 0.20099431818181818
2 0.4848165869218501 0.34271306818181824 0.042440191387559834 0.08063920454545452
2 0.5476634768740032 0.31822443181818183 0.04041467304625204 0.09791193181818182
2 0.620414673046252 0.33335227272727275 0.03960925039872414 0.06191761363636368
2 0.5987958532695374 0.28511363636363635 0.03192982456140348 0.050397727272727295
2 0.4951275917065391 0.2609943181818182 0.025055821371610904 0.04678977272727272
2 0.5272886762360447 0.1971022727272727 0.020948963317384356 0.03372159090909092
2 0.5424322169059012 0.2564630681818182 0.031555023923444926 0.054403409090909106