2 0.8375647668393782 0.24799999999999997 0.049119170984456055 0.04235384615384611
2 0.7566580310880829 0.18946153846153846 0.028721934369602756 0.031507692307692334
2 0.859853195164076 0.34095384615384616 0.06506908462867005 0.06344615384615386
2 0.9690500863557859 0.3746769230769231 0.051001727115716704 0.04839999999999997
2 0.7120898100172712 0.14263076923076923 0.020699481865285 0.024815384615384607
2 0.6243523316062176 0.9053846153846153 0.13644214162348878 0.18923076923076923
2 0.18221070811744386 0.93 0.17098445595854922 0.14
2 0.07772020725388601 0.7784615384615384 0.15544041450777202 0.28
2 0.44616580310880827 0.6903076923076923 0.09708981001727121 0.21909230769230764
2 0.5788514680483592 0.5298461538461539 0.06472366148531955 0.14798461538461546
2 0.345846286701209 0.5106153846153846 0.07335924006908467 0.12876923076923083
2 0.2428238341968912 0.4664153846153846 0.08522452504317785 0.12107692307692315
2 0.47097582037996544 0.40395384615384616 0.05393782383419692 0.10378461538461545
2 0.5682642487046632 0.39758461538461537 0.05018134715025898 0.08686153846153852
2 0.4044732297063903 0.34192307692307694 0.051122625215889506 0.07843076923076926
2 0.337720207253886 0.32253846153846155 0.04829015544041447 0.07
2 0.43571675302245244 0.2588615384615384 0.03692573402417961 0.06409230769230764
2 0.49559585492227975 0.24873846153846155 0.029827288428324668 0.05566153846153847
2 0.5434110535405872 0.2609692307692308 0.0326597582037996 0.05144615384615384
2 0.5112176165803108 0.17915384615384614 0.022245250431778923 0.04469230769230771
2 0.6588946459412781 0.16175384615384616 0.02278929188255622 0.028615384615384605