2 0.7277578124999999 0.2644722222222222 0.038640625000000026 0.039791666666666635
2 0.8462578125 0.48026388888888893 0.09682031249999987 0.10140277777777776
2 0.7548984375 0.23880555555555555 0.032882812499999935 0.0439583333333333
2 0.6196484375 0.2720972222222222 0.03174218750000009 0.04020833333333332
2 0.56171875 0.6791666666666667 0.0890625 0.20833333333333334
2 0.390625 0.7708333333333334 0.115625 0.24166666666666667
2 0.240625 0.7027777777777777 0.103125 0.19444444444444445
2 0.05859375 0.8083333333333333 0.1171875 0.2833333333333333
2 0.22265625 0.4666666666666667 0.0765625 0.12222222222222222
2 0.33488281249999996 0.4271111111111111 0.05800000000000001 0.10527777777777772
2 0.4429453125 0.3473333333333334 0.04090624999999992 0.07380555555555554
2 0.508578125 0.37337499999999996 0.048843749999999984 0.0824861111111111
2 0.5119374999999999 0.30283333333333334 0.033578125000000014 0.05861111111111109
2 0.37945312499999995 0.3158472222222222 0.04335156250000001 0.0759722222222222
2 0.28909375000000004 0.3294166666666667 0.04823437500000001 0.06404166666666669
2 0.455734375 0.23848611111111112 0.026328125000000036 0.04791666666666667
2 0.404171875 0.23430555555555554 0.029148437499999957 0.04401388888888889
2 0.340078125 0.23988888888888887 0.034476562499999995 0.04401388888888889
2 0.6377265624999999 0.21477777777777776 0.027820312499999923 0.03513888888888891
2 0.669390625 0.17148611111111112 0.02965625000000003 0.02538888888888893
2 0.62784375 0.15619444444444444 0.019039062499999915 0.02733333333333334
2 0.6369921875 0.13830555555555554 0.019039062499999915 0.017569444444444453
2 0.46529687500000005 0.18841666666666665 0.02123437500000005 0.029291666666666633