2 0.433984126984127 0.4439406779661017 0.056714285714285745 0.09481638418079096
2 0.8879523809523809 0.3252118644067797 0.07614285714285719 0.0630084745762712
2 0.7449523809523809 0.2507909604519774 0.04800793650793651 0.05046610169491528
2 0.3474126984126984 0.4012853107344633 0.05515079365079366 0.10796610169491533
2 0.5722777777777778 0.15281073446327684 0.03081746031746026 0.03550847457627117
2 0.37653968253968256 0.30221751412429376 0.04142857142857147 0.06669491525423725
2 0.9052539682539682 0.34290960451977404 0.03940476190476198 0.03714689265536725
2 0.6361666666666667 0.19862994350282484 0.035071428571428614 0.035042372881355935
2 0.3865079365079365 0.8679378531073446 0.12063492063492064 0.2641242937853107
2 0.26421428571428573 0.6323587570621468 0.11203174603174601 0.2046751412429378
2 0.11153174603174604 0.6429378531073446 0.11600000000000002 0.18701977401129938
2 0.5259603174603175 0.399138418079096 0.050015873015873 0.10807909604519772
2 0.24402380952380953 0.4224576271186441 0.07442857142857141 0.08689265536723162
2 0.4535873015873016 0.23887005649717516 0.02855555555555557 0.04796610169491523
2 0.5054761904761904 0.225635593220339 0.027753968253968277 0.04008474576271186
0 0.39646825396825397 0.19913841807909605 0.013277777777777793 0.04008474576271186
2 0.5046746031746031 0.1640677966101695 0.019706349206349148 0.03292372881355932
2 0.7291428571428572 0.30757062146892655 0.05774603174603174 0.06879943502824856
2 0.7778412698412699 0.23572033898305084 0.042579365079365154 0.04529661016949152
2 0.653611111111111 0.17025423728813563 0.028992063492063472 0.03266949152542372
2 0.5944206349206349 0.128545197740113 0.017396825396825456 0.024081920903954817
2 0.6208730158730158 0.12574858757062146 0.019087301587301552 0.02536723163841809