2 0.2398865478119935 0.3348414985590778 0.06780388978930314 0.075835734870317
2 0.39148298217179905 0.2014121037463977 0.03523500810372773 0.04195965417867436
2 0.1406564019448946 0.3678962536023055 0.07948136142625602 0.0714841498559078
2 0.1744003241491086 0.26417867435158504 0.050777957860615855 0.04778097982708937
2 0.5498784440842788 0.37619596541786743 0.044051863857374314 0.07603746397694522
2 0.21633711507293357 0.5222622478386167 0.09903565640194492 0.134092219020173
2 0.4243354943273906 0.13744956772334294 0.02041329011345223 0.02505763688760809
2 0.3897893030794165 0.8919308357348703 0.1166936790923825 0.21613832853025935
2 0.5823581847649919 0.7411671469740634 0.09264991896272279 0.23213256484149844
2 0.7108022690437601 0.6082564841498559 0.09685575364667745 0.1872046109510086
2 0.9529497568881686 0.8310230547550432 0.09264991896272279 0.24335734870316986
2 0.4628849270664506 0.4309510086455331 0.05457860615883299 0.09704610951008649
2 0.6318881685575365 0.3526080691642651 0.05063209076175042 0.08536023054755044
2 0.7584683954619125 0.4215994236311239 0.07102106969205825 0.08769452449567726
2 0.4759643435980551 0.3139913544668588 0.039724473257698525 0.0713976945244957
2 0.5340599675850891 0.2555043227665706 0.03289303079416525 0.0592363112391931
2 0.6103079416531605 0.28817002881844384 0.03673419773095637 0.05621037463976944
2 0.6649837925445704 0.2710806916426513 0.038444084278768276 0.05240634005763689
2 0.4813047001620745 0.22322766570605185 0.02819286871961099 0.04177233429394814
2 0.5259481361426256 0.20652737752161385 0.028622366288492657 0.04328530259365997
2 0.35752836304700164 0.1403890489913545 0.018978930307941712 0.025850144092219016