2 0.8746484375 0.38993055555555556 0.0778203125 0.07640277777777778
2 0.6208046875 0.24872222222222223 0.0411953125 0.059625
2 0.73759375 0.2060972222222222 0.046632812499999995 0.048583333333333326
2 0.665828125 0.23365277777777776 0.0377265625 0.044180555555555556
2 0.6913671875 0.20454166666666668 0.032718750000000005 0.03755555555555556
2 0.967734375 0.37556944444444446 0.0585390625 0.06747222222222223
2 0.321515625 0.2675277777777778 0.04415625 0.05859722222222222
2 0.2664140625 0.35736111111111113 0.0575390625 0.08056944444444444
2 0.5890625 0.8763888888888889 0.125 0.24166666666666667
2 0.3866640625 0.844125 0.12153906249999999 0.28255555555555556
2 0.2077890625 0.7235833333333334 0.13015625 0.23341666666666666
2 0.17970312500000002 0.5205 0.0910234375 0.12679166666666666
2 0.307796875 0.47211111111111115 0.0675625 0.11677777777777777
2 0.4307265625 0.4429166666666666 0.0619375 0.11177777777777778
2 0.506734375 0.29527777777777775 0.046921875 0.08675000000000001
2 0.366125 0.32108333333333333 0.0489921875 0.08472222222222223
2 0.44362500000000005 0.2541805555555555 0.0347421875 0.04593055555555556
2 0.39084375 0.25298611111111113 0.0351875 0.056222222222222215
2 0.406875 0.19676388888888888 0.0245 0.043555555555555556
2 0.45764843749999995 0.194 0.0209375 0.036430555555555556
2 0.6782578125 0.15895833333333334 0.0275390625 0.029583333333333333
2 0.5585859375 0.1312638888888889 0.017546875 0.02259722222222222