2 0.2685074626865672 0.23629793510324484 0.04302653399668333 0.037005899705014715
2 0.0439469320066335 0.4351032448377581 0.087893864013267 0.07669616519174041
2 0.2732089552238806 0.28320058997050146 0.04291044776119403 0.042005899705014775
2 0.3783167495854063 0.2067109144542773 0.03135157545605302 0.04519174041297933
2 0.18822553897180763 0.6578171091445427 0.13598673300165837 0.19469026548672566
2 0.43449419568822556 0.7359882005899705 0.12106135986733002 0.26253687315634217
2 0.6102819237147595 0.644542772861357 0.0845771144278607 0.17404129793510326
2 0.9398839137645107 0.8694690265486725 0.12023217247097844 0.2610619469026549
2 0.7209203980099503 0.5666519174041298 0.07967661691542301 0.1328761061946903
2 0.8220066334991707 0.5214749262536873 0.10656716417910446 0.15943952802359884
2 0.4979933665008292 0.42933628318584066 0.05112769485903821 0.10458702064896751
2 0.5769900497512438 0.4066076696165192 0.05675787728026538 0.10823008849557521
2 0.6672388059701493 0.38205014749262534 0.06442786069651744 0.11004424778761064
2 0.7516003316749585 0.3670353982300885 0.0562437810945273 0.06911504424778762
2 0.6956135986733002 0.2820058997050147 0.05266169154228855 0.06638643067846606
2 0.6370729684908789 0.32520648967551624 0.038855721393034934 0.06002949852507373
2 0.5665091210613599 0.31156342182890856 0.039883913764510705 0.061843657817109154
2 0.5051492537313433 0.29973451327433626 0.03476782752902161 0.0527433628318584
2 0.5146102819237147 0.2497197640117994 0.02402985074626867 0.0363864306784661
2 0.5588391376451078 0.22424778761061945 0.026592039800994973 0.04184365781710915
2 0.6094610281923715 0.24199115044247788 0.03067993366500829 0.05184365781710911
2 0.663150912106136 0.23561946902654868 0.03681592039801002 0.042743362831858436
2 0.3524295190713101 0.16150442477876106 0.02081260364842447 0.02443952802359881
2 0.4413598673300166 0.18106194690265484 0.0251243781094527 0.03561946902654864
2 0.45432006633499167 0.14789085545722713 0.017271973466003256 0.023746312684365774