2 0.7277578124999999 0.2644722222222222 0.038640625 0.03979166666666666
2 0.8462578125 0.48026388888888893 0.0968203125 0.10140277777777779
2 0.7548984375 0.23880555555555555 0.032882812500000004 0.04395833333333333
2 0.6196484375 0.2720972222222222 0.031742187500000005 0.04020833333333333
2 0.56171875 0.6791666666666667 0.0890625 0.20833333333333334
2 0.390625 0.7708333333333334 0.115625 0.24166666666666667
2 0.240625 0.7027777777777777 0.103125 0.19444444444444445
2 0.05859375 0.8083333333333333 0.1171875 0.2833333333333333
2 0.22265625 0.4666666666666667 0.0765625 0.12222222222222222
2 0.33488281249999996 0.4271111111111111 0.057999999999999996 0.10527777777777778
2 0.4429453125 0.3473333333333333 0.04090625 0.07380555555555555
2 0.508578125 0.37337499999999996 0.048843750000000005 0.08248611111111111
2 0.5119374999999999 0.30283333333333334 0.033578125 0.058611111111111114
2 0.379453125 0.3158472222222222 0.0433515625 0.07597222222222223
2 0.28909375000000004 0.3294166666666667 0.048234375 0.06404166666666666
2 0.455734375 0.23848611111111112 0.026328125 0.04791666666666667
2 0.404171875 0.23430555555555554 0.029148437500000002 0.044013888888888894
2 0.340078125 0.23988888888888887 0.0344765625 0.044013888888888894
2 0.6377265624999999 0.21477777777777776 0.0278203125 0.03513888888888889
2 0.669390625 0.17148611111111112 0.029656250000000002 0.02538888888888889
2 0.62784375 0.15619444444444444 0.019039062500000002 0.027333333333333334
2 0.6369921875 0.13830555555555554 0.019039062500000002 0.017569444444444447
2 0.46529687500000005 0.18841666666666665 0.021234375 0.029291666666666667