2 0.8250546875 0.3705833333333333 0.070109375 0.06640277777777778
2 0.6470234375 0.3266527777777778 0.050765625 0.060458333333333336
2 0.34978125000000004 0.43866666666666665 0.0550859375 0.0963888888888889
2 0.30500781250000003 0.34891666666666665 0.048484375 0.063125
2 0.9590703125 0.3922222222222222 0.0670234375 0.060750000000000005
2 0.7176484375000001 0.22265277777777778 0.03534375 0.03802777777777778
2 0.890625 0.5222222222222223 0.13125 0.15555555555555556
2 0.54453125 0.6055555555555555 0.0765625 0.17777777777777778
2 0.1984375 0.5416666666666666 0.1125 0.14444444444444443
2 0.434375 0.48194444444444445 0.059375 0.125
2 0.5134140625 0.3801666666666667 0.0451171875 0.09625
2 0.46153125 0.2759027777777778 0.031578125 0.06737499999999999
2 0.39249999999999996 0.2999722222222222 0.0451171875 0.06095833333333334
2 0.35731250000000003 0.25745833333333334 0.0342890625 0.043305555555555555
2 0.2697890625 0.2871388888888889 0.05053125000000001 0.06095833333333334
2 0.4155078125 0.23580555555555555 0.0297734375 0.044916666666666674
2 0.38122656250000003 0.21094444444444443 0.0351875 0.05293055555555556
2 0.648390625 0.1869861111111111 0.028046875 0.03226388888888889
2 0.6011640625 0.17305555555555555 0.0202109375 0.03373611111111111
2 0.5663046875 0.15031944444444445 0.0173203125 0.02640277777777778
2 0.502375 0.22327777777777777 0.0305234375 0.049124999999999995
2 0.471234375 0.19944444444444442 0.0235078125 0.04106944444444444
2 0.4332890625 0.19870833333333332 0.0276328125 0.03226388888888889