2 0.622248427672956 0.2703072625698324 0.03808962264150947 0.04487430167597765
2 0.6868553459119496 0.40882681564245815 0.07060534591194964 0.07435754189944135
2 0.7410770440251572 0.27779329608938547 0.049528301886792456 0.05477653631284912
2 0.664001572327044 0.19701117318435754 0.03304245283018866 0.03930167597765361
2 0.3275314465408805 0.46519553072625697 0.06065251572327042 0.11638268156424587
2 0.9018081761006289 0.45622905027932964 0.10949685534591211 0.09136871508379883
2 0.7478694968553459 0.3496927374301676 0.05433176100628923 0.06606145251396642
2 0.2507861635220126 0.6703910614525139 0.11635220125786164 0.25139664804469275
2 0.4056603773584906 0.8533519553072626 0.1179245283018868 0.28212290502793297
2 0.18396226415094338 0.9427374301675978 0.139937106918239 0.11452513966480447
2 0.04716981132075472 0.8645251396648045 0.08333333333333333 0.2709497206703911
2 0.5220125786163522 0.4231843575418994 0.055031446540880505 0.11452513966480447
2 0.44025157232704404 0.35335195530726254 0.055031446540880505 0.1424581005586592
2 0.5023584905660378 0.31843575418994413 0.031446540880503145 0.08379888268156424
2 0.570872641509434 0.17311452513966483 0.02750786163522013 0.032918994413407815
2 0.2575393081761006 0.4138128491620112 0.07088836477987419 0.10578212290502795
2 0.3979009433962264 0.27628491620111734 0.0499056603773585 0.06649441340782125
2 0.32502358490566036 0.2979469273743017 0.043671383647798705 0.061452513966480445
2 0.35706761006289306 0.23346368715083798 0.043097484276729596 0.04533519553072623
2 0.4639701257861635 0.22037709497206703 0.027790880503144582 0.05138268156424584
2 0.4211556603773585 0.21784916201117316 0.031761006289308245 0.054399441340782104
2 0.5073584905660378 0.2506005586592179 0.029488993710691816 0.05138268156424584