2 0.2556543624161074 0.30749253731343285 0.06006711409395966 0.0658208955223881
2 0.06595637583892608 0.3279402985074627 0.08388422818791928 0.07238805970149254
2 0.3884395973154362 0.17768656716417913 0.04703859060402679 0.0783731343283582
2 0.2382718120805369 0.2334776119402985 0.06416107382550337 0.06405970149253734
2 0.09746644295302019 0.5051791044776119 0.11526006711409385 0.11747761194029856
2 0.4920637583892617 0.35804477611940294 0.04705536912751671 0.06941791044776117
2 0.23249999999999998 0.46046268656716416 0.07836409395973161 0.12501492537313433
2 0.8557046979865772 0.9029850746268657 0.17785234899328858 0.19402985074626866
2 0.9261744966442953 0.682089552238806 0.1476510067114094 0.21791044776119403
2 0.7033557046979866 0.5128358208955224 0.09098993288590607 0.16983582089552232
2 0.45574664429530204 0.565910447761194 0.08800335570469807 0.2016865671641791
2 0.790494966442953 0.37932835820895516 0.1482550335570472 0.2269253731343283
2 0.6476174496644296 0.36901492537313435 0.04969798657718122 0.09725373134328354
2 0.5594127516778524 0.30344776119402983 0.053833892617449725 0.08694029850746268
2 0.5784647651006711 0.4552238805970149 0.07536912751677846 0.1959850746268656
2 0.6274580536912753 0.2961194029850746 0.0447147651006711 0.07501492537313431
2 0.49565436241610744 0.21807462686567167 0.029815436241610708 0.05985074626865675
2 0.5454781879194631 0.19344776119402987 0.028959731543624145 0.04091044776119407
2 0.6166023489932886 0.21656716417910446 0.03066275167785231 0.05834328358208952
2 0.6845302013422819 0.23740298507462687 0.035343959731543716 0.060611940298507486
2 0.6653607382550336 0.2021641791044776 0.025981543624161097 0.04470149253731342
2 0.5346224832214765 0.13928358208955222 0.022575503355704768 0.029552238805970167
2 0.32813758389261743 0.15029850746268655 0.039966442953020216 0.04614925373134331
2 0.3075167785234899 0.12268656716417911 0.02763422818791951 0.033283582089552254
2 0.36215604026845644 0.11323880597014926 0.02211409395973146 0.03252238805970148
2 0.39404362416107386 0.10755223880597015 0.023808724832214856 0.03177611940298506