2 0.6500236966824644 0.25478932584269665 0.02862559241706162 0.034705056179775255
2 0.21187203791469195 0.5033707865168539 0.07736176935229072 0.13452247191011232
2 0.5496919431279621 0.7211516853932585 0.0864454976303318 0.18028089887640467
2 0.2791469194312796 0.8255196629213483 0.11312796208530808 0.2448033707865168
2 0.095086887835703 0.5204634831460674 0.1178515007898894 0.13682584269662915
2 0.3162401263823065 0.4754634831460674 0.08458135860979465 0.16025280898876407
2 0.4323617693522907 0.44095505617977526 0.0658609794628751 0.08874999999999991
2 0.5145102685624012 0.37747191011235953 0.04575829383886261 0.08012640449438196
2 0.5082701421800948 0.3059831460674157 0.03327804107424969 0.053005617977528105
2 0.37364139020537124 0.33959269662921343 0.04680884676145339 0.07721910112359553
2 0.2880805687203791 0.36456460674157304 0.04733017377567137 0.06612359550561804
2 0.4570774091627172 0.26860955056179775 0.036406003159557596 0.07321629213483145
2 0.4078751974723539 0.26592696629213486 0.028372827804107482 0.04821629213483144
2 0.7839968404423381 0.3151825842696629 0.04869668246445505 0.05675561797752812
2 0.8142654028436018 0.28446629213483143 0.0460663507109006 0.04330056179775279
2 0.7097946287519747 0.2654494382022472 0.03718009478672981 0.040365168539325855
2 0.7301974723538704 0.24410112359550562 0.031919431279620915 0.03860955056179777
2 0.614913112164297 0.27303370786516856 0.03512638230647711 0.04244382022471906
2 0.5854186413902054 0.2269943820224719 0.028372827804107482 0.03202247191011238
2 0.6838151658767773 0.19776685393258428 0.026121642969984152 0.039241573033707865