2 0.8681550802139036 0.27711111111111114 0.06610516934046352 0.05906349206349203
2 0.804572192513369 0.32455555555555554 0.06699643493761147 0.06146031746031742
2 0.6780659536541889 0.19819047619047622 0.033386809269162245 0.04282539682539686
2 0.9500891265597148 0.5968253968253968 0.09982174688057041 0.17777777777777778
2 0.9812834224598931 0.4301587301587302 0.0374331550802139 0.10476190476190476
2 0.7700534759358288 0.5031746031746032 0.10338680926916222 0.11746031746031746
2 0.3827540106951872 0.5959682539682539 0.07778074866310158 0.1727619047619048
2 0.49119429590017827 0.4378730158730159 0.060401069518716564 0.11734920634920645
2 0.25280748663101604 0.5633650793650794 0.08876114081996438 0.14341269841269844
2 0.18284313725490195 0.41579365079365077 0.0801871657754011 0.1242222222222222
2 0.3217023172905526 0.3577777777777778 0.05137254901960783 0.087031746031746
2 0.40878787878787876 0.3644761904761905 0.05179144385026739 0.09595238095238103
2 0.4898930481283422 0.30785714285714283 0.041550802139037335 0.07400000000000001
2 0.4829679144385027 0.2438095238095238 0.0319607843137254 0.05217460317460318
2 0.4182442067736185 0.2542539682539683 0.03569518716577536 0.05596825396825395
2 0.26350267379679143 0.2836666666666667 0.04901069518716578 0.06925396825396825
2 0.3571033868092692 0.255031746031746 0.035401069518716605 0.06123809523809521
2 0.3165151515151515 0.22215873015873017 0.035650623885918005 0.0504285714285714
2 0.38061497326203203 0.19423809523809524 0.03236185383244202 0.0504285714285714
2 0.6108288770053476 0.1260952380952381 0.025222816399286946 0.03568253968253966
2 0.5799108734402851 0.12485714285714285 0.021417112299465215 0.025841269841269842
2 0.549331550802139 0.1393174603174603 0.021764705882353005 0.03014285714285716