2 0.8438046874999999 0.27858333333333335 0.0579453125 0.051680555555555556
2 0.7880703125 0.3200972222222222 0.0587265625 0.05377777777777778
2 0.6771796875 0.20952777777777779 0.029265625 0.037472222222222226
2 0.9359375 0.5583333333333333 0.128125 0.15555555555555556
2 0.96328125 0.4125 0.0734375 0.09166666666666666
2 0.7578125 0.47638888888888886 0.090625 0.10277777777777777
2 0.4183203125 0.5575833333333333 0.0681796875 0.15116666666666667
2 0.513375 0.41925 0.052945312499999994 0.10268055555555557
2 0.30441406249999997 0.5290555555555556 0.0778046875 0.1254861111111111
2 0.2430859375 0.39993055555555557 0.0702890625 0.10869444444444445
2 0.3648046875 0.3491666666666667 0.04503125 0.07615277777777778
2 0.44114062499999995 0.3550277777777778 0.0453984375 0.08395833333333334
2 0.512234375 0.30548611111111107 0.036421875 0.06475
2 0.5061640625 0.24944444444444444 0.028015625 0.04565277777777777
2 0.4494296875 0.25858333333333333 0.0312890625 0.04897222222222222
2 0.3137890625 0.28431944444444446 0.042960937500000004 0.060597222222222226
2 0.3958359375 0.25926388888888885 0.03103125 0.05358333333333333
2 0.3602578125 0.2305 0.03125 0.044125
2 0.41644531249999994 0.20606944444444444 0.028367187500000002 0.044125
2 0.6182421875 0.14644444444444443 0.022109375 0.031222222222222224
2 0.591140625 0.1453611111111111 0.0187734375 0.022611111111111113
2 0.5643359375 0.15801388888888887 0.019078125 0.026375