2 0.788125 0.35440277777777773 0.060671875 0.055374999999999994
2 0.65690625 0.26440277777777776 0.0374765625 0.04240277777777778
2 0.6642812499999999 0.37501388888888887 0.061367187499999996 0.06584722222222222
2 0.9414296875 0.40858333333333335 0.0959375 0.0875
2 0.054578125 0.8607361111111111 0.10916406249999999 0.24658333333333332
2 0.5689921874999999 0.821375 0.0993515625 0.22780555555555557
2 0.4219453125 0.6121527777777778 0.088625 0.2829861111111111
2 0.212875 0.5128194444444445 0.08638281249999999 0.10695833333333334
2 0.518 0.42125 0.0481015625 0.09343055555555554
2 0.44718749999999996 0.3864166666666667 0.0445390625 0.07284722222222223
2 0.3625546875 0.4137361111111111 0.0552265625 0.07363888888888889
2 0.30398437500000003 0.35394444444444445 0.050328125 0.06176388888888889
2 0.5148515625 0.30733333333333335 0.0373203125 0.0715
2 0.4510546875 0.29241666666666666 0.03240625 0.052972222222222226
2 0.39290625 0.30604166666666666 0.0381875 0.051430555555555556
2 0.338796875 0.27955555555555556 0.0445546875 0.051944444444444446
2 0.41126562499999997 0.246125 0.031140624999999998 0.0545