2 0.9215132743362832 0.46294952681388013 0.10410619469026537 0.10646687697160884
2 0.3449646017699115 0.2747160883280757 0.051415929203539844 0.0718454258675079
2 0.7995398230088496 0.2225552050473186 0.057424778761062036 0.07096214511041012
2 0.9438938053097344 0.3670031545741325 0.08338938053097347 0.07668769716088329
2 0.7184778761061947 0.1862302839116719 0.04677876106194681 0.05763406940063095
2 0.8114867256637168 0.45132492113564665 0.09477876106194683 0.12924290220820198
2 0.5921061946902655 0.6157097791798107 0.10761061946902648 0.17474763406940058
2 0.45699115044247784 0.5123501577287066 0.08369911504424772 0.14279179810725548
2 0.32964601769911506 0.5294006309148265 0.09923893805309733 0.17687697160883278
2 0.19931858407079645 0.5368611987381704 0.10880530973451326 0.1662302839116719
2 0.7621327433628319 0.14429022082018925 0.02765486725663717 0.037176656151419546
2 0.7284159292035398 0.14429022082018925 0.03299115044247785 0.042365930599369106
2 0.6993097345132744 0.11922712933753944 0.029106194690265576 0.031987381703470034
2 0.6750530973451327 0.08074132492113564 0.025230088495575214 0.025946372239747637
2 0.626787610619469 0.11014195583596215 0.02376991150442469 0.034589905362776036
2 0.5654513274336284 0.25462145110410095 0.04107079646017706 0.06750788643533125
2 0.5534867256637168 0.1903154574132492 0.028309734513274343 0.054006309148265
2 0.4994601769911504 0.21944794952681387 0.03508849557522132 0.054006309148265
2 0.43386725663716813 0.2443217665615142 0.04027433628318583 0.0611198738170347
2 0.39638938053097345 0.1963564668769716 0.03868141592920357 0.04761829652996845
2 0.46416814159292036 0.16720820189274446 0.030699115044247837 0.051876971608832784
2 0.5162035398230088 0.1430441640378549 0.024725663716814207 0.04334384858044162
2 0.47952212389380533 0.12421135646687698 0.027115044247787698 0.029842271293375418
2 0.4496194690265487 0.11178233438485805 0.023123893805309832 0.03624605678233437
2 0.42708849557522127 0.14766561514195584 0.026716814159292085 0.039794952681387996