2 0.7065757042253521 0.24476489028213166 0.04132922535211272 0.047021943573667714
2 0.18805457746478874 0.5869592476489028 0.09357394366197179 0.13634796238244515
2 0.9476232394366197 0.47492163009404387 0.10475352112676056 0.10658307210031348
2 0.5889084507042254 0.7836990595611285 0.09330985915492958 0.23197492163009403
2 0.16901408450704225 0.9388714733542319 0.18309859154929578 0.12225705329153605
2 0.020246478873239437 0.9592476489028213 0.040492957746478875 0.08150470219435736
2 0.32662852112676055 0.5664263322884012 0.08953345070422539 0.17299373040752353
2 0.4669718309859155 0.4403448275862069 0.056514084507042296 0.10175548589341686
2 0.5434859154929578 0.4228213166144201 0.05334507042253513 0.10062695924764897
2 0.5427288732394366 0.3336206896551724 0.0409154929577465 0.07144200626959245
2 0.4066637323943662 0.3293730407523511 0.04608274647887326 0.058714733542319715
2 0.3893838028169014 0.41567398119122256 0.04727112676056342 0.08559561128526648
2 0.30536091549295774 0.3863166144200627 0.05720950704225353 0.0806426332288401
2 0.8068838028169014 0.264435736677116 0.048239436619718266 0.04783699059561126
2 0.6267605633802817 0.22965517241379313 0.02869718309859147 0.04565830721003134
2 0.6542429577464789 0.20463949843260187 0.026258802816901343 0.032617554858934174
2 0.6905721830985916 0.1981191222570533 0.0293045774647887 0.03479623824451409
2 0.4869366197183098 0.25628526645768024 0.02869718309859147 0.053275862068965535
2 0.43241197183098595 0.26114420062695926 0.03028169014084505 0.0520062695924765