2 0.6532421875 0.35531944444444447 0.05389843749999999 0.06788888888888889
2 0.8510390624999999 0.4097222222222222 0.075671875 0.06979166666666667
2 0.6244921875 0.2119861111111111 0.0278515625 0.030125000000000002
2 0.909375 0.8152777777777778 0.18125 0.25277777777777777
2 0.5546875 0.6611111111111111 0.08125 0.18888888888888888
2 0.8628125000000001 0.352 0.06359375 0.058236111111111113
2 0.7618828125 0.27020833333333333 0.042875 0.043680555555555556
2 0.580515625 0.21454166666666666 0.0244453125 0.028055555555555556
2 0.66521875 0.17933333333333334 0.0242890625 0.028055555555555556
2 0.6206640625000001 0.16530555555555554 0.0177890625 0.02365277777777778
2 0.42317968749999996 0.6455138888888888 0.0855703125 0.15734722222222222
2 0.2754765625 0.6658333333333333 0.104328125 0.17505555555555558
2 0.22741406249999999 0.4881666666666667 0.0832265625 0.1052361111111111
2 0.531046875 0.42363888888888884 0.058828124999999995 0.1062638888888889
2 0.43764062499999995 0.406125 0.044125 0.09345833333333334
2 0.35909375 0.3916527777777778 0.051007812500000006 0.07788888888888888
2 0.29915625 0.34068055555555554 0.056671875000000003 0.06840277777777778
2 0.3899765625 0.29190277777777773 0.0414609375 0.08430555555555556
2 0.45276562499999995 0.2911111111111111 0.0387734375 0.06469444444444444
2 0.5085390624999999 0.30648611111111107 0.0381796875 0.060444444444444446
2 0.4601484375 0.23869444444444446 0.0251875 0.045472222222222226
2 0.42653125000000003 0.20838888888888887 0.021117187500000002 0.03169444444444444