2 0.784766355140187 0.4025249169435216 0.0878971962616822 0.08750830564784044
2 0.8005607476635515 0.2907142857142857 0.054672897196261686 0.0585880398671096
2 0.25692523364485986 0.4756478405315614 0.08744859813084117 0.13013289036544856
2 0.7877570093457944 0.19534883720930232 0.03858878504672894 0.03928571428571425
2 0.3260373831775701 0.3362624584717608 0.05714953271028035 0.08119601328903654
2 0.32053271028037383 0.5925083056478405 0.0968971962616823 0.14465116279069773
2 0.6411214953271028 0.8978405315614618 0.12897196261682242 0.20431893687707642
2 0.5934205607476636 0.5085548172757475 0.0704392523364485 0.13184385382059802
2 0.49150467289719624 0.3911295681063123 0.05485046728971968 0.09860465116279073
2 0.5797009345794393 0.3612126245847176 0.049242990654205655 0.09196013289036548
2 0.40081308411214955 0.34847176079734216 0.06420560747663556 0.1085714285714286
2 0.5124766355140187 0.22549833887043189 0.033009345794392464 0.06215946843853823
2 0.5629719626168225 0.21367109634551495 0.03349532710280366 0.06480066445182722
2 0.4358691588785047 0.2723421926910299 0.03743925233644855 0.06654485049833887
2 0.451392523364486 0.21192691029900335 0.034971962616822394 0.050780730897009956
2 0.7690654205607477 0.1403156146179402 0.02704672897196267 0.03619601328903653
2 0.6884018691588786 0.14059800664451824 0.027364485981308386 0.03337209302325582
2 0.6575327102803737 0.16124584717607973 0.031822429906542014 0.04186046511627905