2 0.32578414839797637 0.247972972972973 0.05227655986509275 0.06644144144144144
2 0.10768128161888704 0.4484984984984985 0.10351602023608768 0.10746246246246254
2 0.6772934232715009 0.4723723723723724 0.07200674536256331 0.13551051051051052
2 0.34030354131534574 0.09954954954954955 0.022976391231028667 0.02854354354354353
2 0.5449409780775716 0.4091591591591592 0.052967959527824564 0.1113063063063063
2 0.42516863406408095 0.5677327327327327 0.10672849915682962 0.21226726726726727
2 0.588035413153457 0.8404804804804805 0.14969645868465428 0.30358858858858867
2 0.861779089376054 0.638078078078078 0.16216694772344006 0.21966966966966978
2 0.7321838111298482 0.32954954954954957 0.07762225969645864 0.09626126126126128
2 0.4567200674536256 0.36028528528528525 0.051939291736930786 0.10328828828828823
2 0.46840640809443507 0.22153153153153152 0.038954468802698185 0.07246246246246245
2 0.5367959527824621 0.24003003003003004 0.047613827993254663 0.08171171171171174
2 0.5978330522765598 0.2253903903903904 0.043288364249578534 0.08324324324324324
2 0.6502107925801012 0.22384384384384387 0.042419898819561506 0.05549549549549546
2 0.3911720067453625 0.13054054054054054 0.02912310286677906 0.03375375375375374
2 0.3747639123102867 0.09472972972972973 0.026804384485666074 0.03456456456456458
2 0.38631534569983134 0.06797297297297297 0.025885328836424998 0.03704204204204205
2 0.47645025295109616 0.14165165165165167 0.030505902192242886 0.042807807807807796
2 0.5168971332209106 0.13423423423423425 0.030042158516020327 0.04773273273273272
2 0.5476306913996627 0.11243243243243242 0.025885328836424998 0.03539039039039038
2 0.6146543001686341 0.14659159159159157 0.031433389544688 0.0642042042042042
2 0.4773777403035413 0.1041891891891892 0.021264755480607106 0.0321021021021021