2 0.09570500927643781 0.47480198019801984 0.11677179962894238 0.14026402640264027
2 0.07001855287569575 0.21641914191419143 0.07132653061224488 0.06278877887788781
2 0.19124304267161407 0.09432343234323431 0.04746753246753253 0.06975247524752477
2 0.37336734693877555 0.42013201320132015 0.08770871985157695 0.14867986798679872
2 0.5983024118738405 0.4082013201320132 0.1104081632653061 0.14683168316831685
2 0.7561688311688312 0.39900990099009903 0.11866419294990731 0.18354785478547858
2 0.5606400742115027 0.2264851485148515 0.05778293135435989 0.10278877887788783
2 0.6179035250463822 0.17693069306930692 0.05468460111317258 0.08810231023102308
2 0.4048330241187384 0.18793729372937293 0.04539888682745831 0.08443894389438947
2 0.46777365491651207 0.14204620462046208 0.04539888682745831 0.08075907590759075
2 0.5632189239332096 0.09249174917491751 0.042300556586271 0.05872937293729374
2 0.4976994434137291 0.0677062706270627 0.03301484230055651 0.04955445544554456
2 0.2830426716141002 0.031221122112211223 0.034434137291280045 0.033927392739273934
2 0.3195918367346939 0.039702970297029704 0.03760667903525043 0.05277227722772278
2 0.40355287569573284 0.06844884488448844 0.037077922077922106 0.042409240924092415
2 0.449369202226345 0.041584158415841586 0.028070500927643776 0.04146864686468646
2 0.47982374768089053 0.024620462046204623 0.023311688311688412 0.045231023102310225
2 0.5351855287569572 0.044422442244224425 0.028070500927643776 0.039570957095709576
2 0.5051020408163265 0.006600660066006601 0.026901669758812616 0.013201320132013201
2 0.4327458256029685 0.01155115511551155 0.021335807050092765 0.0231023102310231