2 0.70459375 0.22320833333333334 0.03675 0.03893055555555556
2 0.6698906250000001 0.2806111111111111 0.0418984375 0.043125000000000004
2 0.7903203125 0.27391666666666664 0.045328125000000004 0.043055555555555555
2 0.73521875 0.34094444444444444 0.057546875 0.07101388888888889
2 0.9256171875 0.3876388888888889 0.07671875 0.07459722222222222
2 0.364234375 0.3784305555555556 0.057234375000000004 0.09206944444444445
2 0.2473046875 0.43572222222222223 0.06103125 0.08540277777777779
2 0.5296875 0.6902777777777778 0.090625 0.19722222222222222
2 0.37265625 0.8416666666666667 0.1609375 0.29444444444444445
2 0.26171875 0.6444444444444445 0.1078125 0.18888888888888888
2 0.109375 0.6583333333333333 0.1375 0.2111111111111111
2 0.5143203125 0.39684722222222224 0.055625 0.09756944444444444
2 0.51209375 0.30654166666666666 0.0422734375 0.07779166666666666
2 0.4486875 0.32829166666666665 0.04153125 0.07647222222222222
2 0.3151953125 0.3124722222222222 0.040046874999999996 0.08175
2 0.391953125 0.27555555555555555 0.0363359375 0.06065277777777778
2 0.3548671875 0.2584166666666667 0.039304687500000005 0.050097222222222224
2 0.45646875 0.24918055555555554 0.027437499999999997 0.04745833333333334
2 0.42310156250000003 0.21490277777777778 0.025953125 0.042194444444444444
2 0.58403125 0.22347222222222224 0.030406250000000003 0.040875