2 0.619140625 0.27158333333333334 0.037851562500000005 0.044625000000000005
2 0.6833437499999999 0.4093333333333334 0.0701640625 0.07394444444444445
2 0.7372265625 0.27902777777777776 0.04921875 0.05447222222222222
2 0.6606328125 0.19869444444444445 0.0328359375 0.03908333333333333
2 0.326265625 0.46538888888888885 0.060273437500000006 0.11573611111111111
2 0.8969531249999999 0.4564722222222223 0.1088125 0.09086111111111111
2 0.7439765625 0.35052777777777777 0.0539921875 0.06569444444444444
2 0.25 0.6694444444444444 0.115625 0.25
2 0.40390625 0.8513888888888889 0.1171875 0.28055555555555556
2 0.18359375 0.9416666666666667 0.1390625 0.11666666666666667
2 0.04765625 0.8638888888888889 0.0828125 0.2722222222222222
2 0.51953125 0.4236111111111111 0.0546875 0.11388888888888889
2 0.43828125 0.3541666666666667 0.0546875 0.14166666666666666
2 0.5 0.3194444444444444 0.03125 0.08333333333333333
2 0.5680859375 0.17493055555555556 0.0273359375 0.03273611111111111
2 0.25671093749999996 0.41429166666666667 0.0704453125 0.10519444444444444
2 0.3961953125 0.27752777777777776 0.04959375 0.066125
2 0.3237734375 0.29906944444444444 0.0433984375 0.06111111111111111
2 0.3556171875 0.23494444444444443 0.042828125 0.045083333333333336
2 0.4618515625 0.22193055555555555 0.0276171875 0.051097222222222224
2 0.41930468750000005 0.21941666666666665 0.0315625 0.05409722222222223
2 0.50496875 0.25198611111111113 0.0293046875 0.051097222222222224