2 0.3786355633802817 0.23130094043887145 0.029559859154929514 0.03727272727272723
2 0.2953521126760563 0.40968652037617553 0.06955985915492956 0.07246081504702197
2 0.38241197183098585 0.16663009404388715 0.021144366197183084 0.026222570532915344
2 0.5591901408450705 0.5565203761755486 0.06534330985915494 0.13296238244514114
2 0.6913732394366197 0.534153605015674 0.06880281690140852 0.1278683385579938
2 0.6327552816901408 0.41238244514106587 0.04977112676056335 0.08830721003134802
2 0.45243838028169014 0.4681191222570533 0.057359154929577535 0.11321316614420066
2 0.2347535211267605 0.2963793103448276 0.040889084507042296 0.0376959247648903
2 0.05433978873239438 0.38727272727272727 0.06855633802816911 0.06398119122257061
2 0.3873239436619718 0.963166144200627 0.13732394366197184 0.07366771159874608
2 0.4480633802816901 0.6410658307210031 0.07570422535211267 0.2006269592476489
2 0.8098591549295775 0.9114420062695925 0.176056338028169 0.17711598746081506
2 0.8012940140845071 0.4969592476489028 0.09652288732394375 0.1266300940438871
2 0.5463380281690141 0.38050156739811913 0.04382042253521124 0.07462382445141068
2 0.47164612676056333 0.31473354231974926 0.0351320422535212 0.05898119122257053
2 0.7273415492957747 0.38622257053291537 0.057711267605633755 0.094717868338558
2 0.6129137323943662 0.3125235109717868 0.04728873239436622 0.0977899686520376
2 0.5284419014084507 0.24087774294670847 0.029366197183098502 0.03735109717868336
2 0.3108098591549296 0.2067554858934169 0.02966549295774652 0.031927899686520385
2 0.27837147887323943 0.20037617554858936 0.02477992957746487 0.031927899686520385
2 0.35236795774647883 0.15597178683385582 0.021514084507042303 0.024373040752351114
2 0.39002640845070424 0.130141065830721 0.02053697183098585 0.023793103448275874