2 0.7321718749999999 0.2502916666666667 0.0405390625 0.034847222222222224
2 0.9513281250000001 0.43854166666666666 0.09734374999999999 0.07268055555555555
2 0.7277421875 0.2944583333333333 0.0404296875 0.03955555555555556
2 0.6287109375 0.22243055555555558 0.0295390625 0.042555555555555555
2 0.8078125 0.6472222222222223 0.128125 0.18333333333333332
2 0.57578125 0.7208333333333333 0.1140625 0.24722222222222223
2 0.41015625 0.6347222222222222 0.0796875 0.1638888888888889
2 0.079921875 0.8534861111111111 0.152984375 0.2577777777777778
2 0.3059140625 0.561375 0.0750703125 0.12512500000000001
2 0.210671875 0.5188333333333334 0.10040625 0.15013888888888888
2 0.515953125 0.4320694444444444 0.048171874999999996 0.09848611111111111
2 0.4415234375 0.4106666666666667 0.053476562500000005 0.10191666666666666
2 0.3564921875 0.3875416666666666 0.060703125000000004 0.103625
2 0.2770078125 0.3734027777777778 0.052992187499999996 0.06508333333333333
2 0.32975781249999997 0.29333333333333333 0.0496171875 0.06251388888888888
2 0.3849140625 0.3340138888888889 0.036609375 0.05652777777777778
2 0.45139843749999997 0.32116666666666666 0.037578125000000004 0.058236111111111113
2 0.5092109375 0.3100277777777778 0.0327578125 0.049666666666666665
2 0.500296875 0.26293055555555556 0.022640625 0.03426388888888889
2 0.45862499999999995 0.23894444444444443 0.0250546875 0.03940277777777778
2 0.41092968750000003 0.2556527777777778 0.02890625 0.04881944444444444
2 0.36034375 0.24965277777777778 0.034687499999999996 0.04025
2 0.6531015625000001 0.1798611111111111 0.019609375000000002 0.02301388888888889
2 0.5693125 0.19827777777777778 0.023671875000000002 0.033541666666666664
2 0.5571015625 0.16704166666666667 0.016273437499999998 0.022361111111111113