2 0.26593333333333335 0.19689910979228487 0.03919999999999997 0.041587537091988175
2 0.30295 0.25821958456973293 0.044691666666666754 0.046068249258160256
2 0.17449166666666666 0.25106824925816024 0.04834999999999998 0.04599406528189911
2 0.23326666666666662 0.32267062314540057 0.0613833333333334 0.07586053412462908
2 0.035833333333333335 0.37166172106824924 0.07166666666666667 0.07863501483679525
2 0.6289833333333333 0.3627151335311573 0.06104999999999999 0.09835311572700291
2 0.7537083333333334 0.4239169139465876 0.06509999999999991 0.09123145400593473
2 0.4525 0.6958456973293768 0.09666666666666666 0.21068249258160238
2 0.62 0.8501483679525222 0.17166666666666666 0.2997032640949555
2 0.7383333333333333 0.6468842729970327 0.115 0.20178041543026706
2 0.9008333333333334 0.6617210682492581 0.14666666666666667 0.22551928783382788
2 0.46889166666666665 0.38238872403560836 0.05933333333333337 0.10422848664688428
2 0.47126666666666667 0.285919881305638 0.045091666666666586 0.08310089020771512
2 0.5388999999999999 0.30915430267062316 0.04430000000000007 0.08169139465875372
2 0.6812916666666666 0.2922551928783383 0.04271666666666666 0.08732937685459943
2 0.5994166666666666 0.25281899109792283 0.038758333333333325 0.06479228486646886
2 0.638975 0.23451038575667657 0.041924999999999955 0.05351632047477744
2 0.5306000000000001 0.22464391691394658 0.029266666666666576 0.05069732937685462
2 0.5661916666666666 0.18802670623145398 0.027683333333333355 0.04507418397626112
2 0.3945333333333334 0.19718100890207715 0.0324333333333334 0.04366468842729972