2 0.4240988835725678 0.45214488636363637 0.05698564593301438 0.09535511363636363
2 0.8802392344497607 0.3327414772727273 0.07650717703349287 0.06336647727272729
2 0.736555023923445 0.25789772727272725 0.04823763955342904 0.050752840909090935
2 0.3371132376395534 0.4092471590909091 0.055414673046252 0.10857954545454553
2 0.5630542264752791 0.15936079545454546 0.030964912280701695 0.035710227272727255
2 0.36637958532695375 0.3096164772727273 0.04162679425837324 0.0670738636363636
2 0.8976236044657097 0.3505397727272727 0.03959330143540677 0.03735795454545456
2 0.6272488038277513 0.2054403409090909 0.035239234449760806 0.03524147727272728
2 0.3763955342902711 0.8728693181818182 0.12121212121212122 0.25426136363636365
2 0.25351674641148325 0.6416335227272727 0.11256778309409886 0.20583806818181813
2 0.100103668261563 0.6522727272727272 0.116555023923445 0.1880823863636363
2 0.5165151515151516 0.40708806818181814 0.050255183413078136 0.10869318181818179
2 0.23322966507177037 0.4305397727272728 0.07478468899521529 0.08738636363636361
2 0.44379585326953747 0.2459090909090909 0.028692185007974495 0.04823863636363634
2 0.49593301435406695 0.23259943181818182 0.02788676236044659 0.040312499999999994
0 0.38640350877192986 0.20595170454545456 0.01334130781499204 0.040312499999999994
2 0.4951275917065391 0.17068181818181818 0.019800637958532638 0.033110795454545455
2 0.7206698564593301 0.315 0.05802232854864433 0.06919034090909087
2 0.7696012759170654 0.24274147727272724 0.042783094098883645 0.04555397727272726
2 0.6447767145135566 0.17690340909090913 0.02913078149920253 0.03285511363636363
2 0.5853030303030303 0.13495738636363638 0.017480063795853328 0.024218750000000015
2 0.6118819776714514 0.13214488636363636 0.01917862838915467 0.025511363636363648