2 0.41625781249999994 0.5687083333333334 0.037117187499999996 0.05508333333333333
2 0.5789765625000001 0.5552638888888889 0.04059375 0.06873611111111111
2 0.3455703125 0.5747916666666667 0.056367187500000006 0.05776388888888889
2 0.59190625 0.479125 0.0290078125 0.037736111111111116
2 0.4391015625 0.4867916666666667 0.030179687500000003 0.03980555555555555
2 0.538640625 0.4275694444444445 0.0197421875 0.03013888888888889
2 0.4042890625 0.46359722222222227 0.02515625 0.03218055555555556
2 0.2749296875 0.55825 0.053179687499999996 0.058527777777777776
2 0.7034374999999999 0.6366111111111111 0.067515625 0.13208333333333333
2 0.6249140625 0.4626944444444444 0.0251953125 0.02834722222222222
2 0.5800234375 0.4032222222222222 0.013234375000000001 0.01538888888888889
2 0.9533671874999999 0.8998194444444445 0.09326562499999999 0.17451388888888889
2 0.7796171875 0.6442361111111111 0.0671953125 0.08654166666666667
2 0.33303906250000004 0.660611111111111 0.07603125 0.08947222222222223
2 0.38721875 0.4350416666666667 0.020867187500000002 0.02947222222222222
2 0.4255234375 0.4286805555555555 0.020296875 0.028972222222222222
2 0.45582812500000003 0.440125 0.018578125 0.03252777777777778
2 0.4686640625 0.4083333333333333 0.0163515625 0.020319444444444446
2 0.417 0.4029722222222222 0.015875 0.018055555555555554