2 0.38644549763033176 0.5026404494382022 0.034565560821484986 0.043005617977528096
2 0.33071090047393364 0.5883426966292135 0.056208530805687176 0.06160112359550564
2 0.45052132701421804 0.45431179775280905 0.025497630331753535 0.029073033707865233
2 0.2779225908372828 0.5554634831460674 0.05016587677725118 0.05714887640449446
2 0.41604265402843604 0.4560252808988764 0.02112954186413902 0.030491573033707916
2 0.6585703001579779 0.4900280898876404 0.029241706161137426 0.042457865168539353
2 0.4112717219589257 0.5839887640449438 0.05149289099526071 0.07130617977528088
2 0.4671958925750395 0.4116713483146068 0.01860979462875193 0.017977528089887576
2 0.43307266982622433 0.4231601123595506 0.019075829383886328 0.021615168539325824
2 0.6090600315955766 0.42515449438202246 0.017424960505529184 0.02297752808988766
2 0.8427567140600316 0.8895365168539326 0.1265323854660348 0.2052528089887642
2 0.3610505529225908 0.7671769662921348 0.08213270142180096 0.14603932584269666
2 0.24368088467614535 0.9417134831460674 0.11453396524486571 0.11657303370786516
2 0.27613744075829383 0.6833005617977528 0.07214849921011061 0.08485955056179785
3 0.058056872037914695 0.7759831460674157 0.11611374407582939 0.36657303370786515
2 0.5589968404423381 0.47610955056179777 0.027061611374407577 0.040716292134831474
2 0.39255924170616113 0.4287078651685393 0.021161137440758267 0.022654494382022466