2 0.7025280898876405 0.5416 0.042335473515248793 0.05788571428571426
2 0.3301524879614767 0.5758428571428571 0.061051364365971056 0.08341428571428569
2 0.4342455858747994 0.4881714285714286 0.030313001605136423 0.03711428571428574
2 0.5983547351524879 0.4676142857142857 0.02514446227929368 0.035557142857142836
2 0.5344060995184591 0.3942142857142857 0.01471910112359544 0.018714285714285746
2 0.4088041733547352 0.4700428571428571 0.03027287319422153 0.03571428571428571
2 0.41560192616372393 0.5774142857142857 0.050626003210272816 0.07861428571428568
2 0.4559871589085072 0.45895714285714284 0.019044943820224734 0.028828571428571356
2 0.5659309791332263 0.40611428571428565 0.016942215088282423 0.021828571428571388
2 0.3179293739967897 0.5094428571428572 0.024719101123595467 0.03638571428571433
2 0.22512841091492777 0.7066 0.09536918138041736 0.09359999999999997
2 0.3742857142857143 0.45032857142857147 0.02853130016051361 0.033328571428571485
2 0.4655939004815409 0.4274428571428571 0.018025682182985583 0.024742857142857216
2 0.43323434991974313 0.4181714285714286 0.018025682182985583 0.024742857142857216
2 0.4212921348314606 0.3992285714285714 0.013250401284109143 0.02087142857142859