2 0.3659516129032258 0.5050286532951289 0.03493548387096778 0.043366762177650404
1 0.574741935483871 0.5539255014326647 0.043830645161290246 0.06713467048710604
2 0.673741935483871 0.6006303724928367 0.05384677419354837 0.05873925501432665
2 0.2948709677419355 0.639269340974212 0.05882258064516133 0.06471346704871055
2 0.595508064516129 0.4686676217765043 0.028185483870967778 0.03573065902578804
2 0.4427177419354839 0.46028653295128935 0.02762903225806451 0.04031518624641832
2 0.42524193548387096 0.42117478510028655 0.025120967741935556 0.02352435530085954
2 0.6096612903225807 0.4338538681948424 0.019766129032258058 0.02169054441260743
3 0.39618548387096775 0.4587106017191977 0.029443548387096768 0.054584527220630404
2 0.29516129032258065 0.9477077363896849 0.11774193548387096 0.10458452722063037
2 0.11733870967741936 0.8123209169054442 0.2346774193548387 0.3753581661891118
2 0.2014516129032258 0.6323638968481375 0.06345161290322576 0.057994269340974236
2 0.37870967741935485 0.4343409742120344 0.020701612903225773 0.02696275071633245
2 0.5774677419354838 0.40071633237822346 0.017822580645161217 0.028553008595988468
2 0.5259354838709677 0.3898567335243553 0.013975806451612845 0.019240687679083022
2 0.4530887096774194 0.4236819484240688 0.017822580645161217 0.0223495702005731