2 0.311007326007326 0.5847394136807817 0.04368131868131872 0.05809446254071655
2 0.21275641025641023 0.6000651465798046 0.046199633699633744 0.05630293159609129
2 0.3830860805860806 0.5900488599348535 0.04027472527472529 0.05991856677524424
2 0.5820787545787546 0.6281107491856678 0.045970695970696016 0.07690553745928343
2 0.40543040293040294 0.5232736156351792 0.028388278388278388 0.03760586319218246
2 0.1455860805860806 0.6926384364820847 0.08270146520146521 0.07965798045602601
2 0.5381043956043956 0.4498371335504886 0.021831501831501756 0.024885993485341974
2 0.37916666666666665 0.46395765472312706 0.025256410256410292 0.025293159609120475
2 0.3640018315018315 0.49617263843648207 0.022967032967033004 0.035179153094462574
2 0.8860531135531134 0.8279153094462541 0.1297527472527473 0.1655537459283389
2 0.5974725274725275 0.4812052117263843 0.026959706959707008 0.030928338762215
2 0.5058699633699634 0.43480456026058634 0.017683150183150132 0.023713355048859845
2 0.2815384615384615 0.8487947882736155 0.10169413919413915 0.14830618892508135
2 0.21905677655677655 0.7364983713355049 0.08016483516483514 0.09731270358306189
2 0.28055860805860805 0.5392345276872964 0.038003663003663 0.04188925081433229
2 0.3140018315018315 0.49706840390879475 0.03391941391941389 0.03685667752442996
2 0.4151282051282052 0.48311074918566776 0.026382783882783832 0.030162866449511373
2 0.349496336996337 0.44736156351791534 0.027005494505494512 0.04469055374592843