2 0.7250276243093923 0.5934918032786884 0.0439226519337017 0.05847540983606551
2 0.8238213627992634 0.6089180327868853 0.04645488029465934 0.05667213114754106
2 0.6525506445672191 0.5988360655737706 0.04049723756906079 0.06031147540983601
2 0.45245856353591163 0.6371475409836066 0.046224677716390467 0.07740983606557382
2 0.6300828729281768 0.5316229508196721 0.0285451197053407 0.037852459016393496
2 0.8913627992633517 0.7020983606557376 0.08315837937384894 0.0801803278688524
2 0.4966758747697974 0.45770491803278684 0.02195211786372 0.02504918032786881
2 0.6564917127071823 0.47191803278688527 0.025395948434622402 0.025459016393442578
2 0.6717403314917127 0.5043442622950819 0.023093922651933635 0.03540983606557381
2 0.14680478821362805 0.8382622950819673 0.13046961325966855 0.16663934426229524
2 0.4369797421731123 0.4892786885245901 0.02710865561694296 0.03113114754098362
2 0.5290883977900552 0.4425737704918033 0.017780847145487978 0.023868852459016304
2 0.754659300184162 0.8592786885245901 0.10225598526703494 0.1492786885245901
2 0.8174861878453038 0.7462459016393442 0.0806077348066298 0.09795081967213115
2 0.7556445672191529 0.5476885245901639 0.03821362799263352 0.04216393442622955
2 0.7220165745856354 0.5052459016393442 0.03410681399631672 0.0370983606557377
2 0.6203314917127072 0.4911967213114754 0.02652854511970529 0.030360655737704887
2 0.6863259668508287 0.45521311475409837 0.027154696132596693 0.04498360655737714