2 0.73735559566787 0.49961414790996783 0.04347472924187732 0.059807073954984
2 0.7060108303249097 0.44498392282958193 0.038348375451263544 0.04733118971061102
2 0.6651805054151625 0.5281511254019292 0.04514440433212995 0.07168810289389073
2 0.48177797833935015 0.49231511254019295 0.04057761732851989 0.06480707395498383
2 0.4066516245487365 0.4154823151125402 0.02759025270758117 0.04347266881028933
2 0.6700541516245487 0.39636655948553057 0.028727436823104833 0.035659163987138184
2 0.7176624548736463 0.5690032154340836 0.05244584837545138 0.04022508038585206
2 0.5183303249097473 0.37342443729903535 0.021913357400722 0.03406752411575562
2 0.618086642599278 0.36411575562700965 0.02350180505415159 0.032170418006430855
2 0.6474638989169675 0.44969453376205787 0.0388718411552346 0.05943729903536982
2 0.7445758122743682 0.42024115755627006 0.0341606498194945 0.041655948553054614
2 0.45627256317689524 0.4222668810289389 0.031119133574007238 0.04003215434083598
2 0.7598826714801444 0.8613022508038586 0.10682310469314091 0.1744212218649518
2 0.9238267148014441 0.8150643086816721 0.1379783393501804 0.1559324758842444
3 0.8890252707581228 0.5157395498392283 0.20546931407942226 0.28030546623794217
2 0.4754241877256318 0.3322990353697749 0.015388086642599236 0.024469453376205832
2 0.6559115523465704 0.362395498392283 0.0241787003610108 0.027893890675241194
2 0.6707490974729242 0.3394051446945338 0.019232851985559518 0.019083601286173642