2 0.41426562499999997 0.35538888888888887 0.0313359375 0.05380555555555556
2 0.354828125 0.47706944444444443 0.056437499999999995 0.06576388888888889
2 0.85465625 0.3384305555555555 0.025062499999999998 0.023916666666666666
2 0.9420703125 0.3892361111111111 0.0382578125 0.03129166666666667
2 0.43740625 0.5275277777777778 0.058296875000000005 0.07627777777777778
2 0.9861015625 0.3910416666666667 0.0243515625 0.025819444444444443
2 0.46022656250000005 0.3220138888888889 0.017578125 0.017499999999999998
2 0.8143203124999999 0.3206111111111111 0.0176640625 0.01851388888888889
2 0.7907031250000001 0.3186527777777778 0.02240625 0.02227777777777778
2 0.4527421875 0.45513888888888887 0.039828125 0.05802777777777778
2 0.48660156250000003 0.3289722222222222 0.0232265625 0.022430555555555554
2 0.5151875 0.3815 0.0312265625 0.036291666666666667
2 0.539421875 0.31006944444444445 0.017 0.017152777777777777
2 0.2792109375 0.7075277777777778 0.095640625 0.12066666666666666