2 0.688713550600343 0.5556727828746177 0.04525728987993138 0.06025993883792044
2 0.31711835334476846 0.5857645259938837 0.04575471698113209 0.05938837920489302
2 0.4038507718696398 0.5519571865443426 0.03673241852487139 0.051467889908256834
2 0.35919382504288166 0.6719724770642203 0.05574614065180103 0.09530581039755358
2 0.4247598627787307 0.48981651376146784 0.026046312178387654 0.03379204892966364
2 0.4546483704974271 0.4196636085626911 0.01812178387650095 0.021039755351681944
3 0.3663807890222984 0.4703516819571866 0.03713550600343049 0.0726452599388379
2 0.4317495711835334 0.4541896024464832 0.02112349914236716 0.025015290519877696
2 0.41572898799313895 0.4254434250764526 0.01718696397941678 0.020718654434250694
2 0.9412521440823327 0.8532110091743119 0.11749571183533447 0.17737003058103976
2 0.14202401372212692 0.8948470948012233 0.11784734133790739 0.1394342507645261
2 0.09380789022298455 0.7735626911314984 0.10499142367066897 0.11077981651376154
2 0.3176157804459691 0.4885779816513761 0.03909090909090913 0.06261467889908263