2 0.6332069510268562 0.5407162921348315 0.03844391785150067 0.04929775280898879
1 0.5698815165876777 0.5265589887640449 0.0393917851500789 0.06181179775280898
2 0.46384676145339654 0.41837078651685394 0.018064770932069422 0.023595505617977464
2 0.31046603475513423 0.6168960674157303 0.08565560821484997 0.15495786516853938
2 0.4241390205371248 0.5443820224719101 0.03478672985781987 0.05817415730337073
2 0.6016666666666667 0.48622191011235955 0.02792259083728271 0.03573033707865176
2 0.3640126382306477 0.4685814606741573 0.02588467614533964 0.036235955056179714
2 0.5403238546603475 0.4499578651685393 0.020181674565560786 0.02716292134831465
3 0.7168957345971564 0.5530758426966292 0.07793838862559248 0.10498595505617977
2 0.5325987361769352 0.42030898876404493 0.015221169036334898 0.018848314606741516
2 0.1358609794628752 0.7443820224719101 0.0947867298578199 0.12921348314606743
2 0.6155529225908373 0.7373595505617978 0.08011848341232214 0.10233146067415716
3 0.9016034755134281 0.7423735955056181 0.11735387045813599 0.15650280898876415
2 0.7060110584518167 0.6473314606741573 0.06955766192733014 0.07514044943820225
2 0.564478672985782 0.4207303370786517 0.018048973143759802 0.02582865168539324
2 0.592875197472354 0.4199438202247191 0.02112954186413902 0.03053370786516855
2 0.4152290679304897 0.4299297752808989 0.019186413902053685 0.028117977528089862