2 0.41133593749999997 0.37781944444444443 0.02684375 0.03065277777777778
2 0.772171875 0.32734722222222223 0.021812500000000002 0.01923611111111111
2 0.386171875 0.44425000000000003 0.0386171875 0.043694444444444445
2 0.5260703125 0.47072222222222226 0.042109375 0.050847222222222224
2 0.436546875 0.34293055555555557 0.0263359375 0.03026388888888889
2 0.9543671874999999 0.38975 0.0392421875 0.03877777777777778
2 0.843578125 0.3350416666666666 0.023734375 0.01972222222222222
2 0.796453125 0.32311111111111107 0.0196953125 0.01904166666666667
2 0.4538125 0.596125 0.0656328125 0.05023611111111111
2 0.8785703125 0.3575277777777778 0.04825 0.03263888888888889
2 0.323 0.5658611111111111 0.0600625 0.07209722222222222
2 0.7578359375 0.30127777777777776 0.0198515625 0.018958333333333334
2 0.46940625 0.3615 0.0260625 0.03152777777777778
2 0.47248437499999996 0.30695833333333333 0.020390625000000002 0.02352777777777778
2 0.8930390625 0.3525416666666667 0.0238125 0.023958333333333335
2 0.48101562500000006 0.34280555555555553 0.02278125 0.026041666666666668