1 0.8982376395534291 0.35160511363636365 0.0425598086124401 0.04546874999999999
2 0.36679425837320573 0.4455539772727273 0.03907496012759171 0.0425426136363637
2 0.34920255183413074 0.5361221590909091 0.06411483253588515 0.08177556818181825
2 0.9848484848484849 0.39204545454545453 0.030303030303030304 0.03409090909090909
2 0.9404864433811801 0.3739772727272727 0.030964912280701695 0.029872159090909053
2 0.4502312599681021 0.43994318181818187 0.042783094098883645 0.052500000000000054
2 0.8270972886762361 0.34845170454545454 0.023779904306220227 0.02069602272727272
2 0.43347687400318985 0.3575994318181818 0.02292663476874003 0.025170454545454583
2 0.44259968102073366 0.5184517045454545 0.06443381180223282 0.07563920454545454
2 0.488524720893142 0.33620738636363634 0.017105263157894773 0.0208806818181818
2 0.528030303030303 0.33411931818181817 0.019633173843700072 0.020326704545454547
2 0.8533492822966506 0.3450852272727273 0.02035885167464131 0.02166193181818182
2 0.03018341307814992 0.24832386363636363 0.032496012759170655 0.01765625000000001
2 0.4744896331738437 0.35960227272727274 0.02137161084529502 0.02509943181818184
2 0.4594258373205742 0.3304403409090909 0.01933811802232855 0.01680397727272725
2 0.7883572567783095 0.32583806818181815 0.019346092503987233 0.022968750000000024
2 0.5073923444976076 0.31541193181818183 0.014968102073365217 0.013721590909090945
2 0.43382775119617223 0.7916761363636364 0.10990430622009564 0.17848011363636376
2 0.28567783094098886 0.6995596590909091 0.08511961722488039 0.12090909090909076