2 0.5815358361774744 0.47376899696048635 0.06973549488054609 0.08462006079027348
2 0.49728668941979526 0.3304711246200608 0.03643344709897615 0.041124620060790276
2 0.38813139931740614 0.43082066869300917 0.05941979522184299 0.06943768996960495
2 0.37129692832764505 0.5041641337386018 0.06427474402730379 0.07323708206686938
2 0.4583191126279863 0.31237082066869304 0.0316040955631399 0.03373860182370819
2 0.42830204778157 0.33682370820668694 0.03483788395904431 0.035364741641337356
2 0.5440102389078498 0.25598784194528873 0.021416382252559648 0.02299392097264437
2 0.4310665529010239 0.3696808510638298 0.03587883959044365 0.04142857142857141
2 0.9507849829351536 0.31995440729483277 0.03802047781569961 0.03965045592705163
2 0.4998976109215017 0.2685410334346504 0.020017064846416414 0.017933130699088164
2 0.48202218430034127 0.4600759878419453 0.05901877133105808 0.07653495440729485
2 0.5243430034129692 0.25074468085106383 0.02046928327645052 0.021686930091185382
2 0.8565699658703071 0.25940729483282676 0.01715870307167227 0.018252279635258346
2 0.5536348122866894 0.22691489361702127 0.019633105802047773 0.021200607902735546
2 0.47525597269624575 0.9247720364741642 0.13651877133105803 0.15045592705167174