2 0.3632263242375602 0.4934142857142857 0.05012038523274482 0.058885714285714326
2 0.5401845906902087 0.46045714285714284 0.04487961476725528 0.05815714285714291
2 0.5359309791332263 0.32384285714285715 0.024117174959871552 0.019014285714285716
2 0.44837881219903686 0.5011714285714286 0.05849919743178178 0.07138571428571433
2 0.4047191011235955 0.39404285714285714 0.03138041733547344 0.03458571428571434
2 0.9568780096308186 0.3632714285714286 0.03227126805778494 0.028028571428571434
3 0.9827447833065811 0.38857142857142857 0.03451043338683788 0.04857142857142857
2 0.5332182985553772 0.35901428571428573 0.025184590690208754 0.02738571428571423
2 0.45468699839486354 0.4323285714285714 0.038451043338683856 0.04915714285714281
2 0.48556982343499194 0.3512142857142857 0.025754414125200575 0.018957142857142832
3 0.8250000000000001 0.30375714285714284 0.02749598715890868 0.032471428571428596
2 0.8702247191011235 0.32752857142857145 0.023715890850722458 0.02259999999999999
2 0.8972552166934189 0.34690000000000004 0.025048154093097942 0.024428571428571463
2 0.7849919743178171 0.2995 0.01910112359550558 0.024971428571428596
2 0.4895585874799358 0.3243571428571429 0.019261637239165328 0.019857142857142823
2 0.8352086677367577 0.3327 0.026508828250401444 0.021671428571428595
2 0.5651605136436597 0.28221428571428575 0.019261637239165328 0.014085714285714306
2 0.5271589085072231 0.2976285714285714 0.017142857142857064 0.01567142857142861