2 0.43644366197183093 0.4181818181818182 0.04323063380281681 0.0472257053291536
2 0.9133450704225352 0.3258934169278997 0.03830105633802836 0.04134796238244513
2 0.3764788732394366 0.37031347962382444 0.03280809859154928 0.03905956112852667
2 0.36864436619718305 0.5223354231974922 0.07450704225352112 0.08597178683385584
2 0.44641725352112677 0.34310344827586203 0.034647887323943576 0.03228840125391853
2 0.4147711267605633 0.31310344827586206 0.022473591549295752 0.020532915360501603
2 0.4275088028169014 0.6442319749216301 0.08493838028169015 0.12601880877742944
2 0.8081866197183099 0.300564263322884 0.02110035211267608 0.021457680250783696
2 0.4366637323943662 0.2927272727272727 0.021531690140845102 0.021065830721003133
2 0.805105633802817 0.26467084639498434 0.01639964788732404 0.018134796238244502
2 0.506294014084507 0.3526175548589342 0.02992957746478873 0.0326645768025078
2 0.7695774647887325 0.25918495297805644 0.021047535211267676 0.020235109717868377
2 0.4454225352112676 0.9882445141065831 0.1426056338028169 0.023510971786833857