2 0.3131238938053097 0.440820189274448 0.0385309734513274 0.04646687697160889
3 0.6422389380530974 0.35782334384858044 0.059150442477876035 0.10378548895899047
2 0.44162831858407076 0.41214511041009466 0.03030088495575222 0.03990536277602517
2 0.30654867256637164 0.551435331230284 0.05484955752212391 0.06132492113564668
2 0.3660353982300885 0.4418611987381703 0.03686725663716811 0.057097791798107325
2 0.4168938053097345 0.3693059936908517 0.022663716814159303 0.0326656151419558
2 0.5430265486725664 0.3546529968454259 0.02116814159292042 0.028832807570977875
2 0.38797345132743366 0.5660410094637224 0.047442477876106205 0.03441640378548904
3 0.5920176991150443 0.33575709779179813 0.03963716814159289 0.09127760252365931
2 0.9274336283185841 0.9045741324921136 0.14513274336283186 0.19085173501577288
2 0.15744247787610618 0.6066719242902208 0.10994690265486727 0.13118296529968448
2 0.37855752212389376 0.3652208201892745 0.020734513274336237 0.028091482649842275