2 0.5811416666666667 0.559540059347181 0.03942499999999995 0.05620178041543026
2 0.42791666666666667 0.5056083086053412 0.035383333333333364 0.05008902077151334
2 0.277175 0.5727448071216616 0.06500833333333332 0.08296735905044504
2 0.5377333333333333 0.4123293768545994 0.02152499999999994 0.027270029673590497
2 0.3988166666666667 0.47001483679525224 0.027158333333333264 0.038056379821958426
2 0.40024166666666666 0.42109792284866465 0.01714999999999994 0.023931750741839754
2 0.6413416666666667 0.7720178041543028 0.08232499999999997 0.13304154302670634
2 0.6704749999999999 0.511572700296736 0.11019166666666669 0.18040059347181014
2 0.5894083333333333 0.4395252225519288 0.026116666666666788 0.02906528189910984
2 0.5732333333333334 0.4099406528189911 0.025816666666666682 0.02906528189910984
2 0.55335 0.3887982195845697 0.01869166666666672 0.01848664688427305
2 0.46610833333333335 0.39646884272997035 0.017508333333333327 0.029584569732937768
2 0.44385 0.391973293768546 0.014541666666666704 0.023768545994065256
2 0.4205583333333333 0.3832492581602374 0.016025000000000015 0.016899109792284848