2 0.4092195540308748 0.5133639143730887 0.03405660377358494 0.05362385321100925
2 0.2849142367066895 0.5866819571865444 0.04872212692967415 0.054250764525993915
2 0.590917667238422 0.5802599388379205 0.05120926243567756 0.06733944954128435
2 0.3770583190394511 0.45051987767584095 0.032718696397941664 0.04402140672782869
2 0.5266295025728988 0.4113914373088685 0.02275300171526584 0.03426605504587151
3 0.6019897084048027 0.391177370030581 0.04669811320754721 0.08382262996941904
2 0.32994854202401375 0.4464525993883792 0.027572898799313874 0.03481651376146786
2 0.43373070325900515 0.42463302752293575 0.023370497427101202 0.029235474006116216
2 0.8687821612349914 0.7370030581039755 0.10634648370497427 0.13149847094801223
2 0.25728987993138935 0.9732415902140673 0.12864493996569468 0.053516819571865444
2 0.7018181818181819 0.6416819571865444 0.05812178387650084 0.10518348623853205
2 0.14782161234991426 0.644571865443425 0.08387650085763294 0.08166666666666662
2 0.38654373927958835 0.4163914373088685 0.021586620926243534 0.02415902140672776
2 0.36658662092624356 0.3957951070336392 0.016312178387650072 0.026850152905198692