2 0.3770234375 0.4283194444444444 0.040999999999999995 0.051791666666666666
2 0.5111484374999999 0.40581944444444445 0.033296875 0.043138888888888886
2 0.487875 0.3314861111111111 0.018921874999999998 0.019305555555555555
2 0.9533671874999999 0.37748611111111113 0.0408359375 0.03738888888888889
2 0.47103906249999994 0.36683333333333334 0.0303125 0.03240277777777777
2 0.4305625 0.3572777777777778 0.02484375 0.029958333333333333
2 0.4607265625 0.4058888888888889 0.029421874999999997 0.032
2 0.45357812500000005 0.4453888888888889 0.0360078125 0.049805555555555554
2 0.842234375 0.34905555555555556 0.0268203125 0.02748611111111111
2 0.5396171875 0.3129166666666667 0.0187734375 0.019055555555555555
2 0.8200312500000001 0.3173611111111111 0.023640625000000002 0.028652777777777777
2 0.8643359374999999 0.3440416666666667 0.021953125 0.02475
2 0.785875 0.30641666666666667 0.016359375000000002 0.01575
2 0.4614296875 0.3236527777777778 0.019398437499999997 0.016166666666666666
2 0.308265625 0.7056805555555555 0.0891484375 0.11677777777777777
2 0.1872109375 0.9404166666666667 0.151078125 0.11915277777777779