2 0.3416295025728988 0.60282874617737 0.05695540308747863 0.08487767584097858
2 0.693713550600343 0.5151681957186545 0.04136363636363638 0.05678899082568805
2 0.6152572898799313 0.491697247706422 0.03584905660377355 0.04824159021406721
2 0.6713807890222984 0.4537308868501529 0.033301886792452766 0.040611620795106954
2 0.4492109777015437 0.5931804281345566 0.049605488850771796 0.06081039755351679
2 0.7462950257289881 0.4959633027522936 0.037615780445969235 0.04738532110091744
2 0.3613464837049743 0.4895565749235474 0.03969125214408231 0.055015290519877705
2 0.6307375643224701 0.4007033639143731 0.019271012006861085 0.0269571865443425
2 0.5051372212692967 0.40010703363914374 0.020806174957118347 0.028960244648318128
2 0.5919897084048027 0.40727828746177375 0.019991423670668907 0.027171253822629943
2 0.6122555746140652 0.4396177370030581 0.02709262435677523 0.035122324159021445
2 0.4653001715265866 0.3979204892966361 0.018627787307032614 0.023654434250764567
2 0.5839022298456261 0.37986238532110095 0.017315608919382552 0.019235474006116183
2 0.7696826758147514 0.6043119266055046 0.05393653516295015 0.02581039755351681
2 0.7555746140651801 0.9097859327217125 0.1183533447684391 0.18042813455657492
2 0.9212607204116638 0.7093119266055046 0.10302744425385944 0.11460244648318049
2 0.45873927958833616 0.36610091743119266 0.01377358490566033 0.026544342507645282
2 0.6717924528301886 0.4065902140672783 0.02456260720411653 0.03185015290519884
2 0.6494682675814751 0.3790519877675841 0.017864493996569406 0.021896024464831795