2 0.3960951526032316 0.48404153354632584 0.03859066427289049 0.04892971246006389
2 0.556983842010772 0.48923322683706066 0.03855475763016162 0.06023961661341859
2 0.3399102333931777 0.461150159744409 0.03830341113105931 0.0605431309904153
2 0.5893806104129263 0.4052875399361022 0.03386894075403951 0.039792332268370555
2 0.6738689407540396 0.549776357827476 0.060628366247755805 0.06164536741214063
2 0.5122621184919209 0.3456389776357828 0.01972172351885101 0.02632587859424923
2 0.5377109515260323 0.40733226837060704 0.03017055655296221 0.04637380191693286
2 0.733294434470377 0.5187380191693292 0.05749551166965885 0.07492012779552712
2 0.5585098743267504 0.3550159744408946 0.022809694793536877 0.030159744408945678
2 0.3717773788150808 0.33402555910543136 0.0214901256732496 0.03297124600638975
2 0.6010053859964093 0.36100638977635785 0.022513464991023274 0.02956869009584663
2 0.2612208258527828 0.889776357827476 0.12387791741472172 0.22044728434504793
3 0.1229802513464991 0.7412140575079872 0.2459605026929982 0.5111821086261981
2 0.5959335727109515 0.6141853035143771 0.056059245960502734 0.09031948881789131
2 0.6572621184919211 0.42003194888178913 0.04637342908438048 0.0656709265175719
2 0.43274685816876124 0.3556230031948882 0.021292639138240598 0.03284345047923323
2 0.4081687612208259 0.32223642172523964 0.016938958707360764 0.019345047923322707