2 0.6549026548672566 0.5558517350157729 0.04669911504424777 0.06216088328075705
2 0.27146902654867255 0.5868927444794952 0.047212389380530996 0.061261829652996896
2 0.3609646017699115 0.552018927444795 0.03790265486725667 0.053091482649842224
2 0.31488495575221237 0.675820189274448 0.05752212389380531 0.09831230283911678
2 0.38253982300884953 0.4879179810725552 0.02687610619469027 0.03485804416403789
2 0.41338053097345134 0.4155520504731861 0.018699115044247785 0.021703470031545727
3 0.3223008849557522 0.46783911671924294 0.03831858407079642 0.07493690851735015
2 0.3897522123893805 0.4511671924290221 0.021796460176991148 0.025804416403785512
2 0.3732212389380531 0.4215141955835962 0.017734513274336252 0.021372239747633998
2 0.9176991150442478 0.862776025236593 0.1256637168141593 0.1829652996845426
2 0.09079646017699114 0.9057255520504732 0.12160176991150445 0.143832807570978
2 0.047345132743362835 0.7799684542586751 0.09469026548672567 0.11514195583596215
2 0.27198230088495573 0.48664037854889586 0.040336283185840746 0.0645899053627761