2 0.548625 0.47031944444444446 0.026140625 0.035680555555555556
2 0.43540625000000005 0.4833888888888889 0.0271015625 0.037736111111111116
2 0.56496875 0.42344444444444446 0.017570312499999997 0.025097222222222222
2 0.5726875 0.5360833333333334 0.0337578125 0.051055555555555555
2 0.22635156250000002 0.6008472222222222 0.0537734375 0.05280555555555556
2 0.5993984375 0.42470833333333335 0.019953125 0.024958333333333332
2 0.58134375 0.40479166666666666 0.012796875 0.017944444444444443
2 0.3731484375 0.5096527777777777 0.041703125 0.06231944444444444
3 0.3935078125 0.4030138888888889 0.0428671875 0.07279166666666666
2 0.5919531250000001 0.4710555555555556 0.0235 0.03336111111111111
2 0.7688515625 0.6449444444444444 0.0666171875 0.09829166666666667
1 0.31865625 0.49819444444444444 0.0362109375 0.06198611111111112
2 0.4550078125 0.45334722222222223 0.0232109375 0.030194444444444444
2 0.7608359375 0.7714861111111111 0.095453125 0.14830555555555555
2 0.38996875000000003 0.6550138888888889 0.061812500000000006 0.08272222222222222
2 0.0592265625 0.8364583333333333 0.115125 0.1512777777777778
2 0.24025781249999997 0.7437638888888889 0.0951015625 0.1438611111111111
2 0.294484375 0.9612361111111112 0.1184609375 0.07752777777777778
2 0.4065703125 0.46308333333333335 0.023234374999999998 0.027541666666666666
2 0.36608593749999996 0.4634027777777777 0.028867187500000002 0.029416666666666667
2 0.531515625 0.406125 0.014710937499999998 0.025597222222222223
2 0.4244921875 0.4344861111111111 0.021593750000000002 0.02225