2 0.6924609375 0.5390555555555555 0.0412109375 0.05627777777777778
2 0.3299765625 0.5723472222222222 0.059429687499999995 0.08109722222222222
2 0.43130468750000006 0.48711111111111116 0.0295078125 0.036083333333333335
2 0.5910546875 0.46712499999999996 0.0244765625 0.034569444444444444
2 0.5288046875 0.39576388888888886 0.014328125 0.018194444444444444
2 0.4065390625 0.46948611111111105 0.02946875 0.034722222222222224
2 0.41315625 0.573875 0.04928125 0.07643055555555556
2 0.45246875 0.45870833333333333 0.0185390625 0.028027777777777776
2 0.5594921875 0.40733333333333327 0.016492187499999998 0.021222222222222222
2 0.318078125 0.5077916666666666 0.0240625 0.035375
2 0.2277421875 0.6994722222222223 0.0928359375 0.091
2 0.37293750000000003 0.4503194444444445 0.027773437499999998 0.03240277777777777
2 0.4618203125 0.4280694444444444 0.017546875 0.024055555555555556
2 0.43032031249999997 0.41905555555555557 0.017546875 0.024055555555555556
2 0.41869531249999997 0.4006388888888889 0.012898437500000002 0.020291666666666666