2 0.29887149917627676 0.513900293255132 0.03586490939044478 0.04319648093841648
3 0.6052141680395388 0.43674486803519064 0.055057660626029584 0.09648093841642222
2 0.4184843492586491 0.4872434017595308 0.028204283360790783 0.03709677419354832
2 0.29275123558484345 0.6167302052785923 0.05105436573311369 0.057008797653958936
2 0.34812191103789125 0.5148680351906159 0.034316309719934074 0.05307917888563057
2 0.39546128500823724 0.44741935483870965 0.021095551894563438 0.030366568914956066
2 0.5128665568369029 0.4337976539589443 0.01970345963756184 0.026803519061583538
2 0.3685420098846788 0.6303079178885631 0.04415980230642505 0.031994134897360776
3 0.5584678747940692 0.4162316715542522 0.0368945634266886 0.0848533724340176
2 0.8756177924217463 0.9281524926686217 0.14497528830313014 0.1436950146627566
2 0.15396210873146624 0.6680791788856305 0.10233937397034597 0.12195014662756593
2 0.35977759472817133 0.44362170087976543 0.01929983525535416 0.026114369501466197