2 0.5322531418312387 0.4434025559105431 0.037432675044883346 0.05507987220447287
2 0.3526750448833034 0.4843290734824281 0.04196588868940754 0.053849840255591114
2 0.190673249551167 0.5257667731629393 0.06336624775583485 0.07019169329073491
2 0.3845152603231598 0.4418849840255591 0.03399461400359067 0.05469648562300321
3 0.25480251346499105 0.3995047923322683 0.0990215439856373 0.15009584664536746
2 0.2561400359066427 0.5376837060702875 0.05833931777378816 0.07102236421725246
2 0.32947037701974863 0.42416932907348237 0.037315978456014406 0.0415654952076677
2 0.3543536804308797 0.3894728434504792 0.025323159784560175 0.03327476038338656
2 0.3726840215439856 0.35618210862619815 0.021858168761220848 0.0297124600638978
2 0.4151346499102334 0.33869009584664533 0.01992818671454223 0.021437699680511207
2 0.5140933572710952 0.31515974440894573 0.018743267504488428 0.0192811501597444
2 0.7163375224416517 0.6741214057507987 0.09156193895870736 0.10862619808306709
2 0.8388150807899462 0.6822683706070288 0.10378815080789937 0.13750798722044735
2 0.06552962298025135 0.9145367412140575 0.1310592459605027 0.17092651757188498
2 0.32005385996409336 0.7021725239616613 0.08621184919210051 0.1214536741214057
2 0.17008078994614007 0.6846006389776357 0.08681328545780968 0.11613418530351445
2 0.34909335727109514 0.5599361022364217 0.04849192100538598 0.08204472843450482
2 0.320673249551167 0.37335463258785945 0.023931777378815054 0.03394568690095846
2 0.3986445242369839 0.3983226837060703 0.028797127468581724 0.04658146964856225
2 0.49390484739676843 0.32875399361022367 0.01660682226211849 0.02845047923322684