2 0.4630110062893082 0.3926675977653631 0.0301415094339622 0.033603351955307184
2 0.39286949685534595 0.4177513966480447 0.03498427672955975 0.03804469273743018
2 0.5184119496855346 0.3586731843575419 0.025330188679245306 0.029539106145251365
2 0.4394889937106918 0.3447905027932961 0.019583333333333397 0.021452513966480465
2 0.54875 0.5442458100558659 0.06455974842767287 0.08698324022346365
2 0.4231053459119497 0.5243156424581006 0.05656446540880507 0.07325418994413414
2 0.3636713836477987 0.4707122905027933 0.04393867924528301 0.04607541899441342
2 0.5206996855345912 0.4400837988826816 0.044056603773584876 0.04561452513966476
2 0.47858490566037737 0.3534217877094972 0.021745283018867988 0.022695530726256984
2 0.7912185534591195 0.30758379888268156 0.01783805031446545 0.01951117318435758
2 0.03544811320754717 0.2424581005586592 0.039261006289308176 0.02115921787709494
2 0.5295518867924529 0.31691340782122907 0.02003144654088052 0.021634078212290516
2 0.42663522012578614 0.6761731843575419 0.09798742138364788 0.13150837988826827
2 0.5539229559748428 0.2919692737430168 0.013128930817610098 0.017206703910614515
2 0.6422955974842768 0.7891061452513967 0.10849056603773585 0.17597765363128492
2 0.2358490566037736 0.8924581005586593 0.12264150943396226 0.1871508379888268