2 0.3295546875 0.5006666666666667 0.034015625 0.04091666666666667
3 0.6201015625 0.42758333333333337 0.05221875 0.09138888888888888
2 0.44299999999999995 0.4754166666666667 0.026750000000000003 0.03513888888888889
2 0.32375 0.5980694444444444 0.048421874999999996 0.054000000000000006
2 0.376265625 0.5015833333333333 0.032546874999999996 0.05027777777777778
2 0.42116406250000005 0.43769444444444444 0.0200078125 0.02876388888888889
2 0.532515625 0.4247916666666667 0.018687500000000003 0.02538888888888889
2 0.39563281250000004 0.6109305555555555 0.0418828125 0.030305555555555554
3 0.5757656250000001 0.4081527777777778 0.0349921875 0.080375
2 0.8765625 0.9111111111111111 0.1375 0.17222222222222222
2 0.1921171875 0.6467083333333333 0.0970625 0.11551388888888889
2 0.3873203125 0.43409722222222225 0.0183046875 0.024736111111111108