2 0.3173670668953688 0.592262996941896 0.03632933104631219 0.055963302752293616
2 0.39193825042881647 0.6138226299694189 0.038370497427101205 0.058440366972477106
2 0.35611492281303603 0.5274159021406728 0.02835334476843906 0.0392201834862385
2 0.24662950257289878 0.5986085626911315 0.04785591766723838 0.055993883792048935
2 0.389819897084048 0.4775840978593272 0.021157804459691218 0.025672782874617682
2 0.5271955403087479 0.5068348623853212 0.029048027444253766 0.0503669724770643
2 0.405557461406518 0.5417737003058104 0.03190394511149232 0.043562691131498486
2 0.6147084048027445 0.5070642201834863 0.02336192109777016 0.03324159021406729
1 0.3194082332761578 0.5013149847094801 0.037624356775300176 0.06576452599388379
2 0.7592881646655232 0.8336850152905199 0.0968610634648371 0.15071865443425067
2 0.8345797598627787 0.7661773700305811 0.0942195540308749 0.1350152905198776
2 0.11878216123499143 0.9304281345565749 0.14493996569468268 0.13914373088685014
2 0.3409862778730703 0.7978134556574923 0.07415951972555748 0.1270642201834861
2 0.15985420240137221 0.7048929663608563 0.06963121783876501 0.08788990825688076
2 0.5776929674099486 0.4612385321100917 0.020874785591766653 0.0298929663608562