2 0.7146336996336996 0.3860097719869707 0.048159340659340584 0.05925081433224755
2 0.6758150183150183 0.3192019543973941 0.04409340659340668 0.04719869706840394
2 0.5242673992673993 0.28442996742671006 0.036346153846153896 0.0404723127035831
2 0.5140934065934066 0.2271498371335505 0.025668498168498144 0.01931596091205214
2 0.5995329670329671 0.2098045602605863 0.02261904761904766 0.018045602605863166
2 0.08003663003663011 0.24301302931596092 0.03764652014652016 0.037149837133550495
2 0.5742032967032967 0.23952768729641694 0.03203296703296705 0.03640065146579808
2 0.1351373626373626 0.21895765472312703 0.03021978021978022 0.032638436482084726
2 0.012362637362637362 0.28094462540716614 0.024725274725274724 0.04071661237785016
2 0.7772985347985347 0.5383061889250814 0.07819597069597058 0.048257328990228006
2 0.18521062271062272 0.20050488599348537 0.019871794871794912 0.022638436482084655
2 0.16609890109890119 0.20804560260586322 0.022921245421245396 0.02467426710097716
2 0.5458516483516483 0.20058631921824105 0.018571428571428548 0.01897394136807814
2 0.5054029304029304 0.19374592833876222 0.021465201465201516 0.022980456026058655
2 0.20734432234432232 0.20488599348534203 0.020027472527472428 0.02055374592833877
2 0.43405677655677655 0.6143159609120521 0.1052472527472528 0.13428338762214992
2 0.5959249084249084 0.6234690553745929 0.09037545787545792 0.14037459283387613
2 0.5998168498168498 0.9576547231270358 0.17216117216117216 0.08469055374592833
0 0.5072710622710623 0.3803420195439739 0.022875457875457892 0.07731270358306193