1 0.43203345070422533 0.6542789968652037 0.051487676056338035 0.06810344827586214
2 0.6421830985915493 0.6063949843260188 0.036496478873239466 0.05542319749216303
2 0.675475352112676 0.5496551724137931 0.03440140845070416 0.04730407523510964
2 0.31954225352112675 0.6368181818181818 0.06110915492957753 0.07628526645768019
2 0.6104577464788733 0.5133228840125392 0.027007042253520984 0.03479623824451418
2 0.6466901408450704 0.49650470219435733 0.036566901408450675 0.05435736677115979
2 0.47105633802816904 0.4728213166144201 0.01812499999999993 0.02869905956112844
2 0.5078697183098592 0.452884012539185 0.019339788732394392 0.022978056426332237
2 0.5867605633802816 0.4634169278996866 0.018811619718309764 0.024169278996865138
2 0.48699823943661974 0.44493730407523513 0.0156338028169014 0.01738244514106588
2 0.6254401408450704 0.4649059561128527 0.020343309859155043 0.022946708463949823
2 0.7954577464788732 0.7645768025078371 0.08682218309859145 0.10821316614420057
2 0.04841549295774648 0.9247648902821317 0.09683098591549295 0.15047021943573669
2 0.8190140845070424 0.5916771159874609 0.17038732394366193 0.2316614420062695
2 0.718556338028169 0.533730407523511 0.034454225352112566 0.04496865203761764
3 0.6856690140845071 0.45843260188087775 0.057948943661971765 0.10004702194357373
2 0.40500880281690144 0.5057680250783699 0.029603873239436716 0.05117554858934166
2 0.4471302816901409 0.45717868338557993 0.017279929577464884 0.02431034482758619