2 0.48527966101694914 0.36930513595166164 0.03185593220338976 0.03586102719033234
2 0.9729915254237289 0.32839879154078544 0.028466101694915376 0.026873111782477373
2 0.47246610169491526 0.4251661631419939 0.04218644067796608 0.0529003021148036
2 0.51 0.31635951661631423 0.029711864406779614 0.03545317220543811
2 0.5568389830508474 0.31060422960725076 0.02733050847457627 0.031661631419939544
2 0.4455338983050848 0.33962235649546824 0.03055084745762708 0.027779456193353452
2 0.4829830508474576 0.29450151057401813 0.02259322033898312 0.031933534743202395
2 0.45478813559322034 0.31493957703927494 0.026694915254237287 0.02362537764350451
2 0.5818813559322034 0.24448640483383685 0.02158474576271189 0.017235649546827832
2 0.5332966101694915 0.277416918429003 0.0191440677966101 0.02157099697885192
2 0.48104237288135593 0.752416918429003 0.10533898305084742 0.17143504531722056