2 0.3787906137184116 0.4958038585209003 0.05189530685920578 0.06590032154340837
2 0.2834386281588448 0.4981350482315112 0.04739169675090252 0.053231511254019315
2 0.348601083032491 0.4035530546623794 0.045099277978339375 0.0480546623794212
2 0.40031588447653427 0.4311575562700965 0.03576714801444043 0.043215434083601276
2 0.42609205776173287 0.3433118971061093 0.02300541516245488 0.022926045016077156
2 0.3617057761732852 0.36289389067524114 0.029882671480144417 0.03048231511254016
2 0.8942238267148014 0.367459807073955 0.03127256317689539 0.027797427652733152
2 0.8002346570397113 0.3230064308681672 0.02096570397111915 0.021511254019292596
2 0.4467960288808664 0.31709003215434084 0.019070397111913353 0.018102893890675226
2 0.8300361010830325 0.3637299035369775 0.03415162454873639 0.050932475884244384
2 0.002707581227436823 0.2379421221864952 0.005415162454873646 0.01607717041800643
2 0.19997292418772564 0.7262218649517684 0.09246389891696755 0.13739549839228302
2 0.37582129963898914 0.785032154340836 0.1050451263537906 0.1562218649517686