2 0.33571681415929205 0.5788485804416404 0.043070796460176954 0.05536277602523663
1 0.40666371681415925 0.5629495268138802 0.044132743362831864 0.06941640378548894
2 0.5254601769911504 0.44145110410094635 0.02023893805309725 0.02649842271293368
2 0.6973008849557523 0.6644006309148265 0.09596460176991155 0.17402208201892752
2 0.5699469026548672 0.5829652996845426 0.03897345132743359 0.0653312302839116
2 0.37105309734513275 0.5176498422712934 0.03128318584070799 0.040126182965299774
2 0.6373097345132743 0.4978391167192429 0.028999999999999984 0.04069400630914819
2 0.43977876106194697 0.4769242902208202 0.022610619469026507 0.03050473186119879
3 0.2419557522123894 0.5927287066246058 0.08731858407079643 0.11790220820189275
2 0.4484336283185841 0.44362776025236594 0.017053097345132728 0.021167192429022017
2 0.8929203539823009 0.807570977917981 0.10619469026548672 0.14511041009463724
2 0.3554955752212389 0.7996845425867508 0.08976106194690261 0.11492113564668754
3 0.05 0.804416403785489 0.1 0.17665615141955837
2 0.2541504424778761 0.6985804416403785 0.07792920353982306 0.08438485804416404
2 0.41271681415929207 0.44410094637223974 0.020221238938053117 0.029006309148264964
2 0.3809026548672566 0.443217665615142 0.023672566371681417 0.03429022082018929
2 0.579929203539823 0.45443217665615143 0.021495575221238905 0.031577287066246025