2 0.39558474576271185 0.53 0.03563559322033894 0.05335347432024177
2 0.6468220338983051 0.5024320241691843 0.03722881355932209 0.05197885196374617
2 0.630593220338983 0.5812839879154078 0.048898305084745804 0.07214501510574017
2 0.5267033898305085 0.4842598187311178 0.03161864406779656 0.047945619335347446
2 0.27782203389830507 0.6188670694864048 0.04759322033898302 0.048232628398791465
2 0.5435677966101695 0.434607250755287 0.02125423728813553 0.02845921450151062
2 0.41976271186440683 0.46353474320241694 0.022610169491525382 0.030271903323262784
2 0.5830084745762713 0.4981419939577039 0.03377966101694907 0.05203927492447137
2 0.23705932203389832 0.5622054380664653 0.050296610169491544 0.06620845921450157
3 0.3664322033898305 0.4377945619335347 0.058533898305084694 0.11244712990936546
2 0.5810254237288136 0.658262839879154 0.06350000000000006 0.14273413897280968
2 0.5312627118644068 0.4106797583081571 0.018169491525423773 0.02090634441087618
2 0.8320423728813559 0.7236404833836857 0.08892372881355919 0.1264350453172206
2 0.30801694915254235 0.7887462235649546 0.09104237288135589 0.14341389728096685
3 0.40438135593220337 0.40614803625377643 0.014906779661016976 0.020438066465256758
3 0.4397033898305085 0.38959214501510575 0.014449152542372843 0.023293051359516554
2 0.5685169491525424 0.41741691842900297 0.016008474576271272 0.02725075528700901