2 0.5792950819672131 0.340932944606414 0.032877049180327786 0.056472303206997095
2 0.641655737704918 0.4686443148688047 0.05921311475409837 0.06902332361516038
2 0.11724590163934423 0.32313411078717197 0.026295081967213054 0.025102040816326488
2 0.025532786885245976 0.37645772594752186 0.040139344262294915 0.0328425655976676
2 0.555016393442623 0.5216034985422741 0.0611639344262296 0.08005830903790082
2 0.5310737704918033 0.30590379008746355 0.018442622950819672 0.018367346938775543
2 0.15956557377049185 0.30443148688046645 0.018532786885245914 0.019431486880466448
2 0.18434426229508194 0.30237609329446063 0.023508196721311526 0.023381924198250758
2 0.5389262295081967 0.4456268221574344 0.041786885245901656 0.060903790087463515
2 0.5034016393442623 0.31320699708454813 0.024368852459016408 0.0235422740524781
2 0.47340983606557374 0.3683381924198251 0.032762295081967235 0.03809037900874635
2 0.447983606557377 0.29336734693877553 0.017836065573770484 0.018002915451895078
2 0.7209918032786885 0.7105247813411079 0.10034426229508184 0.1266472303206997