2 0.40897656250000003 0.5706527777777778 0.046796875 0.050083333333333334
2 0.6693515624999999 0.5163472222222222 0.036515625 0.05056944444444444
2 0.28621875 0.5437777777777778 0.04396875 0.04766666666666667
2 0.43821093749999995 0.46997222222222224 0.0234921875 0.035222222222222224
2 0.3753828125 0.5214305555555556 0.0335546875 0.04879166666666667
2 0.5507578125 0.46605555555555556 0.02340625 0.03944444444444444
2 0.40253125 0.4712222222222222 0.022132812499999998 0.03216666666666667
2 0.5331406249999999 0.4111944444444445 0.01796875 0.024402777777777777
2 0.57334375 0.4284166666666666 0.0181484375 0.02276388888888889
2 0.3379921875 0.4911388888888889 0.034195312500000005 0.03865277777777777
2 0.6025 0.42641666666666667 0.017015625 0.024430555555555556
2 0.77625 0.7927083333333333 0.09927343749999999 0.14979166666666666
2 0.7912656250000001 0.6740555555555555 0.0692421875 0.10529166666666667
2 0.2807578125 0.68125 0.06977343750000001 0.08663888888888889
2 0.5842031249999999 0.40670833333333334 0.017140625 0.020194444444444442
2 0.41902343750000004 0.43956944444444446 0.019953125 0.02711111111111111
2 0.384671875 0.4397361111111111 0.020140625000000002 0.028111111111111108
2 0.39530468750000003 0.4216666666666667 0.020328125 0.021416666666666667
2 0.43474218750000004 0.41447222222222224 0.01525 0.020416666666666666
2 0.4137578125 0.40559722222222216 0.0139296875 0.02275
2 0.46702343749999997 0.41245833333333337 0.0135546875 0.021083333333333332