2 0.43455468750000004 0.4923472222222222 0.03025 0.03640277777777778
2 0.3748828125 0.5177638888888889 0.033734375 0.04554166666666667
2 0.6406562499999999 0.5390694444444445 0.0406796875 0.05316666666666667
2 0.4125546875 0.4592222222222222 0.024390625 0.031097222222222224
2 0.7427265625 0.5909722222222222 0.053140625 0.06352777777777778
2 0.31890625 0.6211805555555555 0.058640625 0.06659722222222222
2 0.543140625 0.44625000000000004 0.024656249999999998 0.036875
2 0.5954609375000001 0.5845 0.0472109375 0.06970833333333333
2 0.359109375 0.47056944444444443 0.0268359375 0.03327777777777778
2 0.4286796875 0.42874999999999996 0.0205078125 0.02377777777777778
2 0.3775546875 0.44348611111111114 0.0218984375 0.027875
2 0.45292187500000003 0.43395833333333333 0.01771875 0.024680555555555556
2 0.93965625 0.8275972222222222 0.12068749999999999 0.19431944444444443
2 0.73 0.8981805555555556 0.142484375 0.2036388888888889
2 0.30936718750000003 0.8926527777777779 0.12296875 0.19952777777777778
2 0.12589843750000002 0.9242083333333333 0.15224218750000001 0.15158333333333335
2 0.0395234375 0.8857083333333334 0.079046875 0.15441666666666667
2 0.557078125 0.4045 0.014593749999999999 0.022861111111111113
2 0.4098046875 0.41152777777777777 0.0163203125 0.01934722222222222