2 0.5487109375 0.50575 0.052578124999999996 0.06041666666666667
2 0.39153906250000003 0.38730555555555557 0.0305546875 0.03179166666666667
2 0.4575234375 0.5032361111111111 0.061554687500000003 0.07652777777777778
2 0.8893671875000001 0.3826111111111111 0.0364375 0.03344444444444444
2 0.5169374999999999 0.39991666666666664 0.0361640625 0.04047222222222222
2 0.463484375 0.380375 0.0327421875 0.035875
2 0.9789843749999999 0.4046944444444444 0.0381171875 0.033805555555555554
2 0.91559375 0.3620972222222222 0.027984375 0.026416666666666665
2 0.8126875 0.33016666666666666 0.0236171875 0.021430555555555557
2 0.8592421874999999 0.356125 0.026484374999999998 0.020833333333333332
2 0.44025 0.33866666666666667 0.0220703125 0.020027777777777776
2 0.4876953125 0.32784722222222223 0.0214609375 0.022527777777777775
2 0.423703125 0.3635138888888889 0.027726562500000003 0.02972222222222222
2 0.7939765624999999 0.30741666666666667 0.015453125000000002 0.020097222222222225
2 0.5164296875 0.30184722222222227 0.0186953125 0.019875
2 0.67109375 0.9069444444444444 0.1453125 0.18611111111111112
2 0.20859375 0.9444444444444444 0.1421875 0.1111111111111111
2 0.4760234375 0.3456666666666667 0.0244140625 0.035027777777777776