2 0.3184765625 0.54575 0.0752578125 0.11238888888888889
2 0.4893203125 0.6095694444444444 0.071359375 0.08643055555555555
2 0.521484375 0.4424166666666667 0.037617187499999996 0.04463888888888889
2 0.86346875 0.3579861111111111 0.028515625 0.02363888888888889
2 0.36446093749999997 0.4727916666666667 0.0430234375 0.04945833333333333
2 0.8509296875000001 0.3298055555555556 0.026101562499999998 0.025486111111111112
2 0.8158046875 0.32045833333333335 0.021718750000000002 0.021583333333333333
2 0.9481249999999999 0.3867638888888889 0.046515625 0.03825
2 0.45284375 0.3261527777777778 0.0309609375 0.028027777777777776
2 0.9318515625 0.3694027777777778 0.02996875 0.024194444444444446
2 0.4990546875 0.2963888888888889 0.013890625 0.014055555555555554
2 0.444234375 0.7040555555555555 0.07860937500000001 0.10811111111111112