2 0.355921875 0.4935972222222222 0.0487890625 0.057249999999999995
2 0.5281796875 0.46155555555555555 0.043687500000000004 0.05654166666666667
2 0.5240390625 0.3287361111111111 0.0234765625 0.018486111111111113
2 0.43881249999999994 0.5011388888888889 0.0569453125 0.06940277777777777
2 0.39631249999999996 0.3969861111111111 0.030546875 0.033625
2 0.9338046875 0.36706944444444445 0.0314140625 0.02725
3 0.9686796875000001 0.3927638888888889 0.0523671875 0.04686111111111112
2 0.5213984375 0.36293055555555553 0.024515625 0.026625000000000003
2 0.44495312499999995 0.4342083333333333 0.037429687499999996 0.04779166666666666
2 0.475015625 0.3553472222222222 0.025070312500000004 0.018430555555555554
3 0.8054296875 0.3092083333333333 0.026765624999999998 0.03156944444444444
2 0.8494531249999999 0.33231944444444445 0.0230859375 0.021972222222222223
2 0.875765625 0.3511527777777778 0.0243828125 0.02375
2 0.766484375 0.30506944444444445 0.01859375 0.02427777777777778
2 0.4788984375 0.3292361111111111 0.01875 0.019305555555555555
2 0.8153671875 0.3373472222222222 0.0258046875 0.021069444444444443
2 0.5524921875000001 0.28826388888888893 0.01875 0.013694444444444443
2 0.5155000000000001 0.30325 0.0166875 0.015236111111111112