2 0.24517187499999998 0.47156944444444443 0.0688125 0.095375
2 0.6526171875 0.3607222222222223 0.05221875 0.06584722222222222
2 0.7415625 0.27181944444444445 0.0400390625 0.03755555555555556
2 0.5439609375 0.6553055555555556 0.085203125 0.14708333333333334
2 0.3982421875 0.8649583333333333 0.1074296875 0.25904166666666667
2 0.24079687500000002 0.7914166666666668 0.1284296875 0.2217222222222222
2 0.0759453125 0.7650694444444445 0.1469453125 0.2612361111111111
2 0.52315625 0.4518472222222222 0.0586796875 0.10666666666666666
2 0.43678906250000005 0.47411111111111115 0.0468125 0.099625
2 0.3395390625 0.48115277777777776 0.058015625 0.08790277777777777
2 0.5090546875 0.3673472222222222 0.0365546875 0.058361111111111114
2 0.45033593749999995 0.3640416666666667 0.03621875 0.06859722222222223
2 0.311390625 0.3453888888888889 0.042648437500000004 0.05536111111111111
2 0.3638515625 0.3098888888888889 0.03790625 0.058972222222222224
2 0.3521796875 0.2825138888888889 0.0355390625 0.036708333333333336
2 0.45456250000000004 0.2816111111111111 0.0297890625 0.048138888888888884
2 0.5066875 0.3080833333333333 0.028429687500000002 0.04693055555555555
2 0.505 0.25272222222222224 0.0243671875 0.03730555555555556
2 0.46438281249999996 0.23136111111111113 0.023015625 0.04151388888888889
2 0.376375 0.2509166666666667 0.0277578125 0.030083333333333333
2 0.43346093750000003 0.21731944444444445 0.022203125 0.02813888888888889
2 0.9617421875 0.4480972222222222 0.07650781250000001 0.08994444444444445
2 0.596734375 0.20137500000000003 0.018226562499999998 0.025208333333333333