2 0.6196389891696751 0.5494212218649518 0.0737635379061372 0.08951768488745973
2 0.5305234657039711 0.3978295819935691 0.03853790613718416 0.04350482315112531
2 0.41506317689530686 0.5039871382636656 0.06285198555956678 0.07345659163987148
2 0.39725631768953074 0.5815755627009647 0.06798736462093867 0.07747588424437307
2 0.4893050541516245 0.3786816720257235 0.03342960288808661 0.03569131832797426
2 0.45755415162454877 0.4045498392282958 0.036850180505415095 0.03741157556270094
2 0.5799458483754513 0.3190353697749196 0.022653429602888006 0.024324758842443724
2 0.46047833935018057 0.43930868167202575 0.037951263537906094 0.04382636655948552
2 0.9950361010830325 0.3858520900321543 0.009927797833935019 0.04180064308681672
2 0.5332851985559567 0.3323151125401929 0.02117328519855599 0.01897106109324761
2 0.5143772563176895 0.534935691318328 0.06242779783393508 0.08096463022508041
2 0.5591425992779783 0.3134887459807074 0.02165162454873647 0.022942122186495148
2 0.9105595667870036 0.3226527331189711 0.018149819494584746 0.01930868167202571
2 0.5901263537906137 0.2882797427652733 0.020767148014440424 0.022427652733118954
2 0.5072202166064982 0.9734726688102894 0.1444043321299639 0.05305466237942122