2 0.43108593749999996 0.5220277777777778 0.0328515625 0.049055555555555554
2 0.6626953125 0.49668055555555557 0.0343203125 0.04779166666666666
2 0.647734375 0.5691805555555556 0.045078125000000004 0.06633333333333333
2 0.5519609375 0.4799722222222222 0.029148437500000002 0.04408333333333333
2 0.3225234375 0.6037361111111111 0.043875 0.04434722222222222
2 0.5675078124999999 0.4343194444444444 0.01959375 0.026166666666666668
2 0.45337500000000003 0.4609166666666667 0.02084375 0.02783333333333333
2 0.6038671875 0.4927361111111111 0.031140624999999998 0.04784722222222223
2 0.2849453125 0.5516388888888889 0.046367187500000004 0.060875
3 0.4042109375 0.43724999999999997 0.05396093749999999 0.10338888888888889
2 0.6020390625 0.6399583333333333 0.0585390625 0.1312361111111111
2 0.5561640625 0.41231944444444446 0.01675 0.01922222222222222
2 0.8334453125 0.7000694444444444 0.0819765625 0.11625
2 0.350359375 0.7599305555555556 0.0839296875 0.1318611111111111
3 0.4391953125 0.4081527777777778 0.0137421875 0.018791666666666665
3 0.47175781250000004 0.3929305555555556 0.0133203125 0.021416666666666667
2 0.5905078125000001 0.41851388888888885 0.0147578125 0.025055555555555553