2 0.9407936507936508 0.4114971751412429 0.048984126984126825 0.04176553672316391
2 0.2962142857142857 0.6390819209039549 0.08379365079365082 0.12214689265536725
2 0.3621904761904762 0.5080649717514124 0.05453174603174606 0.06829096045197744
2 0.37641269841269837 0.4479943502824859 0.042920634920634956 0.04696327683615819
2 0.4143333333333333 0.3817231638418079 0.028357142857142872 0.02864406779661013
2 0.8903571428571427 0.37007062146892655 0.03243650793650785 0.03097457627118637
2 0.8346825396825397 0.3619774011299435 0.028920634920634965 0.022415254237288143
2 0.4744126984126984 0.3634463276836158 0.03264285714285723 0.0340536723163842
2 0.9789682539682539 0.3954802259887006 0.04206349206349207 0.05084745762711865
2 0.4513174603174603 0.3348728813559322 0.022499999999999926 0.02511299435028253
2 0.4765714285714286 0.3077824858757062 0.023214285714285715 0.02981638418079098
2 0.8348015873015873 0.3532627118644068 0.03246031746031753 0.04524011299435025
2 0.8034523809523809 0.32668079096045194 0.02076190476190483 0.02511299435028253
2 0.5182063492063492 0.3084039548022599 0.018134920634920563 0.02050847457627116
2 0.4595238095238095 0.7768361581920904 0.11428571428571428 0.18361581920903955
2 0.28015873015873016 0.8347457627118644 0.1111111111111111 0.13559322033898305
0 0.5103968253968254 0.3681214689265537 0.014817460317460375 0.030240112994350237