2 0.68440625 0.532513888888889 0.0412265625 0.0547361111111111
2 0.34590624999999997 0.5598472222222222 0.0416796875 0.05394444444444445
2 0.42491406249999997 0.5291388888888889 0.033460937499999996 0.04674999999999999
2 0.384234375 0.6381527777777778 0.05078125 0.08656944444444445
2 0.4439609375 0.4726944444444444 0.0237265625 0.030694444444444448
2 0.4711875 0.4089722222222222 0.0165078125 0.01911111111111111
3 0.39078124999999997 0.4550138888888889 0.033828125 0.0659861111111111
2 0.45032812499999997 0.44033333333333335 0.0192421875 0.02272222222222222
2 0.435734375 0.4142222222222222 0.01565625 0.018819444444444444
2 0.91640625 0.8027777777777778 0.1109375 0.16111111111111112
2 0.18640625 0.8405972222222222 0.1073515625 0.12665277777777778
2 0.142484375 0.7304305555555555 0.095640625 0.100625
2 0.34635937499999997 0.47156944444444443 0.035609375 0.056875