2 0.454452736318408 0.5082153392330383 0.03457711442786073 0.05085545722713867
2 0.6203316749585406 0.5460029498525074 0.03876451077943615 0.049719764011799464
2 0.7699751243781093 0.5842625368731563 0.05853233830845783 0.06480825958702073
2 0.5909203980099502 0.5068141592920354 0.03140132669983407 0.0505014749262537
3 0.7107379767827529 0.46768436578171085 0.09146766169154225 0.13858407079646023
2 0.7095024875621891 0.5952654867256637 0.053888888888888896 0.06557522123893811
2 0.6417661691542289 0.49045722713864304 0.03446932006633513 0.03837758112094393
2 0.6187810945273632 0.4584218289085546 0.023391376451077976 0.030722713864306844
2 0.601849087893864 0.42768436578171093 0.020190713101160974 0.027433628318584105
2 0.5626368159203979 0.41153392330383476 0.01840796019900501 0.019793510324483714
2 0.4712271973466003 0.3898082595870207 0.017313432835820985 0.017802359882005972
2 0.28441127694859036 0.7212389380530974 0.0845771144278607 0.10029498525073746
2 0.17127694859038137 0.7287610619469027 0.09587064676616906 0.12696165191740402
2 0.8942786069651741 0.9321533923303835 0.1384742951907131 0.13569321533923304
2 0.6504643449419569 0.7471386430678465 0.07963515754560528 0.11213864306784657
2 0.7889966832504146 0.7309144542772861 0.0801907131011609 0.10722713864306792
2 0.6236401326699834 0.615811209439528 0.04479270315091209 0.07575221238938055
2 0.6498922056384743 0.4435398230088496 0.022106135986732882 0.031342182890855455
2 0.5778689883913765 0.4665929203539823 0.02660033167495848 0.04300884955752208
2 0.48987562189054723 0.4023598820058997 0.015339966832504145 0.02626843657817101