2 0.45184764991896276 0.5661959654178674 0.07162884927066458 0.08789625360230548
2 0.05887358184764999 0.3625360230547551 0.036118314424635464 0.03200288184438046
2 0.03072123176661271 0.39262247838616715 0.04499189627228524 0.033371757925072
2 0.48491085899513775 0.31059077809798274 0.019975688816855828 0.020504322766570632
2 0.650996758508914 0.4576512968299712 0.04439222042139382 0.05515850144092215
2 0.5547974068071313 0.4117291066282421 0.04306320907617512 0.05740634005763693
2 0.5589789303079417 0.4990634005763689 0.05338735818476508 0.06315561959654184
2 0.5336142625607779 0.3414409221902017 0.026385737439222 0.02618155619596544
2 0.17261750405186385 0.3113256484149856 0.031012965964343584 0.03031700288184441
2 0.5637682333873583 0.31878962536023053 0.023703403565640196 0.016700288184438004
2 0.49096434359805513 0.3762391930835735 0.0370178282009725 0.052694524495677304
2 0.5869367909238249 0.342478386167147 0.02623987034035665 0.023530259365994212
2 0.5427552674230146 0.29195965417867437 0.018071312803889752 0.017435158501440954
2 0.5078200972447325 0.29259365994236314 0.017050243111831412 0.015057636887608052
2 0.5526742301458671 0.9250720461095101 0.14424635332252836 0.14121037463976946