2 0.5347704918032786 0.4901895043731778 0.04958196721311476 0.05797376093294458
2 0.5573688524590164 0.37255102040816324 0.028057377049180342 0.03221574344023327
2 0.12433606557377054 0.3526822157434402 0.030483606557377092 0.023352769679300264
2 0.4523360655737705 0.456734693877551 0.0389344262295082 0.04868804664723029
2 0.056565573770491796 0.3635131195335277 0.028770491803278612 0.02555393586005827
2 0.5319590163934427 0.4222594752186589 0.037262295081967246 0.03960641399416904
2 0.4961311475409836 0.34873177842565595 0.021885245901639382 0.025845481049562708
2 0.09757377049180326 0.34988338192419827 0.02319672131147556 0.020218658892128285
2 0.5163032786885245 0.3866180758017493 0.02971311475409836 0.03782798833819249
2 0.5394426229508197 0.34674927113702625 0.021573770491803226 0.020145772594752177
2 0.45104098360655737 0.30260932944606417 0.014319672131147564 0.01241982507288627
2 0.16159836065573777 0.3273615160349854 0.028040983606557313 0.028425655976676383
2 0.4298852459016394 0.28486880466472303 0.017991803278688562 0.016428571428571404
2 0.37121311475409835 0.7190524781341108 0.09191803278688533 0.12211370262390668
2 0.7649262295081968 0.8992711370262391 0.11518032786885245 0.16741982507288616
2 0.4799262295081967 0.32774052478134114 0.01571311475409842 0.01896501457725946
2 0.4983114754098361 0.304533527696793 0.014311475409836096 0.01746355685131198