2 0.3727890625 0.5182083333333334 0.0326796875 0.04113888888888889
2 0.6001875 0.48143055555555553 0.0266484375 0.041152777777777774
2 0.32740625 0.5062361111111111 0.036859375 0.04531944444444445
2 0.411703125 0.4567777777777778 0.0220234375 0.028680555555555553
2 0.5605078125 0.41843055555555553 0.0148828125 0.018486111111111113
2 0.43970312500000003 0.46912499999999996 0.0248515625 0.03577777777777778
2 0.4598359375 0.4370555555555556 0.0185 0.022541666666666668
2 0.3940390625 0.6126527777777778 0.037296875 0.025652777777777778
2 0.46420312499999994 0.4164861111111111 0.0161484375 0.019736111111111114
3 0.43009375 0.4061666666666667 0.026875 0.045625
2 0.2016171875 0.7900416666666668 0.111890625 0.142625
2 0.1604453125 0.7046527777777778 0.095 0.09195833333333332
2 0.3945078125 0.41984722222222226 0.022234375 0.03880555555555556
3 0.5693125 0.3733611111111111 0.021828125 0.04684722222222222