2 0.579015625 0.5446805555555556 0.0374453125 0.06081944444444444
2 0.30681250000000004 0.5985416666666666 0.058578125 0.05277777777777778
2 0.436921875 0.5034722222222222 0.0280703125 0.042305555555555555
2 0.7501015625 0.59675 0.0553828125 0.06236111111111111
2 0.38098437500000004 0.49506944444444445 0.0283203125 0.03794444444444445
2 0.40198437499999995 0.5890277777777778 0.045328125000000004 0.065
2 0.45239843750000003 0.45908333333333334 0.022218750000000002 0.03036111111111111
2 0.6725859375 0.5991527777777778 0.0499375 0.050763888888888886
2 0.5787265625 0.4311527777777778 0.0259453125 0.04751388888888889
2 0.415046875 0.43881944444444443 0.0207578125 0.030569444444444448
2 0.95625 0.8777777777777778 0.0875 0.20555555555555555
2 0.3501640625 0.8408472222222222 0.1035234375 0.15879166666666666
2 0.1994453125 0.8354305555555556 0.11875 0.14073611111111112
2 0.060390624999999996 0.8264166666666667 0.12078124999999999 0.14073611111111112
2 0.3288828125 0.5039027777777778 0.0373125 0.040652777777777774
2 0.3713046875 0.4552222222222222 0.026476562500000002 0.029958333333333333
2 0.3925234375 0.42901388888888886 0.0201640625 0.022472222222222223
2 0.46082812500000003 0.42794444444444446 0.016546875 0.021402777777777778
2 0.5339453125 0.4300833333333334 0.0171484375 0.03102777777777778