2 0.3570703125 0.5393611111111111 0.03309375 0.050833333333333335
2 0.425 0.5589444444444445 0.034953125 0.05308333333333333
2 0.3923671875 0.4804583333333333 0.025828125 0.035625
2 0.2926328125 0.545125 0.04359375 0.05086111111111111
2 0.4230703125 0.4351944444444444 0.0192734375 0.023319444444444445
2 0.5482109375 0.4617638888888889 0.026460937499999997 0.04575
2 0.43740625 0.4935 0.0290625 0.03956944444444444
2 0.6279296875 0.46197222222222223 0.021281249999999998 0.030194444444444444
1 0.3589296875 0.45675000000000004 0.0342734375 0.05973611111111111
2 0.7596328125 0.7586527777777778 0.088234375 0.13690277777777776
2 0.8282187499999999 0.6973333333333334 0.085828125 0.12263888888888888
2 0.1763984375 0.8628888888888888 0.1322109375 0.157125
2 0.37858593749999997 0.7260694444444444 0.0675546875 0.11541666666666665
2 0.2135859375 0.6416666666666667 0.0634296875 0.07983333333333333
2 0.5942109375 0.4203472222222222 0.019015625 0.02715277777777778