2 0.5378221859706362 0.37171014492753623 0.030660685154975463 0.03440579710144929
2 0.06840946166394771 0.33246376811594197 0.027398042414355745 0.025782608695652205
2 0.5501549755301794 0.42530434782608695 0.04060358890701466 0.05075362318840577
2 0.5140293637846656 0.3209130434782609 0.028597063621533397 0.03401449275362323
2 0.46894779771615 0.3153913043478261 0.02630505709624796 0.030376811594202868
2 0.5760766721044046 0.343231884057971 0.02940456769983683 0.026652173913043458
2 0.5400326264274062 0.29994202898550726 0.021745513866231716 0.03063768115942027
2 0.5671696574225122 0.3195507246376812 0.02569331158238173 0.022666666666666647
2 0.44484502446982055 0.2519565217391304 0.02077487765089725 0.016536231884058006
2 0.4916068515497553 0.28355072463768116 0.01842577487765083 0.020695652173913004
2 0.5419004893964111 0.7392753623188406 0.10138662316476342 0.16447826086956524