2 0.4406726094003241 0.519971181556196 0.0340761750405186 0.050893371757925146
2 0.6809157212317666 0.49367435158501444 0.03559967585089146 0.04958213256484145
2 0.6653970826580227 0.5688904899135446 0.04675850891410052 0.06881844380403457
2 0.5660534846029174 0.4763400576368876 0.03023500810372767 0.04573487031700289
2 0.32806320907617503 0.6047406340057637 0.04551053484602915 0.046008645533141136
2 0.5821799027552674 0.4289769452449567 0.020324149108589894 0.027146974063400622
2 0.46379254457050245 0.4565706051873199 0.021620745542949807 0.0288760806916426
2 0.6198946515397084 0.48958213256484145 0.032301458670988575 0.049639769452449634
2 0.2890842787682334 0.5506916426512969 0.048095623987034056 0.06315561959654184
3 0.41279578606158834 0.4320172910662824 0.0559724473257698 0.10726224783861663
2 0.6179983792544571 0.6423198847262248 0.06072123176661269 0.13615273775216138
2 0.5704132901134522 0.4061527377521614 0.017374392220421437 0.019942363112391975
2 0.858030794165316 0.7046829971181555 0.08503241491085886 0.12060518731988479
2 0.35693679092382496 0.7667867435158501 0.08705834683954615 0.13680115273775223
3 0.44908427876823337 0.4018299711815562 0.014254457050243046 0.019495677233429355
3 0.48286061588330637 0.38603746397694527 0.013816855753646641 0.022219020172910605
2 0.6060372771474879 0.4125792507204611 0.015307941653160535 0.02599423631123914