1 0.9421500843170322 0.3611561561561562 0.04499999999999991 0.04806306306306305
2 0.3802360876897133 0.46046546546546546 0.04131534569983136 0.04496996996997004
2 0.36163575042158513 0.5562012012012012 0.06779089376053961 0.08644144144144152
2 0.984822934232715 0.3836336336336336 0.03035413153456998 0.03153153153153153
2 0.4684569983136594 0.4545345345345346 0.0452360876897134 0.05549549549549555
2 0.8669308600337269 0.35782282282282285 0.02514333895446894 0.021876876876876866
2 0.4507419898819562 0.3674924924924925 0.024241146711635752 0.026606606606606648
2 0.46038785834738616 0.5375225225225225 0.06812816188870148 0.07995495495495496
2 0.5089460370994942 0.3448798798798799 0.01808600337268132 0.022072072072072055
2 0.550716694772344 0.34267267267267265 0.020758853288364156 0.02148648648648649
2 0.8946880269814502 0.3542642642642643 0.021526138279932716 0.0228978978978979
2 0.024325463743676223 0.25198198198198196 0.03435919055649241 0.018663663663663673
2 0.49410623946037097 0.3696096096096096 0.022596964586846506 0.026531531531531555
2 0.4781787521079258 0.33878378378378377 0.0204468802698145 0.01776276276276274
2 0.8259696458684654 0.3339189189189189 0.02045531197301854 0.024279279279279302
2 0.5288954468802698 0.3228978978978979 0.015826306913996613 0.014504504504504542
2 0.4511129848229342 0.8263363363363364 0.1162057335581787 0.1886636636636638
2 0.294468802698145 0.728963963963964 0.09000000000000001 0.12780780780780765