2 0.44945269016697587 0.3053300330033003 0.03187384044526903 0.036419141914191405
2 0.8779035250463821 0.24536303630363035 0.02589981447124311 0.02285478547854789
2 0.41957328385899817 0.38425742574257427 0.04585343228200366 0.05191419141914188
2 0.5856864564007421 0.4157095709570957 0.050000000000000086 0.060412541254125436
2 0.4793877551020408 0.26387788778877885 0.03127087198515773 0.035957095709570994
2 0.9626901669758813 0.2545049504950495 0.028181818181818283 0.023432343234323413
2 0.906734693877551 0.2403300330033003 0.023385899814471277 0.02262376237623759
2 0.4998886827458256 0.5647029702970296 0.07793135435992578 0.05968646864686462
2 0.9874768089053804 0.28052805280528054 0.02504638218923933 0.039603960396039604
2 0.3445640074211503 0.5287458745874588 0.07131725417439702 0.0856600660066006
2 0.8608812615955472 0.21438943894389437 0.023571428571428646 0.022524752475247486
2 0.518404452690167 0.2859405940594059 0.030946196660482282 0.03745874587458744
2 0.5220593692022263 0.2211386138613861 0.02421150278293127 0.02795379537953795
2 0.5321892393320965 0.2637293729372937 0.027050092764378555 0.03094059405940594