1 0.3882744783306581 0.5963285714285714 0.04694221508828251 0.06207142857142864
2 0.5798715890850722 0.5526857142857142 0.033274478330658136 0.050514285714285734
2 0.6102247191011235 0.5009714285714286 0.031364365971107484 0.04311428571428564
2 0.2857142857142857 0.5804142857142858 0.05571428571428577 0.06952857142857137
2 0.5509470304975923 0.46785714285714286 0.024622792937399732 0.03171428571428578
2 0.5839807383627609 0.4525285714285714 0.033338683788121964 0.04954285714285707
2 0.4238523274478331 0.4309428571428572 0.016524879614767188 0.026157142857142778
2 0.4574157303370787 0.41277142857142857 0.017632423756019283 0.020942857142857096
2 0.5293418940609952 0.4223714285714286 0.017150882825040042 0.02202857142857137
2 0.4383868378812199 0.40552857142857146 0.014253611556982336 0.01584285714285719
2 0.5646067415730337 0.42372857142857145 0.018547351524879536 0.020914285714285694
2 0.9622792937399679 0.905 0.0754414125200642 0.15857142857142856
2 0.7196147672552167 0.696857142857143 0.07915730337078643 0.09862857142857137
2 0.7034510433386838 0.9728571428571429 0.1115569823434992 0.054285714285714284
2 0.0413322632423756 0.8728571428571429 0.0826645264847512 0.19714285714285715
2 0.741091492776886 0.5392714285714286 0.15534510433386833 0.21114285714285708
2 0.6495024077046548 0.4864571428571428 0.031412520064205356 0.04098571428571436
3 0.6195184590690209 0.41782857142857144 0.05283306581059384 0.09118571428571434
2 0.3636356340288925 0.4609714285714286 0.026990369181380505 0.04664285714285711
2 0.40203852327447837 0.41668571428571427 0.01575441412520073 0.022157142857142844