2 0.45605751391465676 0.5183663366336634 0.04388682745825598 0.0625082508250825
2 0.6266233766233766 0.45838283828382836 0.03938775510204085 0.055709570957095694
2 0.7944248608534322 0.533052805280528 0.07236549165120593 0.0922772277227722
2 0.5043784786641929 0.35463696369636966 0.023961038961038895 0.03033003300330032
2 0.6590166975881261 0.4187953795379538 0.030231910946196584 0.04232673267326729
2 0.657430426716141 0.36438943894389436 0.019090909090909023 0.02661716171617161
2 0.38904452690166974 0.7546864686468647 0.09164192949907232 0.1479702970297029
2 0.35661410018552875 0.46501650165016506 0.12266233766233768 0.20064356435643568
2 0.4468552875695733 0.3848844884488449 0.029072356215213386 0.032326732673267286
2 0.464860853432282 0.351980198019802 0.028738404452690183 0.032326732673267286
2 0.4869944341372913 0.3284653465346535 0.02080705009276444 0.02056105610561053
2 0.5841094619666047 0.33699669966996704 0.019489795918367338 0.0329042904290429
2 0.6088868274582561 0.331996699669967 0.016187384044526944 0.026435643564356407
2 0.6348144712430427 0.3222937293729373 0.01783858998144714 0.018795379537953773