2 0.35871644295302013 0.4543134328358209 0.04402684563758391 0.055656716417910396
2 0.502743288590604 0.430134328358209 0.035755033557046886 0.0463582089552238
2 0.477751677852349 0.3502537313432836 0.02031879194630875 0.020746268656716384
2 0.9776090604026845 0.3996865671641791 0.04385067114093958 0.04017910447761188
2 0.45967281879194627 0.38823880597014926 0.03255033557046976 0.03482089552238812
2 0.41620805369127517 0.37797014925373135 0.02667785234899325 0.03219402985074634
2 0.4485989932885906 0.4302089552238806 0.03159395973154369 0.03438805970149248
2 0.44092281879194634 0.47265671641791046 0.03866610738255027 0.05352238805970151
2 0.8582718120805368 0.3691343283582089 0.028800335570469737 0.029537313432835766
2 0.5333137583892618 0.3302985074626866 0.02015939597315434 0.020477611940298547
2 0.8344295302013424 0.33507462686567163 0.025385906040268448 0.030791044776119394
2 0.882005033557047 0.36374626865671644 0.023573825503355628 0.026597014925373124
2 0.7977516778523489 0.3233134328358209 0.017567114093959776 0.01692537313432832
2 0.4493540268456376 0.3418358208955224 0.020830536912751618 0.01737313432835819
2 0.2848825503355705 0.7523731343283582 0.0957298657718121 0.1254925373134329
2 0.15436241610738255 0.9701492537313433 0.16275167785234898 0.05970149253731343