2 0.7467066895368782 0.665519877675841 0.05695540308747863 0.08487767584097858
2 0.39462264150943394 0.5778593272171254 0.04136363636363638 0.05678899082568805
2 0.4730789022298456 0.5543883792048929 0.03584905660377355 0.04824159021406721
2 0.4169554030874786 0.5164220183486239 0.03330188679245286 0.040611620795106954
2 0.6391252144082333 0.6558715596330276 0.049605488850771796 0.06081039755351679
2 0.342041166380789 0.5586544342507646 0.03761578044596914 0.04738532110091744
2 0.7269897084048027 0.5522477064220184 0.03969125214408231 0.055015290519877705
2 0.457598627787307 0.46339449541284405 0.019271012006861085 0.0269571865443425
2 0.5831989708404802 0.4627981651376147 0.020806174957118347 0.028960244648318128
2 0.4963464837049743 0.4699694189602447 0.019991423670668907 0.027171253822629943
2 0.47608061749571184 0.502308868501529 0.02709262435677523 0.035122324159021445
2 0.6230360205831904 0.46061162079510704 0.018627787307032614 0.023654434250764567
2 0.5044339622641509 0.4425535168195719 0.017315608919382552 0.01923547400611627
2 0.31865351629502575 0.6670030581039755 0.053936535162950244 0.02581039755351681
2 0.33276157804459694 0.941131498470948 0.1183533447684391 0.11773700305810397
2 0.1670754716981132 0.7720030581039755 0.10302744425385935 0.11460244648318049
2 0.6295969125214408 0.4287920489296636 0.01377358490566033 0.026544342507645282
2 0.4165437392795883 0.4692813455657493 0.024562607204116627 0.03185015290519884
2 0.4388679245283019 0.44174311926605503 0.017864493996569406 0.02189602446483188