2 0.39787587412587416 0.5500155763239876 0.036564685314685354 0.04613707165109035
2 0.6523076923076924 0.5087694704049844 0.02981643356643348 0.04615264797507788
2 0.3470979020979021 0.536588785046729 0.041241258741258696 0.05082554517133955
2 0.44141608391608395 0.4811214953271028 0.02464160839160844 0.03216510903426788
2 0.6079108391608392 0.4381152647975078 0.016652097902097863 0.020732087227414247
2 0.4727447552447553 0.4949688473520249 0.02780594405594401 0.0401246105919003
2 0.49527097902097905 0.45900311526479753 0.020699300699300757 0.02528037383177573
2 0.4216520979020979 0.6559345794392524 0.04173076923076924 0.028769470404984464
2 0.5001573426573426 0.43593457943925235 0.018068181818181882 0.022133956386292893
3 0.461993006993007 0.4243613707165109 0.03006993006993015 0.05116822429906546
2 0.2063548951048951 0.8548753894080997 0.1251923076923077 0.15995327102803747
2 0.16028846153846155 0.7591121495327103 0.10629370629370631 0.10313084112149538
2 0.42217657342657344 0.4397040498442368 0.02487762237762241 0.04352024922118389
3 0.6177622377622378 0.3875700934579439 0.02442307692307697 0.052538940809968876