2 0.054777594728171335 0.8533724340175953 0.10955518945634267 0.2932551319648094
2 0.20923586958732485 0.5417617030520255 0.09457562999572881 0.1393866985264834
2 0.03500823723228995 0.4655425219941349 0.0700164744645799 0.10997067448680352
2 0.007413509060955519 0.38343108504398826 0.014827018121911038 0.12756598240469208
2 0.07296560701283372 0.33883639259983345 0.06813513128724542 0.06878824083125157
2 0.2842353611161958 0.371420296151479 0.06355889112616186 0.08870062633503485
2 0.22652388797364076 0.34834003113573003 0.05694876644904102 0.06607291553528104
2 0.16754123700856255 0.324354657687991 0.06406736225517119 0.07421889142319246
2 0.1601684056379278 0.2714058144165671 0.053389468545975934 0.05340139748741898
2 0.2519474444241055 0.24515766988885265 0.04474545935281797 0.04978096375945841
2 0.303557264018549 0.24832554940081822 0.04525393048182711 0.052496289055428774
2 0.34703154554884363 0.27412113971253754 0.04067769032074356 0.04978096375945841
2 0.23974413732788247 0.21845697114514318 0.038643805804706444 0.0380145541435864
2 0.26323125011745097 0.1964920888016681 0.02944105837472827 0.032893636475140264
2 0.37755025338102366 0.2154477437195455 0.02944105837472827 0.04181394467178834
2 0.33886971392060933 0.20569115662946155 0.02912785562606095 0.0367962713111738
2 0.32618500259958283 0.17586387609691917 0.021924192406712638 0.027318443852235055
2 0.2925157071178456 0.17279752015432132 0.02599582813938777 0.02453084754078253
2 0.3886689509587135 0.1803240301952432 0.023490206150049226 0.027318443852235055
2 0.396812222424064 0.14743039372010303 0.018478962171372137 0.028433482376816147
2 0.3689371777926723 0.1468728744578125 0.017226151176702866 0.02062821270474896
2 0.35813168296364967 0.17028868347401405 0.025056219893385818 0.025088366803073078
2 0.37582372322899504 0.7870234604105572 0.11429159802306425 0.24560117302052786
2 0.5730024711696869 0.7558651026392962 0.09678747940691927 0.22360703812316715
2 0.7874045229893664 0.5950618296659351 0.1180861971636272 0.17636322621659872
2 0.8424154099607147 0.499702643397658 0.10483750187209842 0.10663822980538526
2 0.6269801039158536 0.5089309517462011 0.07027568806810992 0.1312470520681666
2 0.5290549648045529 0.4556118368435084 0.05069066024584962 0.1025367594282551
2 0.4242174629324547 0.45048499887209564 0.058755083466780364 0.10458749461682018
2 0.6828550362323015 0.44023132292927014 0.06336332530731212 0.0758772019769087
2 0.4521538127530235 0.28361635863511336 0.03033089409090332 0.0511491509240947
2 0.5064301495472715 0.32368319352565417 0.03607780033970605 0.06194730500807028
2 0.5761912059563491 0.35124690263474956 0.04086688888037484 0.06706222010047976
3 0.6354162675759549 0.3225465457273409 0.05714978991864928 0.10400327354565916
2 0.5533632172458272 0.280490577189752 0.032246529507170836 0.05171747482325126
2 0.5019603335759805 0.2634408602150538 0.02969234895214742 0.05512741821819088
2 0.4914243387865088 0.23019391211439225 0.02458398784210059 0.038646025142649344
2 0.5380381339156864 0.22337402532451295 0.03096943922965922 0.04660255973084179
2 0.607799190324764 0.27537566209734254 0.03767416318659571 0.060810657209756994
2 0.5894410175855331 0.24553865739162065 0.032246529507170836 0.04660255973084179
2 0.4531817873185933 0.19658908022213595 0.019297637468864676 0.031488349310755025
2 0.4821282435218903 0.19436263128097148 0.019297637468864676 0.030216092772946762
2 0.5233144049716433 0.2021552025750472 0.02304995586558836 0.03689543959644024
2 0.5755788397831517 0.22426065991946617 0.025730183291819506 0.03466899065527572