2 0.7108032786885246 0.5860349854227405 0.0539999999999999 0.07421282798833814
2 0.39513114754098355 0.5732215743440233 0.039999999999999966 0.056574344023323536
2 0.35458196721311475 0.5072303206997084 0.03618852459016392 0.04045189504373178
2 0.6342459016393442 0.5901895043731779 0.04839344262295079 0.06682215743440238
2 0.24955737704918032 0.5581486880466472 0.04175409836065569 0.0552915451895043
3 0.32471311475409836 0.43776967930029154 0.06494262295081969 0.10947521865889216
2 0.310344262295082 0.5844606413994169 0.05033606557377047 0.05793002915451896
2 0.35688524590163934 0.6173032069970846 0.0426311475409836 0.032478134110787135
2 0.5478196721311476 0.42400874635568514 0.01897540983606565 0.02336734693877547
2 0.42788524590163934 0.44139941690962103 0.02440983606557375 0.029081632653061292
2 0.4424344262295082 0.4134402332361516 0.017139344262295148 0.0186151603498542
2 0.5274590163934426 0.45755102040816326 0.023598360655737675 0.03555393586005829
2 0.5751639344262296 0.42067055393586006 0.016278688524590083 0.020131195335276887
2 0.6172950819672132 0.7156268221574343 0.0747459016393443 0.11290087463556858
2 0.20772131147540984 0.7402186588921282 0.113655737704918 0.1547813411078718
2 0.10584426229508197 0.7028862973760933 0.11877868852459014 0.13839650145772586
2 0.4010655737704918 0.431997084548105 0.022557377049180313 0.02826530612244896