2 0.5662109375 0.5402916666666666 0.0335859375 0.042541666666666665
2 0.4261875 0.5448055555555555 0.0335546875 0.052375
2 0.6151093750000001 0.5203888888888889 0.0333359375 0.05263888888888889
2 0.3979921875 0.4718194444444444 0.029476562499999998 0.034597222222222224
2 0.3244609375 0.5974444444444444 0.052765625000000003 0.05359722222222223
2 0.46510937500000005 0.4199583333333333 0.0171640625 0.02288888888888889
2 0.4429609375 0.4735972222222222 0.026257812499999998 0.04031944444444445
2 0.2727421875 0.5704583333333334 0.050039062499999995 0.06513888888888889
2 0.42485937500000004 0.4281111111111111 0.0198515625 0.02622222222222222
2 0.587375 0.4098611111111111 0.018703125 0.028666666666666667
2 0.387875 0.4333194444444445 0.01959375 0.025708333333333337
2 0.68359375 0.8986111111111111 0.1078125 0.20277777777777778
3 0.8484375 0.7638888888888888 0.303125 0.4444444444444444
2 0.3922890625 0.6534444444444445 0.0487890625 0.07852777777777778
2 0.3389140625 0.4846388888888889 0.040359374999999996 0.05709722222222222
2 0.5343125 0.4286388888888889 0.01853125 0.028555555555555553
2 0.555703125 0.39961111111111114 0.0147421875 0.016819444444444442