2 0.5336734693877551 0.38275577557755774 0.030751391465677264 0.03813531353135316
2 0.6320686456400743 0.5624752475247525 0.06040816326530623 0.09698019801980196
2 0.23545454545454544 0.5167656765676568 0.05720779220779217 0.06996699669966992
2 0.6643135435992579 0.4767986798679868 0.046985157699443496 0.06755775577557746
2 0.49940630797773655 0.4045049504950495 0.03455473098330241 0.05694719471947193
2 0.3040723562152134 0.5512871287128712 0.04723562152133577 0.04130363036303626
2 0.19235621521335808 0.4640594059405941 0.04481447124304267 0.054537953795379464
2 0.48061224489795923 0.3421947194719472 0.022977736549165104 0.03260726072607259
2 0.3378664192949907 0.4465346534653466 0.041651205936920205 0.0685478547854785
2 0.5102690166975882 0.3313531353135314 0.01962894248608542 0.028745874587458774
3 0.5528849721706864 0.32547854785478547 0.03386827458256029 0.059323432343234304
2 0.3137847866419295 0.39630363036303634 0.03304267161410019 0.044009900990099035
3 0.34406307977736544 0.3069471947194719 0.04081632653061224 0.08554455445544559
2 0.8673469387755102 0.9447194719471947 0.16883116883116883 0.11056105610561057
2 0.7795547309833024 0.6164521452145214 0.08999999999999998 0.12387788778877896
2 0.1813543599257885 0.9579207920792079 0.14192949907235622 0.08415841584158416
2 0.3738033395176253 0.36343234323432344 0.031679035250463804 0.042755775577557796
2 0.2847495361781076 0.3588448844884488 0.028228200371057468 0.039917491749174916
2 0.38930426716141 0.32745874587458745 0.01995361781076066 0.03037953795379542
2 0.46329313543599254 0.2862046204620462 0.01582560296846006 0.025264026402640267