2 0.4329296875 0.5315833333333333 0.0310234375 0.04870833333333333
2 0.3196953125 0.5981805555555556 0.0443828125 0.049277777777777775
2 0.5984453125 0.5923472222222222 0.0466484375 0.06116666666666667
2 0.4036328125 0.4745 0.0298046875 0.03998611111111111
2 0.5398828124999999 0.43895833333333334 0.0207265625 0.031125
3 0.60853125 0.4205972222222222 0.0425390625 0.0761388888888889
2 0.36071875000000003 0.4708055555555556 0.0251171875 0.031625
2 0.4552578125 0.4509861111111111 0.0212890625 0.026555555555555558
2 0.8515625 0.7347222222222223 0.096875 0.11944444444444445
2 0.29453125 0.9625 0.1171875 0.075
2 0.6994687500000001 0.6481388888888889 0.052945312499999994 0.09554166666666668
2 0.1948125 0.6507638888888889 0.07640625 0.07418055555555556
2 0.4122734375 0.4435 0.019664062500000003 0.021944444444444447
2 0.39409375 0.4247916666666667 0.014859375 0.024388888888888887