2 0.538243006993007 0.5856853582554516 0.037578671328671334 0.04771028037383177
2 0.3815734265734266 0.5907476635514018 0.03754370629370633 0.058738317757009405
2 0.5929545454545455 0.5633644859813084 0.03729895104895111 0.05903426791277255
2 0.3500262237762238 0.5088940809968847 0.032980769230769244 0.03880062305295945
2 0.2677534965034965 0.6497819314641745 0.059038461538461505 0.06010903426791282
2 0.42512237762237765 0.4507320872274143 0.019204545454545478 0.025669781931464204
2 0.4003409090909091 0.5108878504672897 0.02937937062937064 0.0452180685358255
2 0.20988636363636365 0.6195171339563863 0.055987762237762195 0.0730529595015576
2 0.38008741258741263 0.4598753894080997 0.022211538461538435 0.029408099688473514
2 0.561923076923077 0.43940809968847355 0.020926573426573475 0.03214953271028035
2 0.33870629370629374 0.4657165109034268 0.02192307692307696 0.028831775700934564
2 0.6695804195804196 0.9369158878504673 0.12062937062937062 0.1261682242990654
3 0.8422202797202797 0.793613707165109 0.3155594405594406 0.4127725856697819
2 0.3436451048951049 0.7125856697819315 0.05458916083916088 0.08806853582554511
2 0.2839248251748252 0.5232710280373831 0.04515734265734263 0.06403426791277261
2 0.5025524475524475 0.4604672897196262 0.020734265734265758 0.03202492211837998
2 0.5264860139860139 0.42791277258566984 0.01649475524475515 0.01886292834890968