2 0.4567421875 0.3965 0.029367187500000003 0.03297222222222222
2 0.9063515625 0.35888888888888887 0.026242187500000003 0.024708333333333332
2 0.4449296875 0.4478611111111111 0.038890625 0.04863888888888889
2 0.47953124999999996 0.34781944444444446 0.027390625000000002 0.03259722222222222
2 0.5227109375000001 0.34252777777777776 0.0251953125 0.029111111111111112
2 0.4201015625 0.3692083333333333 0.028164062499999996 0.025541666666666667
2 0.45462499999999995 0.32772222222222225 0.020828125 0.029361111111111112
2 0.42863281249999996 0.3465138888888889 0.024609375 0.021722222222222223
2 0.545796875 0.2817361111111111 0.019898437499999998 0.01584722222222222
2 0.5010078124999999 0.3120138888888889 0.0176484375 0.01983333333333333
2 0.4528359375 0.74875 0.097109375 0.157625