2 0.2850771869639794 0.5340366972477064 0.041089193825042857 0.05738532110091739
2 0.4243138936535163 0.5508409785932722 0.041535162950257346 0.06131498470948016
2 0.6931903945111492 0.49678899082568806 0.03450257289879933 0.050443425076452615
2 0.3617152658662093 0.5076758409785932 0.03815608919382505 0.054067278287461794
2 0.5661406518010291 0.45386850152905195 0.03029159519725552 0.047186544342507665
2 0.4440308747855918 0.47385321100917427 0.029596912521440817 0.04152905198776754
2 0.47781303602058317 0.383440366972477 0.018276157804459646 0.02145259938837916
2 0.37575471698113205 0.41831804281345564 0.024922813036020536 0.034113149847094716
1 0.422590051457976 0.35357798165137616 0.03319039451114927 0.05674311926605507
2 0.5743053173241852 0.3915137614678899 0.01809605488850764 0.026834862385321033
2 0.6254888507718697 0.4185321100917432 0.023078902229845696 0.03253822629969415
2 0.8741166380789023 0.6988990825688073 0.1071355060034306 0.1340672782874617
2 0.8040651801029159 0.7714373088685015 0.10095197255574617 0.15059633027522937
2 0.6238164665523156 0.6579051987767583 0.05597770154373927 0.10209480122324156
2 0.6090394511149227 0.39227828746177373 0.017975986277873102 0.02681957186544337
2 0.5448456260720411 0.37117737003058104 0.016140651801029107 0.025825688073394474
2 0.10442538593481988 0.7470183486238532 0.12344768439108061 0.10870030581039743
2 0.38593481989708406 0.7168195718654434 0.07527444253859347 0.11004587155963307
2 0.2762864493996569 0.6575840978593273 0.07236706689536877 0.0836850152905199
0 0.40816466552315606 0.49252293577981654 0.012710120068610678 0.048990825688073336
2 0.33791595197255575 0.46434250764525997 0.028173241852487155 0.042874617737003004
2 0.45987135506003435 0.40247706422018353 0.017864493996569406 0.02571865443425084
2 0.43462264150943397 0.3957492354740061 0.01752144082332767 0.0281804281345565
2 0.4021526586620926 0.3972782874617737 0.016492281303602075 0.02633027522935784