2 0.4239296875 0.5557361111111111 0.0369609375 0.052611111111111115
2 0.567578125 0.50525 0.033171875 0.04688888888888888
2 0.7088984375 0.5680972222222221 0.0609453125 0.07766666666666668
2 0.464625 0.4179305555555556 0.020179687499999998 0.025527777777777778
2 0.594859375 0.4719305555555556 0.025460937500000003 0.035625
2 0.5935234375 0.4261388888888889 0.016078125 0.022402777777777775
2 0.3674921875 0.754638888888889 0.07717968750000001 0.12454166666666668
2 0.3401796875 0.5108333333333334 0.10330468749999999 0.168875
2 0.4161796875 0.4433888888888889 0.024484375 0.027208333333333334
2 0.43134375 0.4156944444444445 0.024203125 0.027208333333333334
2 0.449984375 0.39590277777777777 0.0175234375 0.017305555555555557
2 0.5317734375 0.40308333333333335 0.0164140625 0.027694444444444445
2 0.552640625 0.398875 0.013632812499999999 0.02225
2 0.5744765625 0.3907083333333333 0.0150234375 0.015819444444444445