2 0.41608490566037737 0.3559776536312849 0.03153301886792445 0.05410614525139666
2 0.35627358490566036 0.47833798882681566 0.05679245283018869 0.06613128491620116
2 0.8592452830188679 0.3389245810055866 0.025220125786163464 0.024050279329608897
2 0.9472091194968553 0.39001396648044695 0.03849842767295582 0.031466480446927333
2 0.43937106918238994 0.5290782122905028 0.05866352201257871 0.07670391061452508
2 0.9893867924528302 0.39106145251396646 0.02122641509433962 0.025139664804469275
2 0.4623349056603774 0.32241620111731845 0.01768867924528302 0.017597765363128525
2 0.8186556603773585 0.32100558659217876 0.0177751572327045 0.018617318435754166
2 0.7948899371069182 0.319036312849162 0.022547169811320805 0.022402234636871538
2 0.4548034591194968 0.45628491620111733 0.04007861635220127 0.05835195530726253
2 0.488875786163522 0.3294134078212291 0.023372641509433977 0.02255586592178768
2 0.5176415094339623 0.3822346368715084 0.031422955974842785 0.036494413407821225
2 0.5420283018867925 0.3104050279329609 0.017106918238993702 0.017248603351955338
2 0.28018081761006286 0.7100837988826816 0.09624213836477984 0.12134078212290503