2 0.5815771812080537 0.46213432835820895 0.028070469798657748 0.03834328358208963
2 0.46 0.47617910447761197 0.029102348993288635 0.04055223880597009
2 0.5991275167785235 0.41176119402985073 0.018867449664429537 0.026970149253731417
2 0.6074161073825503 0.5328059701492538 0.03625000000000003 0.05486567164179103
2 0.23551174496644298 0.6024029850746269 0.05774328859060406 0.05674626865671639
2 0.6360989932885907 0.41311940298507466 0.021426174496644263 0.0268208955223881
2 0.6167114093959731 0.39171641791044776 0.013741610738255125 0.01928358208955218
2 0.3931459731543624 0.5044029850746269 0.04478187919463087 0.06697014925373135
3 0.415008389261745 0.3898059701492538 0.04603187919463088 0.07822388059701488
2 0.6281040268456376 0.4629253731343284 0.025234899328859 0.03585074626865669
2 0.8180620805369128 0.6497910447761194 0.07153523489932885 0.10562686567164177
1 0.3346308724832215 0.49208955223880596 0.038884228187919485 0.06661194029850745
2 0.4810486577181208 0.44389552238805974 0.024924496644295333 0.03244776119402987
2 0.8094546979865772 0.7857761194029851 0.10250000000000005 0.15937313432835817
2 0.41120805369127517 0.6606119402985074 0.0663758389261745 0.08889552238805962
2 0.0587248322147651 0.8544776119402985 0.1174496644295302 0.1626865671641791
2 0.2504446308724832 0.7559850746268657 0.10212248322147653 0.15459701492537303
2 0.30830536912751677 0.9738805970149254 0.1266778523489933 0.05223880597014925
2 0.4290352348993288 0.4543582089552239 0.02494966442953021 0.029597014925373196
2 0.3855620805369127 0.4547014925373134 0.030998322147651046 0.03161194029850739
2 0.5632046979865772 0.3931492537313433 0.015796979865771752 0.027507462686567088
2 0.4482802013422819 0.42362686567164176 0.023187919463087334 0.023910447761194