2 0.40421006944444443 0.49558641975308637 0.05842013888888885 0.06712962962962964
2 0.5788454861111111 0.3639814814814815 0.03394965277777789 0.035324074074074056
2 0.5055295138888889 0.4927932098765432 0.06839409722222219 0.0850308641975309
2 0.025703124999999914 0.35876543209876544 0.040486111111111 0.03716049382716047
2 0.4395138888888889 0.37799382716049384 0.040182291666666634 0.04496913580246911
2 0.49890625 0.35628086419753086 0.03638020833333341 0.03986111111111108
2 0.006076388888888889 0.33564814814814814 0.012152777777777778 0.029320987654320986
2 0.11090277777777777 0.30049382716049383 0.02624131944444446 0.023811728395061738
2 0.059175347222222285 0.3293364197530865 0.029427083333333413 0.023148148148148147
2 0.5247222222222222 0.30993827160493825 0.024522569444444444 0.022253086419753113
2 0.4720052083333333 0.29791666666666666 0.023845486111111133 0.025030864197530905
2 0.5431076388888889 0.33754629629629634 0.030807291666666674 0.03302469135802465
2 0.13169270833333335 0.27521604938271604 0.017170138888888867 0.02233024691358029
2 0.44007812500000004 0.2690277777777778 0.0207725694444445 0.022083333333333337
2 0.2682291666666667 0.9189814814814815 0.16145833333333334 0.16203703703703703
2 0.7821180555555556 0.9606481481481481 0.1579861111111111 0.0787037037037037
2 0.4849739583333334 0.317716049382716 0.027126736111111112 0.038919753086419796