2 0.46167968750000005 0.3904861111111111 0.029953125000000004 0.033416666666666664
2 0.3919765625 0.4154305555555556 0.034765625 0.03783333333333333
2 0.516734375 0.35668055555555556 0.025171875 0.029375
2 0.43830468749999996 0.342875 0.0194609375 0.021333333333333333
2 0.5468828125 0.5412222222222223 0.06415625 0.08650000000000001
2 0.42202343750000004 0.5214027777777778 0.0562109375 0.07284722222222223
2 0.36296093749999997 0.46809722222222216 0.0436640625 0.04581944444444445
2 0.5190078125 0.4376388888888889 0.04378125 0.04536111111111111
2 0.47715625 0.3514583333333334 0.021609375 0.022569444444444444
2 0.7878359374999999 0.305875 0.0177265625 0.01940277777777778
2 0.036789062500000004 0.2411111111111111 0.039015625 0.021041666666666667
2 0.5278046875 0.3151527777777778 0.01990625 0.021513888888888888
2 0.42553124999999997 0.6724166666666667 0.097375 0.13077777777777777
2 0.5520234375 0.29034722222222226 0.013046875 0.01711111111111111
2 0.63984375 0.7847222222222222 0.1078125 0.175
2 0.2359375 0.8875 0.121875 0.18611111111111112