2 0.554234375 0.5804722222222222 0.0690546875 0.08472222222222223
2 0.9330859374999999 0.3841666666666667 0.0348203125 0.030847222222222224
2 0.9602265624999999 0.4131666666666667 0.043375000000000004 0.03216666666666667
2 0.522359375 0.3340972222222222 0.0192578125 0.01976388888888889
2 0.36224218750000003 0.47584722222222225 0.042796875 0.05316666666666667
2 0.454984375 0.4315833333333333 0.041515625 0.05533333333333334
2 0.450953125 0.5157638888888889 0.051468749999999994 0.060875
2 0.47540625 0.3638333333333333 0.025437500000000002 0.025236111111111112
2 0.8234296875 0.3348055555555556 0.029898437500000003 0.029222222222222222
2 0.44633593749999995 0.342 0.0228515625 0.01609722222222222
2 0.5165234375 0.39737500000000003 0.0356875 0.050791666666666666
2 0.42400000000000004 0.36483333333333334 0.025296875000000003 0.022680555555555554
2 0.46659375000000003 0.3161388888888889 0.017421875 0.016805555555555556
2 0.5002734375 0.31675 0.0164375 0.014513888888888889
2 0.45703125 0.9263888888888889 0.1390625 0.1361111111111111