2 0.6000564516129032 0.37679083094555876 0.02710483870967734 0.03363896848137538
2 0.6235887096774193 0.401461318051576 0.036040322580645205 0.04157593123209166
2 0.11360483870967733 0.33537249283667625 0.025903225806451526 0.025773638968481387
2 0.47641129032258067 0.30230659025787965 0.018709677419354875 0.024040114613180476
2 0.6883790322580644 0.5808022922636102 0.07584677419354835 0.06683381088825212
2 0.5578387096774193 0.3133381088825215 0.018580645161290293 0.018266475644699142
2 0.1938145161290322 0.32892550143266475 0.022935483870967787 0.02404011461318056
2 0.007661290322580645 0.3667621776504298 0.01532258064516129 0.054441260744985676
0 0.6451612903225806 0.48998567335243554 0.026717741935483957 0.03412607449856741
2 0.19509677419354846 0.29782234957020054 0.01962903225806445 0.019469914040114576
2 0.5269516129032258 0.2925214899713467 0.017927419354838724 0.01726361031518626
2 0.5209758064516129 0.3203295128939828 0.02273387096774198 0.022679083094555852
2 0.2144274193548387 0.29883954154727793 0.0178548387096775 0.01810888252148995
2 0.4969677419354839 0.29074498567335244 0.02091935483870972 0.027320916905444116
2 0.37166935483870966 0.7682808022922636 0.11105645161290326 0.13045845272206297
2 0.5651129032258064 0.878868194842407 0.12537903225806454 0.21796561604584508