2 0.371953125 0.6232561728395062 0.05199652777777776 0.055648148148148065
2 0.6612586805555556 0.5629166666666666 0.040572916666666674 0.05618827160493822
2 0.23555555555555557 0.5933950617283951 0.04885416666666664 0.05296296296296304
2 0.40443576388888886 0.5113888888888889 0.026102430555555597 0.039135802469135825
2 0.3346267361111111 0.5685648148148148 0.03728298611111115 0.054212962962962956
2 0.5294878472222222 0.5070370370370371 0.026006944444444475 0.04382716049382712
2 0.3647916666666667 0.5127777777777778 0.024592013888888924 0.03574074074074069
2 0.5099131944444444 0.4460802469135802 0.019965277777777776 0.027114197530864276
2 0.5545833333333333 0.465216049382716 0.02016493055555557 0.02529320987654319
2 0.2930815972222222 0.5349074074074074 0.03799479166666665 0.04294753086419759
2 0.5869791666666667 0.4629938271604938 0.018906249999999975 0.02714506172839511
2 0.7800347222222223 0.8699845679012346 0.1103038194444444 0.16643518518518505
2 0.79671875 0.7381481481481481 0.07693576388888879 0.11699074074074083
2 0.22948784722222224 0.746141975308642 0.07752604166666661 0.0962654320987656
2 0.5666493055555555 0.44109567901234564 0.019045138888888938 0.022438271604938217
2 0.38311631944444446 0.47760802469135805 0.022170138888888857 0.03012345679012343
2 0.3449479166666667 0.4777932098765432 0.0223784722222222 0.03123456790123458
2 0.3567621527777778 0.4577160493827161 0.02258680555555554 0.023796296296296232
2 0.40058159722222225 0.44972222222222225 0.01694444444444443 0.022685185185185256
2 0.377265625 0.4398611111111111 0.015477430555555591 0.02527777777777777
2 0.43644965277777775 0.4474845679012346 0.015060763888888908 0.02342592592592585