2 0.7203818181818182 0.41648867313915855 0.056772727272727315 0.06669902912621363
2 0.5199363636363636 0.37915857605177994 0.0508363636363637 0.06587378640776696
2 0.5247545454545455 0.22441747572815535 0.027318181818181776 0.021537216828478967
2 0.6239272727272728 0.42527508090614885 0.06626363636363646 0.08085760517799358
2 0.6733818181818182 0.30393203883495146 0.035545454545454463 0.03917475728155336
2 0.04793636363636365 0.26907766990291265 0.036554545454545485 0.03174757281553399
3 0.019090909090909092 0.2977346278317152 0.038181818181818185 0.05501618122977346
2 0.5278272727272727 0.26425566343042073 0.028527272727272828 0.03101941747572818
2 0.6167818181818182 0.3472977346278317 0.043554545454545325 0.055679611650485385
2 0.5818 0.25542071197411004 0.029172727272727406 0.021472491909385084
3 0.19731818181818178 0.20166666666666666 0.03114545454545454 0.03677993527508094
2 0.14609090909090913 0.22859223300970877 0.026863636363636322 0.02559870550161811
2 0.11547272727272725 0.2505339805825243 0.028372727272727306 0.027669902912621395
2 0.24263636363636362 0.19684466019417476 0.021636363636363596 0.028284789644012976
2 0.5772818181818181 0.225 0.02181818181818182 0.02249190938511323
2 0.1857545454545454 0.23444983818770224 0.0300272727272727 0.024546925566343067
2 0.4916454545454545 0.1772653721682848 0.02181818181818182 0.015954692556634325
2 0.5346909090909091 0.19472491909385115 0.019418181818181727 0.01775080906148867