2 0.44420312500000003 0.47815277777777776 0.0472578125 0.05523611111111112
2 0.4226640625 0.36606944444444445 0.026742187499999997 0.030694444444444448
2 0.8353984375 0.3471388888888889 0.0290546875 0.02225
2 0.5227734374999999 0.4462777777777778 0.037109375 0.04638888888888889
2 0.8999921875 0.3574583333333333 0.027421875000000002 0.024347222222222225
2 0.4468828125 0.4134305555555556 0.035515625 0.037736111111111116
2 0.48103125 0.343375 0.020859375 0.024625
2 0.86090625 0.34447222222222224 0.022109375 0.01926388888888889
2 0.46180468750000003 0.37947222222222227 0.0283203125 0.036041666666666666
2 0.43975 0.3414861111111111 0.0205625 0.019194444444444445
2 0.5240078125000001 0.29943055555555553 0.013648437499999999 0.011833333333333333
2 0.7998828125 0.3230138888888889 0.026726562500000002 0.027083333333333334
2 0.544171875 0.28252777777777777 0.0171484375 0.015652777777777776
2 0.60009375 0.6962083333333333 0.087609375 0.11634722222222221
2 0.22483593750000003 0.8679166666666667 0.10978125000000001 0.15951388888888887
2 0.4964765625 0.323375 0.014976562500000002 0.018069444444444444
2 0.478953125 0.3012638888888889 0.013640625 0.01663888888888889