2 0.44110845295055817 0.5422443181818182 0.0316666666666667 0.04981534090909098
2 0.32552631578947366 0.6103551136363636 0.04530303030303035 0.050397727272727295
2 0.6100558213716109 0.6043892045454545 0.04761562998405106 0.06255681818181813
2 0.4112041467304625 0.48386363636363633 0.030422647527910757 0.040894886363636314
2 0.5502791068580541 0.44751420454545454 0.021156299840510345 0.03183238636363632
3 0.6203508771929824 0.42873579545454543 0.043421052631578985 0.07786931818181825
2 0.3674003189792664 0.4800852272727273 0.025637958532695355 0.03234374999999998
2 0.4638995215311005 0.4598153409090909 0.021730462519936204 0.027159090909090914
2 0.868421052631579 0.75 0.09888357256778309 0.12215909090909091
2 0.29984051036682613 0.9723011363636364 0.11961722488038277 0.05539772727272727
2 0.7131738437001596 0.6614488636363637 0.05404306220095692 0.09771306818181813
2 0.19805422647527912 0.6641335227272728 0.07799043062200953 0.07586647727272723
2 0.42002392344497613 0.4521590909090909 0.02007177033492829 0.022443181818181755
2 0.4014673046251994 0.4330255681818182 0.01516746411483252 0.02494318181818174