2 0.35469531249999997 0.5482777777777778 0.0376328125 0.05166666666666667
2 0.381828125 0.5010833333333333 0.033195312500000004 0.04088888888888889
2 0.417171875 0.5729305555555555 0.039078125000000005 0.06193055555555556
2 0.5759296875000001 0.5419722222222223 0.035125 0.05598611111111111
2 0.6409609374999999 0.4755972222222222 0.0238828125 0.03755555555555556
2 0.41295312500000003 0.45908333333333334 0.0248671875 0.030805555555555555
2 0.3717421875 0.6082222222222222 0.0453984375 0.034749999999999996
2 0.5442890625000001 0.43926388888888884 0.01896875 0.029430555555555557
2 0.4579375 0.43122222222222223 0.02034375 0.02779166666666667
2 0.43250781250000003 0.5051527777777778 0.0336484375 0.05134722222222222
2 0.3484453125 0.4797083333333333 0.0295703125 0.035986111111111115
2 0.5980078125 0.4814583333333333 0.026937499999999996 0.034583333333333334
2 0.3351953125 0.8607361111111111 0.09246875 0.15068055555555554
2 0.19328125000000002 0.8207916666666667 0.1194375 0.13470833333333332
2 0.052015624999999996 0.8732916666666667 0.098890625 0.14383333333333334
3 0.22340624999999997 0.5622083333333333 0.177859375 0.24215277777777777
2 0.5814296875 0.40373611111111113 0.0133203125 0.02113888888888889
2 0.4251953125 0.42973611111111115 0.0209296875 0.024097222222222225
2 0.41235156249999994 0.40987500000000004 0.0166484375 0.01648611111111111