2 0.7220156249999999 0.5791944444444445 0.051468749999999994 0.07070833333333333
2 0.42114062499999994 0.5669861111111112 0.038125 0.05390277777777778
2 0.38249218749999997 0.5041111111111111 0.0344921875 0.03854166666666667
2 0.649046875 0.5831527777777777 0.046125 0.06366666666666668
2 0.282390625 0.552625 0.039796874999999995 0.05268055555555556
3 0.3540234375 0.43793055555555555 0.0618984375 0.10430555555555555
2 0.340328125 0.5776944444444444 0.0479765625 0.05519444444444445
2 0.38468749999999996 0.6089861111111111 0.0406328125 0.030944444444444445
2 0.566671875 0.42481944444444447 0.0180859375 0.022263888888888892
2 0.452359375 0.4413888888888889 0.023265625 0.02770833333333333
2 0.4662265625 0.41475 0.0163359375 0.017736111111111112
2 0.547265625 0.4567777777777778 0.0224921875 0.033875
2 0.592734375 0.42163888888888884 0.015515625 0.019180555555555555
2 0.632890625 0.7026666666666667 0.0712421875 0.10756944444444445
2 0.242515625 0.7260972222222222 0.108328125 0.14747222222222223
2 0.1454140625 0.6905277777777777 0.1132109375 0.1318611111111111
2 0.42679687499999996 0.4324305555555556 0.0215 0.026930555555555555