2 0.9315625000000001 0.40602777777777777 0.04821875 0.04106944444444444
2 0.2970546875 0.6298194444444445 0.082484375 0.12011111111111111
2 0.362 0.5009861111111111 0.053679687499999997 0.06715277777777778
2 0.376 0.4419166666666667 0.042249999999999996 0.04618055555555556
2 0.41332812499999994 0.37675 0.027914062499999996 0.02816666666666667
2 0.8819140624999999 0.3652916666666667 0.0319296875 0.030458333333333334
2 0.827109375 0.3573333333333333 0.028468749999999998 0.022041666666666664
2 0.47246875 0.35877777777777775 0.0321328125 0.03348611111111111
2 0.973859375 0.39126388888888886 0.049335937499999996 0.049569444444444444
2 0.44973437499999996 0.33068055555555553 0.0221484375 0.024694444444444446
2 0.47459375000000004 0.30404166666666665 0.0228515625 0.029319444444444443
2 0.8272265624999999 0.34876388888888893 0.031953125 0.044486111111111115
2 0.7963671875 0.322625 0.0204375 0.024694444444444446
2 0.515578125 0.3046527777777778 0.0178515625 0.020166666666666666
2 0.4578125 0.7652777777777777 0.1125 0.18055555555555555
2 0.28125 0.8222222222222222 0.109375 0.13333333333333333
0 0.507890625 0.363375 0.014585937500000002 0.029736111111111112