2 0.3813984375 0.4943194444444445 0.032453125 0.042124999999999996
1 0.5657109375 0.5178472222222222 0.0366953125 0.06101388888888889
2 0.42072656249999996 0.5439861111111112 0.033187499999999995 0.051625000000000004
2 0.6395859374999999 0.541625 0.03915625 0.05301388888888889
1 0.267359375 0.5466527777777778 0.067640625 0.10790277777777778
2 0.30359375 0.6298888888888888 0.056874999999999995 0.059458333333333335
2 0.4376875 0.49993055555555554 0.027875 0.04125
2 0.3939609375 0.6089027777777778 0.0425078125 0.034861111111111114
2 0.5622734375 0.4201944444444445 0.017609375 0.021180555555555557
2 0.44289843749999996 0.46323611111111107 0.0234609375 0.028791666666666667
1 0.385765625 0.43076388888888884 0.03440625 0.06859722222222223
2 0.42786718749999997 0.4262777777777778 0.0206875 0.024333333333333332
2 0.32684375 0.9064027777777778 0.11173437500000001 0.16895833333333335
2 0.1149375 0.9383611111111111 0.12457031249999999 0.12327777777777779
2 0.593734375 0.41831944444444447 0.0169140625 0.025666666666666667
2 0.40485156250000004 0.3986805555555556 0.030656250000000003 0.049916666666666665
2 0.4602421875 0.4263888888888889 0.0188046875 0.029305555555555557