2 0.05732600732600724 0.35723127035830615 0.05652014652014644 0.04815960912052116
2 0.8010714285714285 0.6196579804560262 0.09668498168498162 0.14084690553745932
2 0.7249450549450549 0.4685830618892508 0.06292124542124546 0.07874592833876225
2 0.7085347985347985 0.3993159609120521 0.049523809523809456 0.05415309446254072
2 0.6647802197802198 0.3228990228013029 0.03271978021978024 0.033029315960912006
2 0.11552197802197811 0.3094625407166124 0.037426739926739824 0.035716612377850177
2 0.17976190476190473 0.3001302931596091 0.03336996336996342 0.025846905537459292
2 0.5954578754578754 0.30182410423452766 0.037664835164835264 0.03926710097719872
2 0.018772893772893772 0.33876221498371334 0.037545787545787544 0.05863192182410423
2 0.6221062271062271 0.2688762214983713 0.025961538461538588 0.028957654723127085
2 0.5929670329670329 0.2376384364820847 0.026785714285714284 0.0343811074918567
2 0.1796245421245422 0.2900814332247557 0.037454212454212536 0.052166123778501584
2 0.21579670329670328 0.2594299674267101 0.023956043956044032 0.028957654723127085
2 0.5449267399267399 0.23835504885993483 0.02092490842490834 0.023648208469055344
2 0.6126373626373627 0.7785016286644951 0.13186813186813187 0.21172638436482086
2 0.8195970695970696 0.8452768729641694 0.1282051282051282 0.1563517915309446
0 0.553937728937729 0.30721498371335504 0.017097069597069456 0.03486970684039092