2 0.355953125 0.4750138888888889 0.0410859375 0.05052777777777778
2 0.3890703125 0.4180416666666667 0.037617187499999996 0.04025
2 0.518359375 0.3883888888888889 0.0310078125 0.03451388888888889
2 0.5270390625 0.3395416666666667 0.0218984375 0.01647222222222222
2 0.45414843749999995 0.32475 0.019296874999999998 0.01538888888888889
2 0.8973437499999999 0.35306944444444444 0.0321171875 0.03168055555555555
2 0.47575781250000004 0.3500972222222222 0.027328124999999998 0.03104166666666667
2 0.8503359375 0.33255555555555555 0.02578125 0.02783333333333333
2 0.9623125 0.38619444444444445 0.035078125 0.034847222222222224
2 0.3024921875 0.6048888888888888 0.0667109375 0.041152777777777774
2 0.8076171875 0.3168194444444445 0.016953125 0.019305555555555555
2 0.8239218749999999 0.32325000000000004 0.0195546875 0.021041666666666667
2 0.49994531249999996 0.3168888888888889 0.01584375 0.016180555555555556
2 0.534453125 0.3110555555555556 0.018312500000000002 0.01959722222222222
2 0.788734375 0.3205555555555556 0.017085937500000002 0.017527777777777778
2 0.5953203125 0.6697083333333333 0.0897890625 0.11451388888888889
2 0.4572265625 0.6775138888888889 0.0771015625 0.11970833333333333
2 0.454296875 0.9632361111111111 0.1473671875 0.07351388888888889
0 0.5328593749999999 0.4701805555555555 0.019515625 0.06593055555555555