2 0.6099061433447098 0.50290273556231 0.03544368600682591 0.04609422492401222
1 0.4086092150170648 0.5286474164133739 0.040076791808873746 0.06676291793313062
2 0.5669539249146758 0.5572492401215806 0.03624573378839592 0.056489361702127594
2 0.3279266211604096 0.5546656534954407 0.04276450511945383 0.05800911854103337
1 0.7344539249146758 0.5601671732522796 0.0738737201365187 0.11806990881458958
2 0.6948805460750853 0.6512462006079027 0.06211604095563136 0.06506079027355614
2 0.5484300341296928 0.5090425531914894 0.030443686006825992 0.04513677811550159
2 0.5961860068259386 0.6282826747720365 0.046424914675767794 0.03814589665653499
2 0.4123634812286689 0.42179331306990886 0.019232081911262768 0.02317629179331307
2 0.5427389078498294 0.4688905775075987 0.02562286689419793 0.03150455927051674
1 0.6051365187713311 0.4333586626139817 0.03757679180887369 0.07506079027355621
2 0.5591552901023891 0.4284498480243161 0.022593856655290116 0.026626139817629152
2 0.6702218430034129 0.9300911854103343 0.1220136518771331 0.1398176291793313
2 0.9014505119453925 0.9604863221884499 0.1356655290102389 0.0790273556231003
2 0.37800341296928325 0.419741641337386 0.018472696245733868 0.02808510638297875
2 0.5842918088737201 0.3982522796352584 0.03348122866894199 0.05462006079027347
2 0.523796928327645 0.42857142857142855 0.020537542662115986 0.03206686930091189