2 0.4538644366197183 0.3228213166144201 0.023371478873239395 0.024576802507837
2 0.6121390845070422 0.5891849529780564 0.07632922535211271 0.07982758620689648
2 0.42087147887323945 0.35956112852664573 0.03236795774647886 0.03548589341692788
2 0.5533890845070423 0.3996865203761755 0.03646126760563387 0.04300940438871482
2 0.4808978873239436 0.39869905956112855 0.04410211267605626 0.049655172413793025
2 0.5512147887323943 0.3430564263322884 0.025765845070422518 0.032178683385579894
2 0.32605633802816897 0.5481504702194357 0.09092429577464786 0.1505015673981191
2 0.4768045774647887 0.29968652037617555 0.02135563380281689 0.02100313479623821
2 0.8992165492957747 0.2982131661442006 0.024322183098591646 0.020548589341692812
2 0.5668926056338028 0.284576802507837 0.020105633802816828 0.021974921630094017
2 0.5381866197183098 0.2704388714733542 0.02614436619718314 0.022194357366771198
2 0.49304577464788735 0.35454545454545455 0.03559859154929582 0.025595611285266433
2 0.8549647887323943 0.2916300940438872 0.021038732394366277 0.018667711598746122
2 0.6769366197183099 0.8213166144200627 0.13204225352112675 0.18181818181818182