2 0.9422727272727273 0.8972491909385113 0.11545454545454545 0.20550161812297735
2 0.7745342312008978 0.612429581685245 0.10437710437710435 0.15382156698230043
2 0.9640909090909091 0.5283171521035599 0.07181818181818182 0.12135922330097088
2 0.9249270482603817 0.3884893523512725 0.07519640852974176 0.07591194214710933
2 0.6917620650953985 0.4244476407367454 0.07014590347923683 0.09788645171600933
2 0.7554545454545456 0.3989771864637021 0.06285072951739618 0.07291541811498652
2 0.8205499438832774 0.3725078908466179 0.07070707070707076 0.08190499021135479
2 0.8286868686868688 0.31407567222022453 0.05892255892255889 0.05893163929841383
2 0.7273961840628508 0.28510927324303803 0.04938271604938274 0.05493627392225022
2 0.6704377104377105 0.28860521794718125 0.04994388327721646 0.05793279795437286
2 0.6224579124579126 0.3170721962523473 0.04489337822671153 0.05493627392225022
2 0.7408641975308643 0.2556434535938311 0.042648709315376024 0.041951336449718324
2 0.7149429657794677 0.23140389087821625 0.03249222260629102 0.03630009721042987
2 0.5887763567231248 0.25232259096558257 0.03249222260629102 0.04614419136919037
2 0.6314656066367094 0.24155561297943814 0.03214656066367091 0.04060688840488759
2 0.645464915312824 0.20863942313608233 0.02419633598340831 0.03014753836120438
2 0.6826235741444868 0.20525551576900833 0.028689941237469777 0.02707125893659173
2 0.5765053577601107 0.21356147021546257 0.025924645696508875 0.03014753836120438
2 0.5675181472519876 0.17726137300503278 0.02039405461458707 0.03137805013104954
2 0.598282060145178 0.17664611712011025 0.01901140684410662 0.022764467742133965
2 0.6102073971655722 0.20248686428685692 0.027652955409609437 0.02768651482151426
2 0.5904545454545455 0.8737864077669902 0.12636363636363637 0.2524271844660194
2 0.3730681818181818 0.848705501618123 0.10681818181818181 0.24676375404530745
2 0.13644628099173556 0.6712494625115983 0.13032422123331214 0.19462737909339858
2 0.07573426573426574 0.5660148912576096 0.11570247933884295 0.11768167107972936
2 0.31349650349650354 0.5761988820241248 0.07755880483153212 0.14483897979043625
2 0.4215702479338843 0.5173580464842601 0.05594405594405595 0.11315545296127828
2 0.5372727272727272 0.5117002738361962 0.06484424666242851 0.11541856202050382
2 0.2518308963763509 0.5003847285400683 0.06993006993006991 0.08373503519134584
2 0.5064411557434813 0.32755073881739044 0.03347427766032421 0.056446150372544635
2 0.44653981677237486 0.37176688994255036 0.03981677237491195 0.06836255989563743
2 0.3695489781536293 0.40218509319886603 0.04510218463706823 0.0740071749328919
3 0.3041860465116279 0.37051253104538273 0.0630725863284003 0.1147738390908407
2 0.3947427766032417 0.3241012518501794 0.03558844256518672 0.057073329821128414
2 0.45147286821705424 0.30528586839266453 0.03276955602536997 0.06083640651263136
2 0.46310077519379844 0.26859587065051055 0.027131782945736465 0.04264820250370041
2 0.4116560958421424 0.2610697172675046 0.034178999295278345 0.05142871478387395
2 0.33466525722339674 0.31845663681292496 0.04157857646229745 0.06710820099846969
2 0.3549260042283298 0.28552971576227393 0.03558844256518672 0.05142871478387395
2 0.5053066456320252 0.23151092671763224 0.021297574442910652 0.03474927868921509
2 0.4733602839676592 0.22905390701233422 0.021297574442910652 0.03334526742904481
2 0.42790573851311375 0.23765347598087735 0.025438769473476605 0.040716326544938904
2 0.37022480773023075 0.2620481716263364 0.0283967659238808 0.03825930683964084