2 0.7795008912655972 0.5432698412698412 0.04270053475935836 0.059571428571428525
2 0.6348039215686274 0.5607142857142857 0.04316399286987508 0.06365079365079368
2 0.35538324420677364 0.5046031746031746 0.03585561497326205 0.05236507936507938
2 0.6998573975044563 0.5159047619047619 0.039652406417112304 0.05612698412698415
2 0.48741532976827096 0.46004761904761904 0.03147950089126554 0.048984126984127005
2 0.614313725490196 0.4807936507936508 0.03075757575757575 0.04311111111111106
2 0.5792067736185383 0.3869365079365079 0.01899286987522277 0.022269841269841228
2 0.6852673796791444 0.4231428571428571 0.025900178253119382 0.035412698412698326
1 0.6365953654188948 0.35593650793650794 0.03449197860962571 0.058904761904761925
2 0.47893048128342247 0.39531746031746035 0.018805704099821664 0.027857142857142785
2 0.4257397504456328 0.4233650793650794 0.02398395721925141 0.03377777777777773
2 0.16736185383244204 0.7144126984126984 0.11133689839572199 0.1391746031746031
2 0.24016042780748667 0.7897142857142857 0.10491087344028524 0.15633333333333335
2 0.4274777183600713 0.6718571428571428 0.05817290552584669 0.10598412698412696
2 0.4428342245989305 0.39611111111111114 0.018680926916221065 0.027841269841269785
2 0.5095454545454545 0.3742063492063492 0.016773618538324365 0.026809523809523787
2 0.9518716577540107 0.7642857142857142 0.0962566844919786 0.1126984126984127
2 0.6746880570409982 0.733015873015873 0.07822638146167556 0.11423809523809528
2 0.7886363636363637 0.6715238095238095 0.07520499108734392 0.08687301587301591
0 0.6515864527629234 0.5001746031746032 0.013208556149732563 0.0508571428571428
2 0.724590017825312 0.4709206349206349 0.02927807486631008 0.04450793650793645
2 0.5978520499108734 0.4066984126984127 0.018565062388591735 0.026698412698412777
2 0.6240909090909091 0.3997142857142857 0.018208556149732474 0.029253968253968175
2 0.6578342245989305 0.40130158730158727 0.017139037433155098 0.027333333333333376