2 0.63196875 0.5345972222222223 0.0376328125 0.05420833333333334
2 0.7052734375 0.5537777777777778 0.0502734375 0.05958333333333333
2 0.34603125 0.5649444444444445 0.046578125 0.054625
2 0.5705390625 0.5394305555555555 0.036539062500000004 0.05434722222222223
2 0.420875 0.5247361111111111 0.0343828125 0.05523611111111112
2 0.4173828125 0.4567361111111111 0.0225234375 0.027208333333333334
2 0.3879140625 0.48783333333333334 0.029546875 0.043027777777777776
2 0.38403125 0.44251388888888893 0.02065625 0.022805555555555558
2 0.6017890625 0.43506944444444445 0.018320312499999998 0.02436111111111111
2 0.4434453125 0.4032361111111111 0.016 0.017486111111111112
2 0.5788593750000001 0.435 0.0221953125 0.027222222222222224
2 0.81015625 0.8402777777777778 0.1203125 0.20277777777777778
2 0.3934375 0.6902083333333333 0.0645234375 0.09625
2 0.33108593750000004 0.5048611111111111 0.035671875 0.043944444444444446
2 0.5398984375 0.4252222222222223 0.0212734375 0.02690277777777778
2 0.4581953125 0.44081944444444443 0.0193046875 0.028458333333333332
2 0.4233203125 0.42444444444444446 0.0197421875 0.022222222222222223
2 0.41432812500000005 0.403 0.012718750000000001 0.01988888888888889