2 0.5447147651006711 0.4319253731343283 0.04823825503355705 0.061179104477611955
2 0.6333473154362417 0.4340895522388059 0.04405201342281878 0.04941791044776121
2 0.5727768456375839 0.34628358208955223 0.04192114093959734 0.044611940298507444
2 0.5247063758389262 0.37191044776119403 0.03324664429530211 0.04011940298507462
2 0.500746644295302 0.29035820895522385 0.02138422818791947 0.021283582089552226
2 0.5605956375838926 0.3085373134328358 0.02777684563758381 0.028298507462686535
2 0.06560402684563763 0.31277611940298505 0.029068791946308802 0.025805970149253763
2 0.15296979865771806 0.27150746268656717 0.019488255033557063 0.019970149253731338
2 0.48150167785234904 0.2660149253731343 0.017726510067114187 0.016805970149253717
2 0.12526845637583886 0.3093134328358209 0.03174496644295305 0.04728358208955225
2 0.9036996644295302 0.1930298507462687 0.02546979865771823 0.014388059701492517
2 0.7109312080536914 0.6458358208955224 0.08594798657718125 0.1275522388059702
2 0.5474748322147651 0.7004328358208954 0.09764261744966451 0.14502985074626876