2 0.5410625 0.5065833333333334 0.0638515625 0.07733333333333334
2 0.46392187500000004 0.375625 0.033359375000000004 0.03758333333333333
2 0.3639765625 0.4673333333333334 0.05440625 0.06345833333333332
2 0.3485625 0.5343611111111112 0.058851562499999996 0.06693055555555555
2 0.4282421875 0.35908333333333337 0.028937499999999998 0.03083333333333333
2 0.40075781250000003 0.38143055555555555 0.0318984375 0.03231944444444444
2 0.506703125 0.3075555555555555 0.019609375000000002 0.02101388888888889
2 0.9846171874999999 0.40850000000000003 0.030179687500000003 0.03879166666666667
2 0.4032890625 0.4114583333333333 0.0328515625 0.037861111111111116
2 0.87915625 0.36601388888888886 0.0348125 0.03623611111111111
2 0.4663125 0.31902777777777774 0.018328125 0.01638888888888889
2 0.44994531249999997 0.49406944444444445 0.0540390625 0.06994444444444445
2 0.4886953125 0.3027638888888889 0.0187421875 0.019819444444444445
2 0.792890625 0.31068055555555557 0.0157109375 0.016680555555555556
2 0.515515625 0.2809861111111111 0.0179765625 0.019375
2 0.44375 0.925 0.125 0.15