2 0.4021961805555556 0.5031018518518519 0.034809027777777696 0.04787037037037034
2 0.6095920138888888 0.539074074074074 0.03651041666666662 0.05412037037037045
2 0.45253472222222224 0.5131635802469136 0.03291666666666673 0.052700617283950583
2 0.42874131944444444 0.45481481481481484 0.024878472222222295 0.027453703703703647
2 0.46780381944444444 0.46314814814814814 0.02873263888888881 0.034027777777777705
2 0.6858506944444445 0.5836111111111111 0.04174479166666659 0.05856481481481488
2 0.6134461805555556 0.45382716049382715 0.02620659722222227 0.03504629629629635
2 0.8162499999999999 0.6220987654320987 0.07451388888888902 0.059691358024691284
2 0.4023611111111111 0.4365277777777778 0.0200607638888888 0.024629629629629685
2 0.6491927083333333 0.5072376543209877 0.032369791666666634 0.04310185185185177
2 0.6280208333333334 0.4185185185185185 0.01956597222222219 0.023981481481481427
2 0.5597482638888889 0.43870370370370365 0.021605902777777866 0.029027777777777694
2 0.6704166666666667 0.4659876543209876 0.029470486111111152 0.03276234567901237
2 0.6935677083333334 0.4986728395061728 0.03590277777777789 0.043626543209876516
2 0.2668663194444444 0.7216666666666667 0.08424479166666662 0.11591049382716051
2 0.3756510416666667 0.7366512345679013 0.07325520833333342 0.1328395061728394
2 0.4382118055555556 0.3919444444444445 0.01268229166666658 0.01884259259259265
2 0.7517361111111112 0.9714506172839507 0.15104166666666666 0.05709876543209876
2 0.7790190972222223 0.7544598765432099 0.08712673611111102 0.10546296296296284
2 0.6437413194444443 0.4376851851851852 0.023038194444444413 0.024490740740740747
2 0.5930381944444444 0.4208179012345679 0.017387152777777755 0.027700617283950686