2 0.3668465430016864 0.5163813813813815 0.04061551433389551 0.05860360360360356
2 0.2877318718381113 0.5371171171171172 0.05425801011804377 0.06441441441441438
2 0.6754468802698145 0.5491891891891891 0.05026981450252942 0.05905405405405412
2 0.4331450252951096 0.5216066066066066 0.039435075885328824 0.058753753753753746
2 0.5946711635750421 0.5057207207207207 0.0371079258010118 0.059714714714714685
2 0.5984401349072512 0.43220720720720723 0.024308600337268067 0.02941441441441446
2 0.6302445193929174 0.4658258258258258 0.031888701517706716 0.046516516516516546
2 0.6344350758853289 0.41683183183183187 0.022293423271500887 0.024654654654654592
2 0.3994182124789208 0.40878378378378377 0.019772344013490765 0.02633633633633628
2 0.5703119730185497 0.3743693693693693 0.01726812816188872 0.018903903903903865
2 0.42416526138279925 0.4087087087087087 0.023954468802698213 0.029429429429429464
2 0.1745362563237774 0.8468468468468469 0.12984822934232715 0.21921921921921922
2 0.624283305227656 0.6846096096096096 0.0696374367622259 0.10405405405405399
2 0.6915767284991569 0.48423423423423423 0.03849915682967947 0.047507507507507485
2 0.46621416526138276 0.3981381381381382 0.022959527824620587 0.02908408408408409
2 0.5543929173693086 0.415 0.020834738617200706 0.03076576576576578
2 0.5920320404721754 0.39729729729729735 0.021306913996627302 0.024024024024024024
2 0.6017369308600337 0.37411411411411416 0.013726812816188847 0.021501501501501576