2 0.5883855024711696 0.4720674486803519 0.027306425041186237 0.03388563049853374
2 0.6757578253706754 0.6317595307917889 0.05364085667215825 0.08617302052785922
2 0.3235749588138385 0.5911436950146628 0.050799011532125175 0.062170087976539556
2 0.7043904448105437 0.5556304985337244 0.04172158154859974 0.0600293255131964
2 0.5579571663920923 0.49139296187683285 0.030683690280065897 0.05060117302052784
2 0.384505766062603 0.6218181818181818 0.041943986820428304 0.03670087976539586
2 0.28530477759472817 0.5443108504398827 0.03979406919275119 0.04846041055718468
2 0.5412685337726524 0.43602639296187684 0.020403624382207563 0.028973607038123152
2 0.41451400329489296 0.5287390029325514 0.036985172981878166 0.06090909090909086
2 0.5676029654036244 0.42639296187683284 0.017429983525535486 0.02554252199413484
3 0.6054448105436573 0.42117302052785927 0.030074135090609546 0.052712609970674555
2 0.3931301482701812 0.48410557184750735 0.029341021416803958 0.03910557184750727
3 0.4200164744645799 0.40470674486803515 0.036243822075782535 0.07601173020527864
2 0.8846787479406919 0.9611436950146628 0.14991762767710048 0.07771260997067449
2 0.8067215815485997 0.6797214076246334 0.07991762767710048 0.11007331378299128
2 0.2755354200988468 0.9728739002932552 0.12602965403624383 0.054252199413489736
2 0.4464250411861615 0.4548973607038123 0.028130148270181295 0.03799120234604101
2 0.36734761120263587 0.45082111436950145 0.025065897858319565 0.03546920821114378
2 0.46018945634266883 0.4229325513196481 0.017718286655683684 0.026994134897360657
2 0.5258896210873146 0.38627565982404694 0.014052718286655639 0.02244868035190608