2 0.3656289308176101 0.5333938547486033 0.03786949685534597 0.054511173184357505
2 0.2918632075471698 0.55268156424581 0.05058962264150936 0.05991620111731841
2 0.6533647798742138 0.5639106145251397 0.046871069182389855 0.05493016759776542
2 0.42744496855345915 0.5382541899441341 0.03676886792452829 0.054650837988826806
2 0.5780503144654088 0.523477653631285 0.034599056603773576 0.055544692737430144
2 0.581564465408805 0.4550977653631285 0.022665094339622584 0.02736033519553077
2 0.6112185534591196 0.4863687150837989 0.029732704402515672 0.04326815642458103
2 0.6151257861635221 0.4407960893854749 0.02078616352201262 0.02293296089385469
2 0.395998427672956 0.4333100558659218 0.018435534591195003 0.024497206703910562
2 0.5553380503144654 0.4012988826815642 0.016100628930817623 0.01758379888268161
2 0.41907232704402514 0.4332402234636871 0.02233490566037742 0.027374301675977684
2 0.18632075471698112 0.840782122905028 0.12106918238993711 0.20391061452513967
2 0.6056603773584905 0.6898743016759777 0.0649292452830188 0.09678770949720664
2 0.6684040880503145 0.5034916201117319 0.035896226415094226 0.044189944134078195
2 0.4582783018867924 0.4234078212290503 0.02140723270440253 0.02705307262569833
2 0.540495283018868 0.4390921787709497 0.019426100628930847 0.028617318435754203
2 0.5755896226415094 0.42262569832402236 0.019866352201257848 0.0223463687150838
2 0.5846383647798742 0.4010614525139665 0.012798742138364759 0.02000000000000007