2 0.36590625 0.5347083333333333 0.0380234375 0.04875
1 0.42853906249999996 0.5207083333333333 0.0389609375 0.061125
2 0.5334140625 0.4137222222222222 0.0178671875 0.023333333333333334
2 0.6851171875000001 0.6100416666666667 0.08471875 0.1532361111111111
2 0.5726875 0.5383333333333333 0.03440625 0.05752777777777778
2 0.3971015625 0.48081944444444447 0.0276171875 0.035333333333333335
2 0.63215625 0.463375 0.0256015625 0.035833333333333335
2 0.45777343750000005 0.44495833333333334 0.0199609375 0.02686111111111111
3 0.2831328125 0.5469305555555556 0.0770859375 0.10381944444444445
2 0.4654140625 0.4156388888888889 0.0150546875 0.01863888888888889
2 0.8578125 0.7361111111111112 0.09375 0.12777777777777777
2 0.3833671875 0.7291666666666666 0.0792421875 0.10119444444444445
3 0.1004453125 0.734125 0.1160703125 0.1547638888888889
2 0.2938984375 0.6401388888888888 0.06879687500000001 0.07430555555555556
2 0.4338828125 0.41605555555555557 0.0178515625 0.025541666666666667
2 0.40579687499999995 0.4152777777777778 0.0208984375 0.030194444444444444
2 0.5815 0.4251527777777778 0.0189765625 0.027805555555555556