2 0.44088138385502473 0.5183137829912023 0.03189456342668866 0.038431085043988324
2 0.37796540362438225 0.5451466275659824 0.03556836902800655 0.048079178885630444
2 0.6581878088962109 0.5676392961876833 0.0428912685337726 0.056129032258064475
2 0.41768533772652394 0.4833431085043988 0.025716639209225723 0.03282991202346039
2 0.7658072487644152 0.6224340175953079 0.056029654036243805 0.06706744868035192
2 0.3189456342668863 0.6543255131964809 0.06182866556836908 0.07030791788856312
2 0.5553706754530477 0.46964809384164224 0.025996705107083976 0.03892961876832838
2 0.6105354200988469 0.6156011730205279 0.049777594728171386 0.07359237536656883
2 0.361334431630972 0.49532258064516127 0.02829489291598025 0.03513196480938422
2 0.43468698517298193 0.45117302052785924 0.021622734761120265 0.02510263929618769
2 0.3807825370675453 0.4667302052785924 0.023088962108731445 0.029428152492668697
2 0.4602471169686985 0.4566715542521994 0.01868204283360796 0.02605571847507329
2 0.9546952224052718 0.8709677419354839 0.09060955518945635 0.20527859237536658
2 0.7520593080724877 0.9193548387096774 0.14991762767710048 0.16129032258064516
2 0.3084843492586491 0.9171554252199413 0.12932454695222406 0.1656891495601173
2 0.11490939044481055 0.9464809384164223 0.16062602965403625 0.10703812316715543
2 0.032948929159802305 0.9259530791788856 0.06589785831960461 0.14809384164222875
2 0.5700658978583195 0.4255718475073314 0.01538714991762773 0.024134897360703865
2 0.41478583196046126 0.43299120234604105 0.017207578253706838 0.0204252199413489