2 0.3064016393442623 0.6071574344023324 0.05287704918032786 0.063600583090379
2 0.5574426229508197 0.5246209912536443 0.03371311475409845 0.05001457725947514
2 0.6764262295081968 0.5366034985422741 0.04016393442622951 0.05361516034985419
2 0.4214508196721311 0.5034985422740524 0.029778688524590105 0.04428571428571428
2 0.36718032786885246 0.49134110787172014 0.03237704918032787 0.04075801749271142
2 0.5192622950819672 0.39488338192419825 0.026508196721311408 0.03523323615160344
2 0.3992704918032787 0.46039358600583086 0.02651639344262297 0.026909620991253696
2 0.4392786885245901 0.44600583090379003 0.022999999999999955 0.03555393586005829
3 0.2695327868852459 0.5328717201166181 0.04844262295081969 0.06653061224489794
3 0.34218852459016397 0.4663265306122449 0.03801639344262295 0.06311953352769673
2 0.6557377049180327 0.8740087463556852 0.1046803278688525 0.1813119533527695
2 0.8104836065573771 0.7250728862973761 0.09558196721311486 0.1392274052478134
2 0.3730983606557377 0.6967492711370262 0.06190163934426228 0.08903790087463563
2 0.6152622950819672 0.47298833819241987 0.02697540983606564 0.03583090379008752
2 0.5774754098360656 0.4225510204081633 0.015459016393442541 0.022973760932944592
2 0.07622950819672131 0.924198250728863 0.15245901639344261 0.15160349854227406
3 0.12254098360655738 0.6588921282798834 0.24508196721311476 0.37317784256559766