2 0.586953125 0.4665972222222222 0.0258984375 0.03209722222222222
2 0.6698203125 0.6178611111111111 0.050875000000000004 0.081625
2 0.335796875 0.579388888888889 0.0481796875 0.058888888888888886
2 0.6969765625 0.54575 0.039570312499999996 0.056861111111111105
2 0.55809375 0.4849027777777778 0.0291015625 0.04793055555555555
2 0.39358593750000004 0.6084444444444445 0.039781250000000004 0.03476388888888889
2 0.2995 0.5350277777777778 0.0377421875 0.04590277777777777
2 0.542265625 0.43245833333333333 0.0193515625 0.027444444444444445
2 0.42204687500000004 0.5202777777777778 0.035078125 0.057694444444444444
2 0.5672421875 0.42333333333333334 0.01653125 0.024194444444444446
3 0.6031328125 0.4183888888888889 0.0285234375 0.04993055555555556
2 0.401765625 0.47800000000000004 0.027828125 0.03704166666666667
3 0.427265625 0.40279166666666666 0.034375 0.07200000000000001
2 0.8684687500000001 0.9467361111111111 0.14166406250000002 0.10651388888888888
2 0.79403125 0.6632916666666666 0.075796875 0.10426388888888888
2 0.2905390625 0.9579722222222222 0.1191015625 0.08405555555555556
2 0.4523125 0.45033333333333336 0.0266796875 0.035986111111111115
2 0.3773125 0.4464722222222222 0.0237734375 0.03359722222222222
2 0.46536718749999995 0.42005555555555557 0.016804687500000002 0.025569444444444443
2 0.5276796874999999 0.3853333333333333 0.013328125 0.02126388888888889