2 0.4815972222222222 0.41944444444444445 0.042630208333333246 0.04649691358024691
2 0.9518749999999999 0.3285802469135803 0.03776909722222241 0.04070987654320987
2 0.42246527777777776 0.3723148148148148 0.03235243055555554 0.03845679012345681
2 0.41473958333333333 0.5219907407407407 0.07347222222222231 0.0846450617283951
2 0.4914322916666667 0.34552469135802466 0.03416666666666658 0.03179012345679016
2 0.4602256944444444 0.31598765432098763 0.02216145833333331 0.020216049382716084
2 0.4727864583333333 0.6420061728395061 0.08375868055555556 0.12407407407407404
2 0.8481770833333333 0.30364197530864195 0.02080729166666669 0.02112654320987654
2 0.48181423611111107 0.2959259259259259 0.02123263888888892 0.020740740740740737
2 0.8451388888888889 0.26830246913580247 0.016171875000000096 0.017854938271604927
2 0.5504774305555555 0.354891975308642 0.029513888888888888 0.032160493827160457
2 0.8101041666666666 0.26290123456790127 0.020755208333333403 0.01992283950617288
2 0.4904513888888889 0.9845679012345679 0.140625 0.030864197530864196