2 0.37604972375690604 0.5949672131147541 0.04106813996316761 0.061918032786885215
2 0.40304788213627996 0.5052459016393442 0.027550644567219115 0.03949180327868858
2 0.5547513812154696 0.5464426229508197 0.038333333333333434 0.05483606557377057
2 0.5575966850828729 0.4755081967213115 0.023968692449355407 0.03388524590163928
1 0.305036832412523 0.4625573770491804 0.058167587476979705 0.07637704918032792
2 0.35211786372007364 0.6989016393442623 0.05848987108655615 0.07713114754098353
2 0.35874769797421735 0.503344262295082 0.03080110497237573 0.04165573770491798
2 0.3837016574585636 0.4540819672131148 0.021289134438305712 0.024295081967213198
2 0.6041528545119705 0.47355737704918033 0.024640883977900544 0.027639344262295105
2 0.417219152854512 0.4669836065573771 0.021731123388581974 0.02567213114754093
2 0.5111786372007366 0.4583114754098361 0.02222836095764282 0.02859016393442632
1 0.28923572744014736 0.5680983606557377 0.08417127071823201 0.14660655737704908
2 0.5050092081031308 0.4103606557377049 0.01639963167587472 0.021590163934426164
2 0.7834898710865562 0.8576065573770492 0.12441068139963159 0.17463934426229505
2 0.8313351749539594 0.7394098360655738 0.08852670349907928 0.14268852459016387
2 0.27532228360957645 0.9401639344262295 0.10681399631675875 0.11967213114754098
2 0.2026887661141805 0.7500655737704919 0.08493554327808472 0.12139344262295075
2 0.5382965009208104 0.42795081967213117 0.01667587476979733 0.02698360655737711