2 0.5455060034305317 0.5362079510703364 0.04220411663807894 0.06295107033639137
2 0.2207204116638079 0.5230733944954128 0.06499999999999997 0.08689602446483187
2 0.5200085763293311 0.4328746177370031 0.024656946826758147 0.0295412844036698
2 0.2919811320754717 0.543394495412844 0.04457118353344771 0.06792048929663602
2 0.5652915951972556 0.4312385321100917 0.02815608919382498 0.035932721712538224
2 0.6736792452830188 0.6096941896024465 0.0652315608919382 0.06865443425076449
2 0.36533447684391085 0.4253058103975535 0.027504288164665467 0.037920489296636016
2 0.30090051457975986 0.4511009174311926 0.031466552315608964 0.04840978593272166
2 0.6067581475128645 0.41960244648318046 0.028439108061749447 0.038379204892966395
2 0.39823327615780446 0.3552752293577982 0.020891938250428732 0.039113149847094776
2 0.35391080617495707 0.3805963302752294 0.01982847341337898 0.025489296636085564
3 0.5802915951972556 0.3829357798165138 0.03085763293310465 0.03798165137614684
2 0.6595197255574614 0.8891437308868502 0.137221269296741 0.2217125382262997
2 0.8567753001715266 0.9258409785932722 0.15265866209262435 0.14831804281345565
2 0.9326758147512865 0.8203363914373089 0.1346483704974271 0.172782874617737
2 0.508138936535163 0.40510703363914374 0.021363636363636435 0.03162079510703356
2 0.5350428816466553 0.37009174311926607 0.019073756432247006 0.02347094801223245