2 0.29955454545454546 0.6271359223300971 0.07698181818181823 0.09187702265372164
2 0.47878181818181814 0.3752588996763754 0.02793636363636365 0.030000000000000034
2 0.4448272727272727 0.4672653721682848 0.043372727272727306 0.053220064724919074
2 0.44053636363636367 0.5685598705501618 0.07694545454545464 0.09406148867313915
2 0.9770818181818182 0.3818770226537217 0.03236363636363628 0.029660194174757255
2 0.3830545454545455 0.44029126213592235 0.04481818181818178 0.0588996763754045
2 0.5367636363636364 0.34511326860841424 0.02367272727272724 0.02729773462783172
1 0.41706363636363636 0.36454692556634305 0.03550909090909086 0.05613268608414239
2 0.49526363636363635 0.34119741100323625 0.022536363636363604 0.024546925566343067
2 0.8733363636363637 0.3359223300970874 0.020745454545454487 0.023058252427184466
2 0.853709090909091 0.3395631067961165 0.025481818181818158 0.028754045307443337
2 0.8119818181818181 0.33758899676375403 0.02648181818181828 0.022734627831715228
2 0.8677 0.33781553398058256 0.036690909090909 0.028349514563106765
0 0.5265545454545455 0.7065857605177994 0.04514545454545462 0.11213592233009702