2 0.43420552677029356 0.5653384615384616 0.04102763385146804 0.06101538461538457
2 0.6140673575129534 0.5504461538461539 0.04487046632124356 0.07613846153846156
2 0.3560708117443869 0.5720769230769231 0.06230569948186526 0.06398461538461543
2 0.6283592400690846 0.46610769230769233 0.03206390328151996 0.041799999999999934
2 0.4594559585492228 0.4746 0.03335924006908472 0.044092307692307646
2 0.5694818652849741 0.40900000000000003 0.02182210708117442 0.03338461538461546
2 0.42097582037996545 0.44890769230769234 0.0278065630397237 0.035646153846153786
2 0.27798791018998276 0.5537538461538462 0.05878238341968916 0.0648307692307692
2 0.7516407599309154 0.6405538461538461 0.07462867012089816 0.14630769230769233
2 0.6648445595854923 0.4479076923076923 0.027849740932642485 0.03139999999999995
2 0.6152245250431778 0.38203076923076923 0.014628670120898147 0.017046153846153822
2 0.835846286701209 0.649 0.07427461139896373 0.09586153846153837
2 0.34221934369602763 0.6671384615384616 0.08404145077720211 0.09910769230769224
2 0.40210708117443866 0.4172769230769231 0.023065630397236647 0.03264615384615389
2 0.444447322970639 0.4102307692307692 0.02243523316062178 0.03209230769230771
2 0.4779447322970639 0.42290769230769226 0.020535405872193414 0.036030769230769165
2 0.49213298791018995 0.38769230769230767 0.018074265975820434 0.0225076923076923
2 0.4350259067357513 0.3817538461538461 0.017547495682210652 0.02