2 0.37908018867924526 0.492891061452514 0.03265723270440249 0.042360335195530785
1 0.5645518867924528 0.516550279329609 0.03692610062893084 0.06135474860335188
2 0.41865566037735846 0.5428351955307262 0.033396226415094356 0.051913407821228996
2 0.6388915094339622 0.5404608938547486 0.03940251572327035 0.05331005586592173
1 0.2643238993710692 0.5455167597765362 0.06806603773584909 0.10850558659217868
2 0.3007861635220126 0.629217877094972 0.05723270440251569 0.059790502793296015
2 0.43572327044025155 0.4985335195530726 0.028050314465408854 0.04148044692737436
2 0.3917216981132075 0.6081145251396648 0.04277515723270447 0.03505586592178774
2 0.5610927672955975 0.4183519553072626 0.01772012578616349 0.021298882681564244
2 0.44096698113207544 0.46163407821229047 0.023608490566037716 0.02895251396648047
1 0.3834748427672956 0.42898044692737425 0.034622641509433935 0.06898044692737429
2 0.42584119496855344 0.4244692737430168 0.020817610062893097 0.024469273743016735
2 0.3241823899371069 0.9072765363128492 0.11243710691823898 0.16990223463687162
2 0.1104559748427673 0.9385474860335196 0.125 0.12290502793296089
2 0.592751572327044 0.41646648044692736 0.0170204402515724 0.025810055865921812
2 0.4026808176100629 0.3967178770949721 0.030849056603773593 0.050195530726256904
2 0.4584198113207547 0.4245810055865922 0.01892295597484272 0.02946927374301679