2 0.45531249999999995 0.4386111111111111 0.0383671875 0.04184722222222222
2 0.8785624999999999 0.35683333333333334 0.0339921875 0.03663888888888889
2 0.40209374999999997 0.3961944444444444 0.029117187500000002 0.03461111111111111
2 0.39514062499999997 0.5309027777777777 0.066125 0.07618055555555556
2 0.4641640625 0.3720833333333333 0.03075 0.02861111111111111
2 0.436078125 0.3455 0.0199453125 0.018194444444444444
2 0.4473828125 0.6389166666666667 0.0753828125 0.11166666666666668
2 0.785234375 0.3343888888888889 0.0187265625 0.01901388888888889
2 0.45550781249999994 0.3274444444444444 0.019109375 0.018666666666666665
2 0.7825 0.30258333333333337 0.0145546875 0.016069444444444445
2 0.5173046875 0.38051388888888893 0.0265625 0.028944444444444443
2 0.75096875 0.2977222222222222 0.0186796875 0.017930555555555557
2 0.46328125 0.9666666666666667 0.1265625 0.06666666666666667