2 0.6003234265734265 0.5007632398753894 0.03384615384615387 0.04082554517133962
2 0.6670891608391608 0.5292679127725857 0.0377447552447553 0.05107476635514013
2 0.36972027972027977 0.5531619937694704 0.04551573426573421 0.059626168224299024
2 0.6249388111888111 0.463613707165109 0.027290209790209814 0.034875389408099665
2 0.2555157342657342 0.6113707165109035 0.05945804195804194 0.07124610591900313
2 0.7297202797202796 0.6452492211838006 0.06561188811188806 0.0746884735202493
2 0.4788286713286713 0.44906542056074766 0.02758741258741254 0.041355140186915815
2 0.4202884615384615 0.6041121495327102 0.05282342657342663 0.07817757009345785
2 0.6847377622377622 0.47633956386292836 0.030026223776223698 0.03732087227414336
2 0.6068968531468532 0.4294392523364486 0.022945804195804196 0.026666666666666675
2 0.6640996503496504 0.4459657320872274 0.024501748251748227 0.03126168224299073
2 0.5797727272727272 0.4352803738317757 0.019825174825174683 0.02767912772585667
2 0.051573426573426576 0.8753894080996885 0.10314685314685315 0.21806853582554517
2 0.2701048951048951 0.9205607476635514 0.1590909090909091 0.1588785046728972
2 0.7408216783216783 0.9182242990654206 0.13723776223776224 0.16355140186915887
2 0.930506993006993 0.9493769470404985 0.13898601398601398 0.10124610591900311
2 0.4632342657342658 0.4022429906542056 0.016328671328671385 0.025638629283489152
2 0.6280157342657343 0.4101246105919003 0.0182604895104894 0.021697819314641667