2 0.5655703125 0.5049583333333333 0.032578125 0.047888888888888884
2 0.40928125 0.5405416666666667 0.0365234375 0.04681944444444445
2 0.2682890625 0.5765694444444445 0.0551484375 0.06102777777777778
2 0.4369921875 0.5036388888888889 0.0295859375 0.04755555555555556
3 0.3241015625 0.4667916666666666 0.0861796875 0.1305
2 0.325265625 0.5869305555555555 0.0507734375 0.06175
2 0.3890859375 0.4882361111111111 0.0324765625 0.03613888888888889
2 0.4107421875 0.4580694444444445 0.0220390625 0.028930555555555553
2 0.4266953125 0.42912500000000003 0.0190234375 0.025833333333333337
2 0.46364062500000003 0.41391666666666665 0.017343749999999998 0.01863888888888889
2 0.549765625 0.39345833333333335 0.0163125 0.01676388888888889
2 0.72578125 0.7055555555555556 0.0796875 0.09444444444444444
2 0.8323750000000001 0.7126388888888889 0.09032812500000001 0.11955555555555555
2 0.1515625 0.9173194444444445 0.1303515625 0.15356944444444443
2 0.38089062500000004 0.7299444444444444 0.07503125000000001 0.10559722222222222
2 0.25036718750000003 0.7146666666666666 0.0755546875 0.10097222222222223
2 0.4061640625 0.6062777777777778 0.042203125 0.07133333333333333
2 0.3814296875 0.4440555555555556 0.020828125 0.029513888888888888
2 0.4492890625 0.4657638888888889 0.025062499999999998 0.0405
2 0.5321953125000001 0.4052777777777778 0.014453125 0.024736111111111108