1 0.6025078125000001 0.5894861111111112 0.0456953125 0.060347222222222226
2 0.41600000000000004 0.5470555555555555 0.032390625 0.04911111111111111
2 0.386453125 0.49677777777777776 0.03053125 0.041916666666666665
2 0.70234375 0.5740138888888889 0.054234375 0.06759722222222223
2 0.44415625 0.46458333333333335 0.02396875 0.03083333333333333
2 0.41200000000000003 0.44968055555555553 0.032453125 0.04816666666666666
2 0.567875 0.4286944444444445 0.0160859375 0.025430555555555553
2 0.535203125 0.41102777777777777 0.0171640625 0.02036111111111111
2 0.46518750000000003 0.42036111111111113 0.0166953125 0.021416666666666667
2 0.5537265625 0.4039861111111111 0.013875000000000002 0.015402777777777777
2 0.430859375 0.42168055555555556 0.0180546875 0.020333333333333335
2 0.04109375 0.8904166666666667 0.079625 0.15525
2 0.27996875 0.6872222222222223 0.0770546875 0.0958888888888889
2 0.29602343750000004 0.9611944444444444 0.10916406249999999 0.06393055555555556
2 0.9501328125 0.8584583333333333 0.099734375 0.1917777777777778
2 0.25906250000000003 0.5340138888888889 0.15121875 0.20527777777777778
2 0.34821875 0.48266666666666663 0.030578125 0.03984722222222222
3 0.37740625 0.41594444444444445 0.0514296875 0.08865277777777777
2 0.6264921875 0.4578888888888889 0.026273437500000003 0.04534722222222222
2 0.5891093749999999 0.41483333333333333 0.015335937499999999 0.021541666666666667