2 0.5596229802513465 0.5222683706070288 0.07934470377019757 0.09744408945686901
2 0.9874326750448833 0.2955271565495208 0.025134649910233394 0.03514376996805112
2 0.5229982046678635 0.23889776357827477 0.022127468581687695 0.022731629392971277
2 0.33902154398563733 0.40193290734824283 0.04917414721723516 0.061150159744408905
2 0.4455834829443447 0.3510223642172524 0.04770197486535018 0.06364217252396172
2 0.440951526032316 0.44784345047923324 0.05913824057450638 0.07001597444089463
2 0.469048473967684 0.2730990415335463 0.029228007181328498 0.029025559105431337
2 0.8689317773788151 0.23971246006389776 0.0343536804308797 0.03361022364217256
2 0.43564631956912026 0.24798722044728436 0.02625673249551167 0.01851437699680507
2 0.5162926391382405 0.31167731629392975 0.04100538599640939 0.05841853035143769
2 0.4099820466786356 0.27424920127795527 0.02906642728904847 0.026086261980830645
2 0.45892280071813285 0.21824281150159744 0.020017953321364412 0.01932907348242815
2 0.4976211849192101 0.21894568690095847 0.018886894075403917 0.016693290734824263
2 0.447935368043088 0.9201277955271565 0.15978456014362658 0.15654952076677317