2 0.6089426229508197 0.5982361516034985 0.04167213114754092 0.05941690962099124
2 0.6164590163934427 0.4700145772594752 0.02418032786885246 0.036967930029154536
2 0.5770819672131148 0.4824781341107872 0.026516393442622875 0.037303206997084594
1 0.3911475409836066 0.5411516034985423 0.06665573770491798 0.1277551020408163
2 0.6690819672131147 0.5439504373177843 0.0599590163934427 0.09946064139941693
2 0.46504918032786885 0.4669679300291545 0.025573770491803316 0.041180758017492713
2 0.7849344262295082 0.6080903790087463 0.06371311475409838 0.05381924198250723
2 0.47910655737704916 0.39322157434402333 0.016401639344262288 0.018002915451895078
3 0.3511393442622951 0.49922740524781345 0.03364754098360652 0.04752186588921286
2 0.5929918032786886 0.42288629737609335 0.019065573770491794 0.024606413994169088
2 0.25584426229508195 0.6038629737609329 0.05901639344262295 0.06119533527696796
2 0.5487704918032786 0.39881924198250723 0.01606557377049173 0.023921282798833772
2 0.7555409836065574 0.716195335276968 0.08923770491803269 0.10648688046647224
3 0.9393442622950819 0.7798833819241983 0.12131147540983607 0.40233236151603496
2 0.7495901639344262 0.9861516034985423 0.11557377049180328 0.027696793002915453
3 0.7086147540983606 0.4700874635568513 0.09532786885245897 0.15051020408163265
2 0.6507786885245902 0.4434693877551021 0.02219672131147535 0.04591836734693878
3 0.615155737704918 0.41061224489795917 0.027032786885245918 0.0410495626822157
2 0.560155737704918 0.42529154518950435 0.017508196721311393 0.026822157434402298
2 0.4166475409836065 0.47125364431486877 0.025098360655737617 0.03599125364431495
2 0.40800819672131144 0.4299854227405248 0.017540983606557453 0.031195335276967898
2 0.43863934426229506 0.4057434402332361 0.017270491803278637 0.023032069970845413