2 0.6924609375 0.5390555555555555 0.0412109375 0.05627777777777775
2 0.3299765625 0.5723472222222222 0.05942968749999995 0.08109722222222221
2 0.43130468750000006 0.48711111111111116 0.029507812499999987 0.036083333333333356
2 0.5910546875 0.46712499999999996 0.024476562499999945 0.034569444444444423
2 0.5288046875 0.39576388888888886 0.014328124999999936 0.018194444444444475
2 0.4065390625 0.46948611111111105 0.029468750000000023 0.034722222222222224
2 0.41315625 0.573875 0.04928124999999994 0.07643055555555552
2 0.45246875 0.45870833333333333 0.018539062500000016 0.028027777777777707
2 0.5594921875 0.40733333333333327 0.016492187499999922 0.021222222222222184
2 0.318078125 0.5077916666666666 0.024062499999999966 0.03537500000000004
2 0.2277421875 0.6994722222222223 0.09283593750000003 0.09099999999999997
2 0.37293750000000003 0.4503194444444445 0.027773437499999963 0.032402777777777836
2 0.4618203125 0.4280694444444444 0.017546875000000028 0.024055555555555625
2 0.43032031249999997 0.41905555555555557 0.017546875000000028 0.024055555555555625
2 0.41869531249999997 0.4006388888888889 0.012898437499999993 0.020291666666666687