2 0.5154159292035397 0.4594164037854889 0.05353097345132744 0.06272870662460565
2 0.5398141592920354 0.3321293375394322 0.030292035398230104 0.03485804416403789
2 0.07229203539823013 0.3106309148264984 0.03291150442477881 0.025268138801261802
2 0.4264159292035398 0.42321766561514196 0.0420353982300885 0.05268138801261826
2 0.00752212389380531 0.3217665615141956 0.01504424778761062 0.028391167192429023
2 0.5123805309734514 0.38591482649842274 0.04023008849557525 0.0428548895899053
2 0.4736991150442478 0.3063564668769716 0.023628318584070836 0.027965299684542616
2 0.04339823008849554 0.307602523659306 0.02504424778761078 0.021876971608832816
2 0.4954778761061947 0.34735015772870664 0.032079646017699116 0.040930599369085156
2 0.5204601769911504 0.30421135646687697 0.02329203539823003 0.021798107255520494
2 0.4250176991150442 0.2564511041009464 0.015460176991150466 0.013438485804416376
2 0.1125221238938053 0.2832334384858044 0.030274336283185873 0.030757097791798107
2 0.40217699115044253 0.23725552050473184 0.019424778761061988 0.01777602523659303
2 0.33883185840707963 0.7070504731861198 0.09923893805309743 0.13212933753943215
2 0.7639026548672566 0.9020504731861199 0.12435398230088494 0.18115141955835948
2 0.4562035398230088 0.2836435331230284 0.016964601769911568 0.020520504731861185
2 0.4760530973451328 0.25853312302839115 0.015451327433628351 0.01889589905362779