2 0.579015625 0.5446805555555556 0.03744531250000005 0.06081944444444439
2 0.30681250000000004 0.5985416666666666 0.058578125000000016 0.05277777777777778
2 0.436921875 0.5034722222222222 0.02807031250000005 0.0423055555555556
2 0.7501015625 0.59675 0.05538281250000008 0.06236111111111108
2 0.38098437500000004 0.49506944444444445 0.0283203125 0.03794444444444452
2 0.40198437499999995 0.5890277777777778 0.04532812499999998 0.06499999999999993
2 0.45239843750000003 0.45908333333333334 0.022218750000000044 0.03036111111111113
2 0.6725859375 0.5991527777777778 0.04993750000000006 0.050763888888888824
2 0.5787265625 0.4311527777777778 0.02594531250000003 0.04751388888888894
2 0.415046875 0.43881944444444443 0.02075781249999995 0.03056944444444443
2 0.95625 0.8777777777777778 0.0875 0.20555555555555555
2 0.35016406249999993 0.8408472222222222 0.1035234375 0.15879166666666655
2 0.19944531249999997 0.8354305555555556 0.11875 0.140736111111111
2 0.060390624999999996 0.8264166666666667 0.12078124999999999 0.140736111111111
2 0.3288828125 0.5039027777777778 0.03731249999999999 0.04065277777777775
2 0.3713046875 0.4552222222222222 0.026476562499999988 0.029958333333333403
2 0.39252343750000007 0.42901388888888886 0.020164062499999958 0.022472222222222154
2 0.46082812500000003 0.42794444444444446 0.01654687500000005 0.021402777777777732
2 0.5339453125 0.4300833333333334 0.017148437500000037 0.03102777777777782