2 0.30384176182707995 0.5790869565217391 0.06907014681892339 0.08228985507246372
2 0.46464926590538336 0.3534927536231884 0.02506525285481241 0.026869565217391336
2 0.43418433931484496 0.4358985507246377 0.03891517128874391 0.04766666666666665
2 0.43033442088091356 0.5266231884057971 0.06903752039151721 0.08424637681159419
2 0.9117373572593801 0.35942028985507246 0.029037520391517056 0.026565217391304408
2 0.37876019575856446 0.41173913043478266 0.040212071778140256 0.05275362318840576
2 0.5166721044045678 0.3264927536231884 0.021239804241435532 0.024449275362318848
1 0.40927406199021205 0.34389855072463765 0.0318597063621533 0.050275362318840576
2 0.47943719412724306 0.3229855072463768 0.020220228384991813 0.021985507246376833
2 0.8186541598694943 0.3182608695652174 0.01861337683523649 0.020652173913043477
2 0.8010440456769984 0.32152173913043475 0.022862969004893943 0.02575362318840577
2 0.763605220228385 0.3197536231884058 0.023760195758564525 0.020362318840579728
2 0.8135970636215335 0.3199565217391305 0.03292006525285473 0.02539130434782606
0 0.5075122349102773 0.6502463768115943 0.04050570962479615 0.10043478260869558