2 0.42260937500000006 0.5662222222222222 0.0384453125 0.05718055555555556
2 0.71846875 0.5542916666666666 0.059210937500000005 0.07893055555555556
2 0.44583593749999995 0.4723611111111111 0.0224609375 0.026833333333333334
2 0.6535546875 0.57275 0.0406015625 0.06169444444444445
2 0.4045859375 0.470875 0.0256484375 0.03263888888888889
2 0.3058515625 0.6329722222222223 0.059421875 0.06236111111111111
2 0.586734375 0.4654861111111111 0.0250546875 0.034444444444444444
2 0.6454296875 0.48891666666666667 0.028664062499999997 0.043972222222222225
2 0.3668125 0.4603055555555556 0.02590625 0.034861111111111114
2 0.5567656249999999 0.40187500000000004 0.01903125 0.035527777777777776
2 0.597140625 0.42487500000000006 0.018062500000000002 0.02315277777777778
3 0.390921875 0.427 0.028109375 0.0345
2 0.31875 0.8875 0.125 0.20277777777777778
2 0.1395546875 0.9256527777777778 0.1390546875 0.14434722222222224
2 0.069015625 0.8255138888888889 0.125859375 0.1569861111111111
2 0.4566484375 0.44713888888888886 0.0194609375 0.028722222222222222
2 0.432140625 0.4153333333333334 0.017374999999999998 0.021319444444444443