2 0.383 0.5053888888888889 0.034187499999999996 0.04252777777777778
2 0.327875 0.5901388888888889 0.05559375 0.06091666666666667
2 0.446375 0.45759722222222227 0.02521875 0.028749999999999998
2 0.27566406250000003 0.557625 0.0496171875 0.056513888888888884
2 0.4122734375 0.45929166666666665 0.0208984375 0.03015277777777778
2 0.6521484375 0.4929166666666666 0.028921875000000003 0.04198611111111111
2 0.40755468749999996 0.5858333333333333 0.0509296875 0.07051388888888889
2 0.4628671875 0.4154305555555556 0.01840625 0.017777777777777778
2 0.4291171875 0.4267916666666667 0.0188671875 0.021375
2 0.6031796875000001 0.42876388888888883 0.017234375 0.02272222222222222
2 0.8343203125 0.8879861111111111 0.1251484375 0.2029722222222222
2 0.3578828125 0.7669861111111111 0.081234375 0.14441666666666667
2 0.24206249999999999 0.9410694444444445 0.11307031249999999 0.11786111111111111
2 0.2738984375 0.6840416666666667 0.071359375 0.08391666666666667
3 0.0580703125 0.7764027777777778 0.1161328125 0.3626111111111111
2 0.5536640625 0.4791527777777778 0.026765624999999998 0.040263888888888884
2 0.389046875 0.4322777777777778 0.0209296875 0.022402777777777775