2 0.3962759170653907 0.39204545454545453 0.026802232854864355 0.03335227272727275
2 0.37300637958532695 0.41650568181818187 0.03563795853269542 0.04122159090909088
2 0.8772966507177035 0.3509801136363636 0.02561403508771921 0.025553977272727287
2 0.5185406698564593 0.3181960227272727 0.018500797448165907 0.023835227272727234
2 0.30893939393939396 0.5943181818181817 0.07499999999999997 0.06626420454545451
2 0.4380223285486443 0.32913352272727275 0.018373205741626764 0.018110795454545456
2 0.7979824561403509 0.3445880681818182 0.02267942583732062 0.023835227272727313
2 0.9872408293460925 0.3821022727272727 0.025518341307814992 0.05397727272727273
0 0.35167464114832536 0.5042755681818182 0.026419457735247204 0.03383522727272734
2 0.7967145135566187 0.31375 0.019409888357256714 0.019303977272727237
2 0.46856459330143546 0.3084943181818182 0.01772727272727274 0.01711647727272729
2 0.4744736842105263 0.3360653409090909 0.022480063795853312 0.022485795454545432
2 0.7775996810207336 0.3147585227272727 0.017655502392344577 0.017954545454545435
2 0.49821371610845294 0.3067329545454545 0.02068580542264757 0.02708806818181817
2 0.6221132376395534 0.7801988636363636 0.1098165869218501 0.12934659090909084
2 0.430829346092504 0.88984375 0.12397926634768743 0.21610795454545437