2 0.33420833333333333 0.5420474777448071 0.03530000000000001 0.054302670623145435
2 0.4066666666666667 0.5629673590504451 0.03728333333333334 0.056706231454005974
2 0.37185833333333335 0.4791246290801187 0.027549999999999953 0.038056379821958426
2 0.265475 0.5482047477744807 0.046499999999999965 0.05433234421364986
2 0.4046083333333333 0.4307715133531157 0.0205583333333333 0.024910979228486594
2 0.5380916666666667 0.4591543026706232 0.02822499999999991 0.04887240356083094
2 0.4199 0.49305637982195843 0.031000000000000038 0.04227002967359052
2 0.623125 0.4593768545994065 0.02270000000000001 0.03225519287833829
1 0.33619166666666667 0.45379821958456973 0.03655833333333334 0.06381305637982194
2 0.7636083333333333 0.7763056379821959 0.09411666666666671 0.14624629080118684
2 0.8367666666666665 0.7108011869436203 0.0915500000000001 0.13100890207715127
2 0.14149166666666665 0.8876557863501483 0.14102499999999996 0.16784866468842746
2 0.3571583333333333 0.7414985163204747 0.07205833333333335 0.12329376854599393
2 0.1811583333333333 0.6513353115727003 0.06765833333333338 0.08528189910979231
2 0.5871583333333333 0.41491097922848663 0.020283333333333264 0.029005934718100822