2 0.401424957841484 0.5831681681681682 0.042866779089376084 0.061201201201201184
2 0.39369308600337266 0.45109609609609613 0.024873524451939293 0.0380780780780781
2 0.43419898819561553 0.46393393393393395 0.027276559865092673 0.03842342342342347
1 0.6254637436762226 0.5243693693693694 0.06856661045531191 0.13159159159159156
2 0.33956155143338956 0.5272522522522523 0.06167790893760538 0.10244744744744748
2 0.5494435075885329 0.4479579579579579 0.026306913996627358 0.04241741741741742
2 0.22038785834738617 0.5933183183183183 0.06553962900505904 0.05543543543543537
2 0.5349831365935919 0.371996996996997 0.016871838111298474 0.018543543543543577
3 0.6666188870151771 0.48118618618618625 0.03461214165261379 0.04894894894894898
2 0.4178330522765598 0.40255255255255257 0.01961214165261382 0.025345345345345337
2 0.76464586846543 0.588963963963964 0.06070826306913996 0.06303303303303306
2 0.4633220910623946 0.3777627627627627 0.01652613827993247 0.024639639639639593
2 0.2506239460370995 0.7046696696696697 0.09179595278246207 0.10968468468468462
3 0.06197301854974705 0.7702702702702703 0.1239460370994941 0.4144144144144144
2 0.25674536256323777 0.9842342342342343 0.11888701517706576 0.03153153153153153
3 0.2988954468802698 0.4511711711711712 0.0980607082630691 0.15503003003003002
2 0.358389544688027 0.4237537537537538 0.0228330522765599 0.0472972972972973
3 0.3950337268128162 0.3899099099099099 0.02780775716694774 0.04228228228228224
2 0.451610455311973 0.40503003003003 0.018010118043844774 0.027627627627627594
2 0.5992327150084318 0.4523723723723723 0.025817875210792488 0.03707207207207215
2 0.6081197301854975 0.4098648648648649 0.018043844856661124 0.0321321321321321
2 0.5766104553119731 0.38489489489489487 0.017765598650927434 0.023723723723723656