2 0.29484374999999996 0.5434166666666667 0.037429687499999996 0.052125000000000005
2 0.4216796875 0.5586805555555555 0.0378359375 0.05569444444444445
2 0.666609375 0.5095833333333333 0.0314296875 0.04581944444444445
2 0.36465625 0.5194722222222222 0.0347578125 0.04911111111111111
2 0.550875 0.4705972222222222 0.02759375 0.042861111111111114
2 0.439640625 0.48874999999999996 0.026960937499999997 0.03772222222222222
2 0.4704140625 0.40662499999999996 0.0166484375 0.01948611111111111
2 0.3774453125 0.43830555555555556 0.022703124999999998 0.03098611111111111
1 0.420109375 0.3795 0.030234375 0.051541666666666666
2 0.5583125 0.4139583333333334 0.016484375000000002 0.024375
2 0.6049375 0.43850000000000006 0.0210234375 0.029555555555555557
2 0.831421875 0.6931666666666666 0.09759375 0.12177777777777779
2 0.7676093749999999 0.7590555555555555 0.09196093749999999 0.13679166666666667
2 0.6034140625 0.6559305555555556 0.050992187499999994 0.0927361111111111
2 0.589953125 0.4146527777777778 0.016375 0.02436111111111111
2 0.5314765625 0.3954861111111111 0.014703125000000001 0.023458333333333335
2 0.13028125 0.736875 0.112453125 0.09873611111111112
2 0.38671875 0.7094444444444444 0.0685703125 0.09995833333333333
2 0.28683593749999997 0.6556388888888889 0.06592187499999999 0.07601388888888888
0 0.40696875 0.5057083333333333 0.011578125 0.0445
2 0.34297656249999997 0.4801111111111111 0.0256640625 0.03894444444444444
2 0.4540703125 0.4239166666666667 0.016273437499999998 0.02336111111111111
2 0.4310703125 0.41780555555555554 0.0159609375 0.025597222222222223
2 0.4014921875 0.4191944444444444 0.0150234375 0.023916666666666666