2 0.366109375 0.5305972222222222 0.037265625000000004 0.04954166666666667
2 0.28228906249999997 0.5436666666666666 0.0394140625 0.04801388888888889
2 0.42760156250000003 0.5351250000000001 0.034359375 0.051097222222222224
2 0.5973671875 0.5675833333333333 0.039218750000000004 0.06558333333333333
2 0.4466640625 0.4781805555555556 0.02421875 0.03206944444444444
2 0.22498437500000001 0.6226111111111111 0.0705546875 0.06793055555555555
2 0.5598515625 0.41555555555555557 0.018625 0.021222222222222222
2 0.42425781249999994 0.42759722222222224 0.021546875 0.021569444444444443
2 0.4113203125 0.4550694444444444 0.01959375 0.030000000000000002
2 0.8566953125 0.7379722222222223 0.1106953125 0.14118055555555556
2 0.6105 0.4423055555555555 0.023 0.026375
2 0.5323515624999999 0.40273611111111113 0.015085937499999999 0.02022222222222222
2 0.0963203125 0.9600555555555556 0.1489765625 0.0798888888888889
2 0.34096875 0.7557777777777778 0.0867578125 0.12647222222222224
2 0.2876640625 0.6600138888888889 0.06839062500000001 0.08298611111111111
2 0.3401328125 0.4917916666666666 0.032421875 0.03572222222222222
2 0.3686640625 0.4558333333333333 0.028937499999999998 0.03143055555555555
2 0.45493750000000005 0.44393055555555555 0.0225078125 0.025722222222222223
2 0.3989453125 0.41344444444444445 0.0230390625 0.03811111111111111