2 0.33468548387096775 0.5598280802292264 0.03884677419354835 0.05329512893982814
2 0.3626935483870968 0.5111461318051576 0.03426612903225807 0.042177650429799506
2 0.39917741935483875 0.5852578796561605 0.04033870967741934 0.0638825214899714
2 0.5630564516129033 0.553323782234957 0.03625806451612906 0.057750716332378146
2 0.6301854838709677 0.4848567335243553 0.024653225806451563 0.038739255014326596
2 0.39482258064516135 0.4678223495702006 0.02566935483870971 0.031776504297994196
2 0.35228225806451613 0.6216618911174785 0.04686290322580646 0.0358452722063037
2 0.5303951612903226 0.447378223495702 0.0195806451612903 0.030358166189111826
2 0.44125806451612903 0.43908309455587397 0.02099999999999997 0.028667621776504285
2 0.41500806451612904 0.5153438395415473 0.03473387096774189 0.052965616045845314
2 0.3282338709677419 0.48909742120343835 0.030524193548387115 0.0371203438395415
2 0.5858467741935485 0.4909025787965616 0.02780645161290324 0.035673352435530055
2 0.31455645161290324 0.882134670487106 0.09545161290322582 0.1554297994269341
2 0.16806451612903228 0.8409312320916906 0.12329032258064515 0.1389541547277937
2 0.036290322580645164 0.8939828080229226 0.07258064516129033 0.1489971346704871
3 0.19916129032258062 0.5741977077363897 0.18359677419354836 0.24978510028653297
2 0.568733870967742 0.410730659025788 0.013749999999999964 0.021805157593123247
2 0.40745967741935485 0.4375501432664757 0.02160483870967739 0.024856733524355332
2 0.39420161290322575 0.4170630372492837 0.0171854838709677 0.017005730659025796