2 0.5497169811320755 0.4701536312849162 0.026305031446540908 0.0358798882681565
2 0.4357861635220126 0.4832960893854749 0.027272012578616396 0.037946927374301616
2 0.5661635220125786 0.4230167597765363 0.0176808176100629 0.025237430167597837
2 0.5739308176100628 0.5362849162011173 0.03397012578616355 0.051340782122905014
2 0.22541666666666668 0.6014106145251397 0.05411163522012582 0.05310055865921785
2 0.600809748427673 0.42428770949720673 0.02007861635220123 0.02509776536312853
2 0.5826415094339623 0.40425977653631284 0.012877358490566124 0.01804469273743011
2 0.3731367924528302 0.5097067039106145 0.04196540880503144 0.06266759776536314
3 0.393624213836478 0.40247206703910615 0.04313679245283019 0.07319832402234633
2 0.5933176100628931 0.4708938547486034 0.023647798742138307 0.03354748603351953
2 0.7713286163522013 0.6457541899441341 0.06703616352201257 0.09884078212290501
1 0.3183018867924528 0.49818435754189944 0.03643867924528304 0.06233240223463687
2 0.45551100628930813 0.453086592178771 0.02335691823899374 0.030363128491620123
2 0.7632625786163522 0.7730027932960895 0.0960534591194969 0.14913407821229047
2 0.390062893081761 0.6558798882681565 0.062201257861635224 0.08318435754189936
2 0.05738993710691824 0.8372905027932961 0.11477987421383648 0.15223463687150837
2 0.23941037735849055 0.7451256983240223 0.09569968553459121 0.14466480446927363
2 0.2936320754716981 0.9622905027932961 0.11871069182389937 0.07541899441340782
2 0.40676886792452827 0.4628770949720671 0.023380503144654095 0.02769553072625704
2 0.3660298742138365 0.46319832402234634 0.029048742138364815 0.02958100558659211
2 0.5325 0.4056005586592179 0.014803459119496798 0.02574022346368708
2 0.42480345911949685 0.43412011173184356 0.021729559748427753 0.022374301675977627