2 0.627572202166065 0.5757877813504823 0.060740072202166026 0.06993569131832797
2 0.44600180505415166 0.4386816720257235 0.035297833935018064 0.0368006430868167
2 0.5222292418772563 0.5728778135048231 0.07111010830324907 0.08858520900321547
2 0.5908664259927797 0.45327974276527333 0.041777978339350146 0.04684887459807072
2 0.529115523465704 0.43065916398713827 0.037824909747292496 0.04152733118971068
2 0.9325270758122743 0.372540192926045 0.02728339350180507 0.024807073954983935
2 0.9851083032490975 0.40112540192926044 0.029783393501805054 0.024115755627009645
2 0.5022743682310469 0.38237942122186497 0.025496389891696752 0.023183279742765298
2 0.5570848375451264 0.36985530546623796 0.0247924187725632 0.026077170418006473
2 0.483158844765343 0.41114147909967846 0.032030685920577624 0.03440514469453373
2 0.9109115523465704 0.34620578778135047 0.017851985559566762 0.02326366559485535
2 0.5902797833935017 0.33975884244372995 0.02159747292418778 0.023006430868167206
2 0.7689530685920578 0.9662379421221865 0.16787003610108303 0.06752411575562701
2 0.5436010830324909 0.39048231511254017 0.028203971119133572 0.04054662379421226