2 0.3249175824175824 0.6506677524429967 0.05907509157509157 0.0710586319218241
2 0.6053846153846154 0.5584527687296417 0.037664835164835264 0.055879478827361474
2 0.7383150183150183 0.5718403908794788 0.04487179487179487 0.05990228013029311
2 0.45345238095238094 0.5348534201954397 0.033269230769230704 0.04947882736156351
2 0.3928205128205128 0.521270358306189 0.036172161172161175 0.045537459283387684
2 0.5627289377289377 0.4135016286644951 0.02961538461538454 0.03936482084690547
2 0.42867216117216117 0.48669381107491855 0.029624542124542144 0.03006514657980462
2 0.47336996336996334 0.4706188925081433 0.025695970695970648 0.0397231270358306
3 0.28372710622710623 0.567671009771987 0.054120879120879144 0.07433224755700324
3 0.3648992673992674 0.49332247557003256 0.04247252747252747 0.07052117263843641
2 0.7147435897435898 0.9234527687296417 0.1163003663003663 0.15309446254071662
2 0.8880860805860805 0.7824104234527687 0.1067857142857144 0.15555374592833876
2 0.3994322344322344 0.7507654723127036 0.06915750915750914 0.09947882736156359
2 0.669981684981685 0.5007654723127036 0.030137362637362712 0.04003257328990235
2 0.6277655677655678 0.44441368078175897 0.01727106227106218 0.025667752442996728
2 0.07646520146520147 0.9600977198697068 0.15293040293040294 0.07980456026058631
3 0.1282051282051282 0.7084690553745928 0.2564102564102564 0.4169381107491857