2 0.44429687500000004 0.46720833333333334 0.044921875 0.05693055555555556
2 0.3617578125 0.4692222222222222 0.041023437499999996 0.04598611111111111
2 0.4181640625 0.3875138888888889 0.0390390625 0.04151388888888889
2 0.46292968749999996 0.4113611111111111 0.0309609375 0.03733333333333333
2 0.48524218750000003 0.3354722222222222 0.0199140625 0.019805555555555555
2 0.4295078125 0.35238888888888886 0.0258671875 0.026333333333333334
2 0.8904687499999999 0.35633333333333334 0.0270703125 0.024013888888888887
2 0.809109375 0.31793055555555555 0.0181484375 0.018583333333333334
2 0.5031640625 0.31281944444444443 0.0165078125 0.01563888888888889
2 0.8349062500000001 0.3531111111111111 0.029562500000000002 0.044
2 0.10999218749999999 0.2449027777777778 0.02371875 0.01338888888888889
2 0.2895078125 0.6662638888888889 0.08003906250000001 0.11869444444444444
2 0.4417265625 0.7170694444444444 0.0909296875 0.13495833333333335