2 0.39095356550580435 0.5588053097345133 0.04966832504145935 0.05318584070796452
2 0.6673051409618573 0.5011356932153392 0.03875621890547264 0.053702064896755115
2 0.2606633499170813 0.5302654867256636 0.04666666666666664 0.05061946902654875
2 0.42198175787728026 0.45188790560471975 0.024933665008291823 0.03740412979351034
2 0.3552985074626866 0.5065339233038348 0.035613598673300204 0.051814159292035394
2 0.5414344941956882 0.44772861356932153 0.02484245439469323 0.04188790560471973
2 0.38411276948590384 0.4532153392330383 0.023490878938640165 0.034159292035398185
2 0.5227363184079602 0.38946902654867255 0.019071310116086235 0.025914454277286208
2 0.5654063018242123 0.4077581120943953 0.019262023217247112 0.024174041297935083
2 0.3156135986733002 0.4743657817109145 0.03629353233830844 0.041047197640118056
2 0.5963515754560531 0.4056342182890855 0.01805970149253729 0.025943952802359928
2 0.7807628524046435 0.7946165191740413 0.10536484245439465 0.15907079646017686
2 0.7966998341625208 0.6686135693215339 0.07349087893864004 0.11181415929203549
2 0.25486733001658374 0.6762536873156342 0.07405472636815916 0.09200589970501474
2 0.5769320066334992 0.3847050147492625 0.018192371475953612 0.021445427728613516
2 0.4016169154228856 0.41960176991150444 0.021177446102819207 0.028790560471976374
2 0.3651575456053068 0.41977876106194695 0.021376451077943594 0.02985250737463128
2 0.37644278606965176 0.40058997050147493 0.021575456053067977 0.022743362831858346
2 0.4183001658374793 0.39294985250737463 0.016185737976782737 0.021681415929203605
2 0.39602819237147596 0.3835250737463126 0.014784411276948625 0.024159292035398225
2 0.45256218905472634 0.3908112094395281 0.01438640132669976 0.022389380530973377