2 0.4206171875 0.5443472222222222 0.03484375 0.052458333333333336
2 0.4435234375 0.4683333333333333 0.023375 0.03345833333333333
2 0.5722343750000001 0.5032361111111111 0.0325234375 0.04645833333333334
2 0.5746484374999999 0.4431388888888889 0.0203359375 0.028708333333333336
1 0.36036718749999996 0.4321666666666667 0.0493515625 0.06470833333333334
2 0.40031249999999996 0.6324027777777778 0.049625 0.06534722222222222
2 0.4059375 0.46672222222222226 0.0261328125 0.035291666666666666
2 0.427109375 0.4249861111111111 0.018062500000000002 0.020583333333333335
2 0.6141484375 0.44148611111111113 0.02090625 0.023416666666666665
2 0.455546875 0.4359166666666667 0.018437500000000002 0.02175
2 0.535265625 0.42856944444444445 0.018859375 0.024222222222222225
1 0.3469609375 0.5215833333333334 0.0714140625 0.12420833333333334
2 0.5300312500000001 0.3879444444444444 0.0139140625 0.018291666666666668
2 0.7663046875 0.7668611111111111 0.10555468750000001 0.14795833333333333
2 0.8068984374999999 0.6667222222222222 0.075109375 0.12088888888888889
2 0.3354453125 0.8579861111111111 0.09033593749999999 0.14254166666666665
2 0.27353125 0.6757500000000001 0.0720625 0.10284722222222221
2 0.5582734375 0.40284722222222225 0.0141484375 0.022861111111111113