2 0.5902786885245902 0.5337755102040816 0.03928688524590169 0.06383381924198245
2 0.30468852459016393 0.5903061224489796 0.06145901639344264 0.05539358600583091
2 0.4411967213114754 0.4905247813411079 0.0294508196721312 0.04440233236151609
2 0.7697786885245902 0.5884256559766764 0.05810655737704926 0.06545189504373175
2 0.3825081967213115 0.48170553935860055 0.02971311475409836 0.03982507288629745
2 0.4045409836065573 0.5803206997084548 0.04755737704918031 0.06822157434402326
2 0.45743442622950825 0.4439358600583091 0.02331147540983611 0.03186588921282801
2 0.6884508196721312 0.5909475218658892 0.05239344262295088 0.05327988338192413
2 0.5899754098360656 0.4146209912536443 0.027221311475409866 0.049868804664723085
2 0.4182459016393443 0.422667638483965 0.021778688524590112 0.032084548104956256
2 0.9700819672131148 0.8833819241982507 0.05983606557377049 0.21574344023323616
2 0.350172131147541 0.8446209912536443 0.10861475409836065 0.16666180758017482
2 0.19204098360655736 0.838935860058309 0.12459016393442623 0.14771137026239056
2 0.05450819672131148 0.8287172011661808 0.10901639344262296 0.14723032069970846
2 0.327844262295082 0.49097667638483966 0.03914754098360655 0.04266763848396499
2 0.3723524590163934 0.43988338192419824 0.027778688524590152 0.03144314868804672
2 0.39461475409836066 0.4123760932944606 0.02115573770491799 0.023586005830903718
2 0.4662786885245902 0.4112536443148688 0.01736065573770497 0.022463556851311905
2 0.5429918032786886 0.4134985422740525 0.017991803278688562 0.03256559766763853