2 0.5960088495575221 0.3013091482649842 0.030407079646017812 0.03481072555205046
2 0.18727433628318585 0.24399053627760253 0.024707964601769977 0.02184542586750792
2 0.6245132743362832 0.3767507886435331 0.043743362831858264 0.04962145110410091
2 0.4660442477876106 0.40681388012618297 0.04769911504424787 0.05774447949526816
2 0.5674513274336284 0.26168769716088325 0.02983185840707968 0.03436908517350161
2 0.10638938053097348 0.25272870662460567 0.026884955752212485 0.02239747634069399
2 0.15976991150442474 0.23917981072555203 0.02230973451327437 0.021624605678233405
2 0.5478938053097345 0.5492271293375394 0.07434513274336282 0.05705047318611981
2 0.06675221238938059 0.27826498422712936 0.05465486725663726 0.03706624605678233
2 0.6960707964601769 0.5148580441640379 0.0680353982300886 0.08187697160883275
2 0.20351327433628322 0.21438485804416402 0.022486725663716886 0.021529968454258638
2 0.5302300884955752 0.282776025236593 0.02952212389380522 0.03580441640378547
2 0.5267433628318584 0.2208359621451104 0.023097345132743283 0.026719242902208198
2 0.050362831858407155 0.27260252365930604 0.026973451327433645 0.02720820189274448
2 0.5170796460176991 0.26154574132492114 0.025805309734513348 0.029574132492113565