2 0.5383203125 0.3904861111111111 0.029953124999999935 0.03341666666666659
2 0.6080234375 0.4154305555555556 0.034765625 0.037833333333333344
2 0.48326562500000003 0.35668055555555556 0.02517187500000002 0.029374999999999967
2 0.5616953125 0.342875 0.019460937500000063 0.021333333333333353
2 0.4531171875 0.5412222222222223 0.06415624999999991 0.08649999999999997
2 0.5779765625 0.5214027777777778 0.05621093750000004 0.07284722222222229
2 0.6370390625000001 0.46809722222222216 0.0436640624999999 0.045819444444444454
2 0.48099218749999995 0.4376388888888889 0.04378124999999997 0.04536111111111107
2 0.52284375 0.3514583333333334 0.021609375000000063 0.022569444444444444
2 0.21216406250000003 0.305875 0.017726562500000043 0.019402777777777817
2 0.9632109375000001 0.2411111111111111 0.03901562500000004 0.021041666666666636
2 0.47219531249999996 0.3151527777777778 0.019906250000000014 0.021513888888888902
2 0.5744687500000001 0.6724166666666667 0.09737500000000007 0.13077777777777788
2 0.44797656249999995 0.29034722222222226 0.013046875000000036 0.0171111111111111
2 0.36015625 0.7847222222222222 0.1078125 0.175
2 0.7640625 0.8875 0.121875 0.18611111111111112