2 0.7559964093357272 0.465702875399361 0.0790664272890484 0.10969648562300313
2 0.28783662477558347 0.3382108626198084 0.05999999999999993 0.07573482428115011
2 0.18563734290843803 0.23595846645367413 0.04600538599640933 0.04319488817891377
2 0.41268402154398565 0.6770287539936102 0.09789946140035902 0.1691693290734824
2 0.5807899461400359 0.884185303514377 0.12387791741472172 0.23162939297124602
2 0.7610233393177738 0.8335782747603835 0.14756732495511657 0.25501597444089474
2 0.9331238779174147 0.8019169329073482 0.13375224416517056 0.3003194888178914
2 0.43658886894075405 0.4430191693290735 0.06742369838420098 0.12268370607028747
2 0.5358258527827647 0.4686261980830671 0.053788150807899525 0.11458466453674124
2 0.6475673249551167 0.47672523961661345 0.06666068222621184 0.10110223642172518
2 0.4527917414721723 0.3458306709265176 0.04200179533213641 0.06712460063897761
2 0.5202603231597847 0.34202875399361027 0.04161579892280063 0.07889776357827474
2 0.6799102333931778 0.32057507987220446 0.04900359066427302 0.06367412140575082
2 0.6196319569120287 0.2797444089456869 0.04355475763016156 0.06782747603833862
2 0.6330430879712747 0.248258785942492 0.040834829443447046 0.042220447284345056
2 0.5154039497307001 0.24722044728434503 0.034228007181328644 0.05536741214057503
2 0.45551166965888695 0.27766773162939296 0.032666068222621275 0.053977635782747634
2 0.4574506283662478 0.2139936102236422 0.027998204667863603 0.042907348242811526
2 0.5041202872531418 0.18942492012779555 0.026445242369838452 0.047747603833865795
2 0.6052423698384202 0.21191693290734823 0.03189407540394971 0.03460063897763582
2 0.5396499102333931 0.17327476038338657 0.02551166965888696 0.03236421725239615
2 0.3520466786355475 0.15493610223642174 0.020942549371633687 0.02899361022364218