2 0.3449920255183413 0.48296875 0.041937799043062225 0.051676136363636355
2 0.37879585326953746 0.4247017045454546 0.03839712918660285 0.04116477272727275
2 0.5107655502392344 0.394375 0.031650717703349325 0.035298295454545485
2 0.5196251993620414 0.34441761363636364 0.022352472089314172 0.01684659090909093
2 0.44522328548644335 0.3292897727272727 0.019696969696969734 0.01573863636363634
2 0.8976076555023923 0.35825284090909093 0.03278309409888367 0.03240056818181818
2 0.46728070175438596 0.3552130681818182 0.027894736842105278 0.031747159090909124
2 0.8496251993620415 0.3372727272727273 0.02631578947368421 0.02846590909090912
2 0.9639234449760765 0.39213068181818184 0.035805422647527986 0.03563920454545459
2 0.2904226475279107 0.6157954545454545 0.06809409888357255 0.04208806818181818
2 0.8060207336523126 0.3211789772727273 0.017304625199362076 0.01974431818181815
2 0.8226634768740031 0.3277556818181818 0.0199601275917067 0.02151988636363633
2 0.49196969696969695 0.32125 0.01617224880382773 0.016548295454545423
2 0.5271929824561403 0.31528409090909093 0.018692185007974524 0.020042613636363657
2 0.7867464114832536 0.325 0.01744019138755972 0.01792613636363637
2 0.5893221690590111 0.6820880681818181 0.09165071770334933 0.11711647727272734
2 0.4483652312599681 0.6900710227272727 0.07870015948963321 0.12242897727272718
2 0.4449760765550239 0.9723011363636364 0.14992025518341306 0.05539772727272727
0 0.5255661881977671 0.47802556818181813 0.01992025518341309 0.06742897727272731