2 0.3303203125 0.5909861111111111 0.050398437500000004 0.060597222222222226
2 0.56959375 0.5123472222222222 0.0321328125 0.04765277777777778
2 0.683 0.5237638888888889 0.03828125 0.051083333333333335
2 0.43997656249999995 0.49222222222222217 0.0283828125 0.042194444444444444
2 0.38825 0.4806388888888889 0.030859375 0.03883333333333334
2 0.533203125 0.3887361111111111 0.025265625000000003 0.03356944444444444
2 0.41883593750000003 0.45115277777777774 0.025273437500000002 0.02563888888888889
2 0.45696875 0.4374444444444444 0.021921875 0.033875
3 0.2951796875 0.5202083333333334 0.046171875 0.06338888888888888
3 0.36442968750000004 0.4568055555555555 0.036234375 0.06013888888888889
2 0.66328125 0.8452361111111112 0.09977343749999999 0.17275
2 0.8107734375 0.7033333333333333 0.0911015625 0.13265277777777779
2 0.393890625 0.6763472222222222 0.059 0.08483333333333333
2 0.624703125 0.4631527777777778 0.025710937499999996 0.034138888888888885
2 0.5886875 0.41509722222222223 0.014734375 0.02188888888888889
2 0.091953125 0.9108055555555555 0.18389843749999998 0.17838888888888887
3 0.1373359375 0.6409166666666667 0.269671875 0.3562222222222223