2 0.6674471830985915 0.5666300940438871 0.038133802816901555 0.04744514106583069
1 0.4395422535211268 0.6201253918495298 0.04784330985915485 0.07344827586206899
2 0.3314788732394366 0.6712225705329153 0.05877640845070421 0.06426332288401254
2 0.7450352112676056 0.7134952978056426 0.06420774647887328 0.07079937304075229
2 0.41687500000000005 0.5268495297805642 0.030765845070422574 0.039090909090909176
2 0.5836531690140845 0.5176802507836991 0.030158450704225345 0.04410658307210029
2 0.6027288732394367 0.47489028213166146 0.027420774647887405 0.025736677115987396
2 0.40142605633802814 0.4887617554858934 0.021575704225352106 0.023730407523510952
3 0.6344454225352113 0.5159561128526646 0.03213908450704225 0.05971786833855803
2 0.9053697183098591 0.8487460815047022 0.1892605633802817 0.30250783699059564
2 0.8470070422535212 0.7059404388714733 0.06926056338028175 0.063448275862069
2 0.6535211267605634 0.489294670846395 0.022596830985915358 0.029498432601880956
2 0.4365669014084507 0.4525078369905956 0.019454225352112595 0.031238244514106506
2 0.49281690140845075 0.4406269592476489 0.01525528169014078 0.021050156739811834
2 0.5723327464788732 0.47763322884012543 0.019454225352112796 0.024451410658307245