2 0.3806949458483754 0.6293729903536978 0.042879061371841144 0.06376205787781346
2 0.568673285198556 0.6138102893890676 0.04689530685920581 0.07956591639871384
2 0.2990342960288809 0.6364147909967846 0.06511732851985558 0.06686495176848879
2 0.5836101083032491 0.5256752411575563 0.03351083032490985 0.04368167202572341
2 0.4070848375451263 0.5345498392282958 0.03486462093862815 0.04607717041800638
2 0.5220758122743683 0.4659967845659164 0.022806859205776155 0.03488745980707403
2 0.3668682310469314 0.5077009646302251 0.029061371841155276 0.03725080385852084
2 0.21742779783393504 0.6172668810289389 0.06143501805054156 0.06774919614147908
2 0.7124548736462094 0.7079742765273312 0.07799638989169681 0.1528938906752412
2 0.6217418772563177 0.5066559485530546 0.02910649819494585 0.032813504823151075
2 0.5698826714801444 0.4378135048231511 0.015288808664259978 0.01781350482315119
2 0.9733754512635379 0.9557877813504824 0.05324909747292419 0.08842443729903537
2 0.8004602888086643 0.7168006430868168 0.07762635379061371 0.10017684887459798
2 0.284557761732852 0.7357556270096463 0.08783393501805059 0.10356913183279737
2 0.3471480144404332 0.4746463022508039 0.024106498194945883 0.03411575562700969
2 0.391398916967509 0.4672829581993569 0.023447653429602904 0.03353697749196144
2 0.42640794223826717 0.4805305466237942 0.02146209386281586 0.037652733118970994
2 0.4412364620938628 0.4437299035369775 0.018889891696750857 0.0235209003215434
2 0.3815523465703971 0.437524115755627 0.01833935018050546 0.02090032154340836