2 0.2510945273631841 0.6106489675516223 0.05462686567164169 0.0750884955752212
2 0.5704311774461028 0.5976843657817109 0.040464344941956845 0.05724188790560464
2 0.6114510779436153 0.5309144542772861 0.03660862354892213 0.04092920353982301
2 0.32854063018242124 0.6148525073746313 0.04895522388059698 0.06761061946902659
2 0.7176948590381426 0.582433628318584 0.0422388059701493 0.05594395280235981
3 0.6416666666666667 0.4606342182890856 0.06569651741293533 0.11076696165191743
2 0.6562023217247098 0.6090560471976401 0.05092039800995032 0.058613569321533936
2 0.6091210613598673 0.6422861356932154 0.043126036484245435 0.03286135693215335
2 0.4159701492537313 0.4467109144542773 0.019195688225539048 0.023643067846607628
2 0.5372968490878939 0.46430678466076697 0.024693200663349894 0.029424778761062014
2 0.5225787728026534 0.43601769911504423 0.01733830845771151 0.018834808259586992
2 0.43656716417910446 0.4806489675516224 0.02387230514096183 0.03597345132743361
2 0.38830845771144273 0.4433333333333333 0.016467661691542207 0.020368731563421748
2 0.34568822553897177 0.7417699115044247 0.07561359867330021 0.11423303834808267
2 0.760016583747927 0.7666519174041297 0.11497512437810933 0.15660766961651926
2 0.8630762852404642 0.7288790560471976 0.12015754560530668 0.14002949852507365
2 0.5644278606965174 0.4547935103244838 0.02281923714759534 0.02859882005899703