2 0.687234375 0.6170138888888889 0.0518828125 0.07709722222222222
2 0.3665078125 0.5373888888888889 0.037679687499999996 0.051583333333333335
2 0.4379765625 0.5160694444444445 0.03265625 0.043819444444444446
2 0.3868515625 0.48158333333333336 0.0303359375 0.03688888888888889
2 0.589234375 0.60825 0.045187500000000005 0.05523611111111112
2 0.318609375 0.5199444444444444 0.034265625 0.043041666666666666
2 0.6692734375 0.514125 0.03615625 0.049972222222222216
2 0.42387499999999995 0.4334166666666667 0.0175546875 0.02448611111111111
2 0.5382890625 0.432875 0.018953125 0.026305555555555558
2 0.459171875 0.4393888888888889 0.0182109375 0.024680555555555556
2 0.4407109375 0.46876388888888887 0.0246796875 0.03190277777777777
2 0.574578125 0.4308888888888889 0.016968749999999998 0.021486111111111112
2 0.4665390625 0.4144861111111111 0.0157734375 0.017472222222222222
2 0.2973046875 0.6183611111111111 0.0491328125 0.02344444444444444
2 0.31015625 0.9069444444444444 0.1078125 0.18611111111111112
2 0.1592265625 0.7137361111111111 0.0938515625 0.10409722222222223
2 0.5805546875 0.4019861111111111 0.012546874999999999 0.02411111111111111
2 0.3864765625 0.4387638888888889 0.022375 0.028930555555555553
2 0.4068125 0.41374999999999995 0.016273437499999998 0.01988888888888889