2 0.6044296874999999 0.49306944444444445 0.031328125 0.043083333333333335
2 0.4177734375 0.5254444444444444 0.032859375 0.04870833333333333
2 0.559125 0.5021249999999999 0.029625000000000002 0.04743055555555555
2 0.5805390625 0.44961111111111113 0.022390625 0.024708333333333332
2 0.5453828125 0.45711111111111113 0.025859375 0.030625
2 0.349140625 0.5655277777777777 0.0375703125 0.052708333333333336
2 0.41430468749999994 0.4487222222222222 0.0235859375 0.03154166666666667
2 0.23178125 0.6001666666666666 0.0670625 0.05372222222222222
2 0.60428125 0.4331527777777778 0.0180546875 0.022166666666666668
2 0.3821328125 0.4967916666666667 0.0291328125 0.03879166666666667
2 0.4011875 0.41694444444444445 0.017609375 0.021583333333333333
2 0.4626328125 0.43511111111111106 0.0194453125 0.026125
2 0.36303125 0.4596666666666666 0.026523437500000004 0.029486111111111112
2 0.3421953125 0.4890833333333333 0.0323125 0.03926388888888889
2 0.7262265625000001 0.6897777777777777 0.0758203125 0.10431944444444444
2 0.6283203125 0.7032638888888889 0.0659296875 0.11955555555555555
2 0.5720156249999999 0.3930277777777778 0.011414062499999999 0.016958333333333336
2 0.29028125 0.9447777777777778 0.1360078125 0.11043055555555556
2 0.032984374999999996 0.8985833333333334 0.0659765625 0.14795833333333333
2 0.2652890625 0.7192916666666667 0.0784140625 0.09491666666666668
2 0.38703906250000003 0.43419444444444444 0.020734375 0.022041666666666664
2 0.43267187500000004 0.4190138888888889 0.0156484375 0.024930555555555553