2 0.32149218749999997 0.570236111111111 0.06615625 0.07886111111111112
2 0.475515625 0.35404166666666664 0.0240078125 0.02575
2 0.44633593749999995 0.43301388888888886 0.0372734375 0.04568055555555556
2 0.44264843750000005 0.5199583333333333 0.066125 0.08073611111111112
2 0.9037421875 0.3597222222222222 0.0278125 0.02545833333333333
2 0.39325 0.4098611111111111 0.038515625 0.050555555555555555
2 0.52534375 0.32816666666666666 0.02034375 0.02343055555555556
1 0.4224765625 0.3448472222222222 0.030515625 0.04818055555555555
2 0.48967968749999996 0.32480555555555557 0.0193671875 0.021069444444444443
2 0.8145859375000001 0.3202777777777778 0.017828125 0.019791666666666666
2 0.79771875 0.32340277777777776 0.0218984375 0.024680555555555556
2 0.761859375 0.3217083333333333 0.0227578125 0.01951388888888889
2 0.8097421875 0.3219027777777778 0.03153125 0.024333333333333332
0 0.5165703125000001 0.6384305555555556 0.038796874999999995 0.09625