2 0.4324921875 0.34994444444444445 0.020742187500000002 0.021777777777777778
2 0.5729609375 0.5859722222222222 0.0677421875 0.07073611111111111
2 0.40321093750000003 0.38249999999999995 0.028726562500000004 0.03144444444444445
2 0.5208203124999999 0.41805555555555557 0.032359375 0.03811111111111111
2 0.45648437499999994 0.41718055555555555 0.039140625 0.044
2 0.5188906249999999 0.367875 0.0228671875 0.02851388888888889
2 0.31906249999999997 0.5496111111111112 0.0806953125 0.1333611111111111
2 0.45285156249999997 0.32944444444444443 0.018953125 0.018611111111111113
2 0.9307890625 0.3773611111111111 0.0392421875 0.04236111111111111
2 0.8277421875 0.32813888888888887 0.0215859375 0.018208333333333333
2 0.5328046875 0.31605555555555553 0.01784375 0.01947222222222222
2 0.9870859375000001 0.3881666666666667 0.022101562499999998 0.03311111111111111
2 0.507328125 0.3035277777777778 0.023203124999999998 0.019666666666666666
2 0.467265625 0.37805555555555553 0.03159375 0.022680555555555554
2 0.78846875 0.32230555555555557 0.018671874999999998 0.016541666666666666
2 0.63046875 0.7916666666666666 0.1171875 0.16111111111111112