2 0.6625398230088495 0.49212933753943217 0.03548672566371673 0.04892744479495265
2 0.45110619469026547 0.5288958990536278 0.03722123893805305 0.05531545741324929
2 0.611221238938053 0.5024132492113564 0.03355752212389387 0.053864353312302805
2 0.6354778761061948 0.4427760252365931 0.025362831858407153 0.028059936908517293
2 0.5956548672566372 0.4512933753943218 0.02929203539823001 0.03477917981072548
2 0.3733628318584071 0.574416403785489 0.04255752212389383 0.05985804416403793
2 0.4471769911504424 0.4417665615141956 0.026716814159292085 0.03582018927444801
2 0.24042477876106194 0.6137539432176656 0.07596460176991153 0.0610094637223974
2 0.6623716814159292 0.4240851735015773 0.02045132743362823 0.025173501577287125
2 0.4107345132743363 0.4963564668769716 0.03299999999999997 0.04405362776025229
2 0.43231858407079643 0.4056782334384858 0.019946902654867225 0.024511041009463667
2 0.5019203539823008 0.4263091482649842 0.02202654867256646 0.029668769716088242
2 0.38909734513274336 0.4541955835962145 0.03004424778761066 0.033485804416403815
2 0.36549557522123893 0.48760252365930595 0.036601769911504434 0.044589905362775996
2 0.8005044247787612 0.7155205047318611 0.08588495575221235 0.11847003154574134
2 0.6896017699115045 0.7308359621451105 0.07468141592920363 0.13577287066246063
2 0.6258230088495574 0.37851735015772875 0.012929203539822921 0.01925867507886432
2 0.30619469026548674 0.9708201892744479 0.15398230088495576 0.0583596214511041
2 0.026106194690265486 0.9337539432176656 0.05221238938053097 0.13249211356466878
2 0.27838053097345133 0.7490378548895898 0.08882300884955753 0.10779179810725557
2 0.4162920353982301 0.42526813880126185 0.023486725663716783 0.025031545741324927
2 0.4679823008849558 0.4080283911671924 0.017725663716814135 0.02831230283911679