2 0.374046875 0.504875 0.03384375 0.042041666666666665
1 0.5763125 0.5522777777777778 0.042460937500000004 0.06508333333333333
2 0.6722187500000001 0.5975555555555556 0.0521640625 0.05694444444444444
2 0.3051875 0.6350138888888889 0.056984375 0.06273611111111112
2 0.5964296874999999 0.469625 0.0273046875 0.03463888888888889
2 0.44841406250000004 0.46149999999999997 0.026765624999999998 0.03908333333333333
2 0.431484375 0.42358333333333337 0.024335937499999998 0.022805555555555558
2 0.610140625 0.43587499999999996 0.0191484375 0.021027777777777777
3 0.40333593749999996 0.4599722222222222 0.0285234375 0.05291666666666667
2 0.30553906249999996 0.941736111111111 0.114125 0.11654166666666667
2 0.12640625 0.8089861111111112 0.24125000000000002 0.3749583333333334
2 0.2146875 0.6283194444444444 0.06146875 0.056222222222222215
2 0.38640625 0.4363472222222222 0.0200546875 0.02613888888888889
2 0.578953125 0.40375 0.017265625 0.027680555555555555
2 0.52903125 0.39322222222222225 0.013539062499999999 0.01865277777777778
2 0.45846093750000005 0.4260138888888889 0.017265625 0.021666666666666667