2 0.37132137030995105 0.5143188405797101 0.035693311582381725 0.044376811594202904
2 0.313768352365416 0.6027536231884058 0.058042414355628034 0.06356521739130437
2 0.4374877650897227 0.4644492753623189 0.026329526916802588 0.030000000000000065
2 0.259257748776509 0.5688260869565217 0.05180261011419249 0.0589710144927537
2 0.401884176182708 0.4662173913043478 0.021818923327895597 0.03146376811594208
2 0.6523246329526917 0.5013043478260869 0.03019575856443718 0.043811594202898575
2 0.3969575856443719 0.5982608695652174 0.0531729200652529 0.07357971014492751
2 0.45470636215334426 0.42044927536231885 0.01921696574225118 0.018550724637681093
2 0.41946982055464926 0.432304347826087 0.019698205546492733 0.022304347826086937
2 0.6011990212071778 0.4343623188405797 0.017993474714518717 0.02371014492753625
2 0.8421696574225123 0.9036231884057971 0.13132137030995106 0.1927536231884058
2 0.3450978792822186 0.7872898550724637 0.08481239804241437 0.15069565217391306
2 0.22389885807504079 0.9536231884057971 0.11827079934747145 0.0927536231884058
2 0.2574143556280587 0.7007391304347826 0.07450244698205549 0.08756521739130445
3 0.04608482871125612 0.7963768115942029 0.09216965742251224 0.3782608695652174
2 0.5495024469820555 0.48694202898550726 0.027944535073409455 0.0420144927536232
2 0.3776345840130506 0.4380289855072464 0.021851549755301763 0.023376811594202893