2 0.4077578125 0.39166666666666666 0.026257812499999998 0.03261111111111111
2 0.3849609375 0.41558333333333336 0.034914062499999995 0.04030555555555555
2 0.8790078125 0.3515138888888889 0.025093749999999998 0.024986111111111108
2 0.5275390625 0.31945833333333334 0.018125 0.02330555555555556
2 0.3221953125 0.5894444444444444 0.0734765625 0.06479166666666666
2 0.44865625 0.3301527777777778 0.018 0.017708333333333333
2 0.8013046875000001 0.34526388888888887 0.022218750000000002 0.02330555555555556
2 0.9872578125 0.38259722222222226 0.025093749999999998 0.05225
0 0.3640625 0.5014027777777778 0.0258828125 0.03308333333333333
2 0.8000624999999999 0.3151111111111111 0.019015625 0.018875
2 0.478578125 0.3099722222222222 0.0173671875 0.01673611111111111
2 0.4843671875 0.33693055555555557 0.0220234375 0.021986111111111113
2 0.7813359375 0.31609722222222225 0.017296875 0.017555555555555557
2 0.507625 0.30825 0.020265625000000002 0.026486111111111113
2 0.6290078125 0.7711944444444444 0.1075859375 0.12647222222222224
2 0.44160937499999997 0.8784027777777779 0.1214609375 0.21130555555555552