2 0.4102265625 0.5908194444444445 0.039718750000000004 0.056611111111111105
2 0.4030625 0.4686527777777778 0.023046875 0.035222222222222224
2 0.44059375 0.4805277777777778 0.025273437500000002 0.035541666666666666
1 0.6178125 0.5364305555555556 0.06353125 0.12172222222222222
2 0.35290625000000003 0.5390972222222222 0.0571484375 0.0947638888888889
2 0.547375 0.46574999999999994 0.024375 0.03923611111111111
2 0.242484375 0.6002083333333333 0.060726562500000004 0.05127777777777778
2 0.5339765625 0.3954861111111111 0.015632812500000003 0.017152777777777777
3 0.6559453125 0.49648611111111113 0.032070312499999996 0.04527777777777778
2 0.4254296875 0.42375 0.018171875 0.02344444444444444
2 0.7467734375 0.5961805555555556 0.05625 0.05830555555555555
2 0.467578125 0.4008194444444444 0.015312500000000001 0.02279166666666667
2 0.2705 0.7032083333333333 0.0850546875 0.10145833333333333
3 0.07690625 0.7648472222222223 0.1538125 0.38249999999999995
2 0.276703125 0.9736527777777777 0.110125 0.05269444444444444
3 0.31522656250000003 0.46872222222222226 0.09085937499999999 0.14340277777777777
2 0.3703515625 0.44336111111111115 0.021156249999999998 0.04375
3 0.4043046875 0.41205555555555556 0.025765624999999997 0.03911111111111111
2 0.4567265625 0.42604166666666665 0.0166875 0.025555555555555554
2 0.5935078125000001 0.46983333333333327 0.023921875000000002 0.03429166666666667
2 0.6017421875 0.4305138888888889 0.016718749999999998 0.02972222222222222
2 0.572546875 0.40741666666666665 0.0164609375 0.021944444444444447