2 0.9224537037037038 0.8429355281207134 0.15335648148148148 0.28463648834019195
2 0.7507716049382716 0.5437242798353908 0.08969907407407404 0.13203017832647462
2 0.9320023148148147 0.47170781893004116 0.09780092592592596 0.10390946502057609
2 0.9674969561688311 0.3945356776878515 0.06344358766233764 0.12096168726603504
2 0.8800154320987655 0.3515089163237311 0.06462191358024683 0.06515775034293551
2 0.6796392746913581 0.3823731138545954 0.06028163580246915 0.08401920438957475
2 0.7343750000000001 0.36051097393689985 0.05401234567901234 0.06258573388203016
2 0.7903163580246915 0.33779149519890256 0.06076388888888893 0.0703017832647462
2 0.7973090277777779 0.2876371742112483 0.05063657407407405 0.0505829903978052
2 0.7102623456790125 0.26277434842249653 0.042438271604938294 0.047153635116598105
2 0.6613136574074074 0.2657750342935528 0.042920524691357986 0.04972565157750341
2 0.6200810185185186 0.2902091906721536 0.03858024691358022 0.047153635116598105
2 0.7218364197530864 0.23748285322359394 0.03665123456790127 0.03600823045267489
2 0.69956036121673 0.21667722855935784 0.027923003802281344 0.03115758343895227
2 0.5911359315589354 0.23463244613434725 0.027923003802281344 0.03960709759188844
2 0.6278220057034221 0.2253907900295733 0.027625950570342183 0.03485424588086185
2 0.6398526615969582 0.19713772708069288 0.02079372623574143 0.025876637093367134
2 0.6717858840304183 0.19423320659062102 0.024655418250950502 0.023236163920574565
2 0.5805905418250952 0.20136248415716093 0.022278992395437226 0.025876637093367134
2 0.5728671577946768 0.1702049007182087 0.017526140684410673 0.026932826362484185
2 0.5993048954372624 0.16967680608365018 0.016337927756654037 0.019539501478664987
2 0.6095532319391636 0.19185678073510776 0.02376425855513311 0.02376425855513311
2 0.5927734375 0.7760416666666666 0.1083984375 0.2326388888888889
2 0.40576171875 0.7465277777777778 0.091796875 0.21180555555555555
2 0.20241477272727276 0.5942113442113441 0.11199737762237763 0.16705516705516704
2 0.15024038461538464 0.5038850038850039 0.09943181818181819 0.10101010101010097
2 0.3545673076923077 0.5126262626262627 0.06665209790209792 0.12432012432012438
2 0.4474431818181818 0.46212121212121215 0.04807692307692309 0.0971250971250971
2 0.546875 0.45726495726495725 0.0557255244755245 0.09906759906759911
2 0.30157342657342656 0.44755244755244755 0.060096153846153834 0.07187257187257184
2 0.5203791182170543 0.2992032730404824 0.028766957364341116 0.04844961240310077
2 0.46890140503875966 0.3371554694229113 0.034217538759689956 0.05867786391042209
2 0.4027374031007752 0.3632644272179156 0.03875968992248056 0.06352282515073213
3 0.3465661337209302 0.33607881136950907 0.05420300387596901 0.0985142118863049
2 0.42438832364341084 0.2962424633936262 0.03058381782945734 0.04898794142980189
2 0.473140746124031 0.2800925925925926 0.028161337209302317 0.05221791559000862
2 0.48313347868217055 0.24860034453057708 0.023316375968992276 0.03660637381567615
2 0.4389232073643411 0.24214039621016367 0.029372577519379828 0.04414298018949181
2 0.37275920542635654 0.2913975021533161 0.03573158914728682 0.05760120585701982
2 0.3901707848837209 0.2631352282515073 0.030583817829457384 0.04414298018949181
2 0.5194041485900216 0.21676910098818988 0.018302603036876343 0.029826464208242955
2 0.4919502440347071 0.21466015907447578 0.018302603036876343 0.02862135454326346
2 0.4528877440347071 0.22204145577247528 0.02186144251626896 0.03494818028440589
2 0.40331819414316705 0.24298023620149434 0.024403470715835106 0.03283923837069172