2 0.7748622366288493 0.4618587896253602 0.07137763371150724 0.09894812680115268
2 0.3522285251215559 0.34685878962536026 0.05416531604538081 0.06831412103746393
2 0.259967585089141 0.25462536023054755 0.04153160453808752 0.038962536023054786
2 0.464935170178282 0.6524783861671469 0.0883792544570502 0.15259365994236307
2 0.6166936790923825 0.8674351585014409 0.11183144246353323 0.26512968299711814
2 0.7794003241491085 0.7936887608069165 0.13321717990275517 0.23002881844380418
2 0.9371961102106969 0.7651296829971181 0.12560777957860617 0.27089337175792505
2 0.486515397082658 0.4413976945244957 0.06086709886547804 0.11066282420749272
2 0.5761021069692058 0.46449567723342944 0.04855753646677478 0.10335734870317005
2 0.6769773095623987 0.4718011527377522 0.060178282009724464 0.09119596541786738
2 0.5011426256077796 0.3537319884726225 0.03791734197730953 0.06054755043227663
2 0.5620502431118315 0.3503025936599424 0.03756888168557528 0.07116714697406339
2 0.7061750405186387 0.3309510086455332 0.04423824959481373 0.057435158501440944
2 0.6517585089141005 0.29412103746397694 0.03931928687196109 0.06118155619596539
2 0.6638654781199352 0.26572046109510084 0.036863857374392225 0.03808357348703171
2 0.5576661264181523 0.2647838616714697 0.030899513776337203 0.049942363112391884
2 0.5035980551053485 0.29224783861671466 0.02948946515397091 0.048688760806916455
2 0.5053484602917342 0.2348126801152738 0.025275526742301505 0.038703170028818464
2 0.5474797406807131 0.2126512968299712 0.023873581847649948 0.04306916426512966
2 0.6387682333873582 0.23293948126801153 0.02879254457050241 0.03121037463976949
2 0.5795542949756888 0.1980835734870317 0.023030794165316105 0.02919308357348702
2 0.03565640194489465 0.4373198847262248 0.0713128038897893 0.0936599423631124
2 0.4101944894651539 0.18154178674351587 0.018905996758508854 0.02615273775216135