2 0.38902730375426625 0.5876595744680851 0.04198805460750856 0.0625683890577507
2 0.7121501706484642 0.5746048632218844 0.06466723549488052 0.08636778115501526
2 0.4143941979522184 0.48495440729483286 0.02453071672354949 0.02936170212765965
2 0.6412542662116041 0.5948024316109423 0.044343003412969303 0.06750759878419446
2 0.3693430034129693 0.4833282674772036 0.0280119453924915 0.03571428571428571
2 0.26151023890784986 0.6606990881458966 0.06489761092150166 0.06823708206686926
2 0.5682764505119454 0.47743161094224923 0.027363481228668888 0.03768996960486315
2 0.6323805460750853 0.5030699088145897 0.03130546075085329 0.04811550151975679
2 0.32808873720136517 0.47176291793313074 0.028293515358361748 0.03814589665653499
2 0.5355460750853243 0.40782674772036476 0.020784982935153497 0.03887537993920979
2 0.579641638225256 0.43299392097264444 0.01972696245733779 0.025334346504559208
3 0.354419795221843 0.4353191489361702 0.03069965870307169 0.0377507598784195
2 0.27559726962457337 0.9141337386018237 0.13651877133105803 0.1717325227963526
2 0.07935153583617748 0.9506079027355623 0.15187713310580206 0.09878419452887538
2 0.035409556313993173 0.8700607902735562 0.07081911262798635 0.1717325227963526
2 0.42620307167235494 0.4573556231003039 0.02125426621160407 0.031428571428571354
2 0.39943686006825935 0.4225531914893617 0.01897610921501707 0.023328267477203683