1 0.8909296875000001 0.34379166666666666 0.0416953125 0.04445833333333333
2 0.37028125 0.4356527777777778 0.03828125 0.04159722222222222
2 0.353046875 0.5242083333333334 0.06281250000000001 0.07995833333333334
2 0.9796250000000001 0.38384722222222223 0.036765625 0.03315277777777778
2 0.9323203124999999 0.36566666666666664 0.0303359375 0.029208333333333336
2 0.4520234375 0.4301666666666667 0.0419140625 0.051333333333333335
2 0.8212343750000001 0.34070833333333334 0.023296875 0.02023611111111111
2 0.435609375 0.34965277777777776 0.0224609375 0.024611111111111108
2 0.444546875 0.5069305555555556 0.063125 0.07395833333333333
2 0.4895390625 0.3287361111111111 0.0167578125 0.020416666666666666
2 0.5282421875 0.32669444444444445 0.019234375 0.019875
2 0.846953125 0.33741666666666664 0.0199453125 0.021180555555555557
2 0.040507812500000004 0.24280555555555555 0.0318359375 0.017263888888888888
2 0.47578906249999997 0.3516111111111111 0.0209375 0.02454166666666667
2 0.46103125 0.3230972222222222 0.0189453125 0.016430555555555556
2 0.78328125 0.3185972222222222 0.018953125 0.022458333333333337
2 0.5080234375 0.3084027777777778 0.0146640625 0.013416666666666667
2 0.435953125 0.7740833333333333 0.107671875 0.17451388888888889
2 0.29081250000000003 0.6840138888888889 0.083390625 0.11822222222222223