2 0.5622301587301587 0.3431638418079096 0.021071428571428536 0.02214689265536724
2 0.41953174603174603 0.5831920903954801 0.06881746031746035 0.0719350282485875
2 0.5919761904761904 0.3762711864406779 0.029182539682539668 0.03197740112994348
2 0.47250000000000003 0.4124293785310734 0.03287301587301593 0.03875706214689273
2 0.5378571428571429 0.4115395480225989 0.03976190476190469 0.04474576271186433
2 0.4744603174603175 0.3613983050847458 0.023230158730158715 0.0289971751412429
2 0.6774603174603174 0.5462146892655367 0.08197619047619045 0.13562146892655363
2 0.541547619047619 0.32231638418079095 0.019253968253968246 0.01892655367231635
2 0.05602380952380946 0.37104519774011296 0.03986507936507938 0.04307909604519774
2 0.1607063492063492 0.32098870056497175 0.021928571428571516 0.018516949152542393
2 0.4603253968253968 0.3087005649717514 0.01812698412698406 0.019802259887005624
2 0.005158730158730159 0.3813559322033898 0.010317460317460317 0.03389830508474576
2 0.4862063492063492 0.2959604519774011 0.023571428571428608 0.020000000000000035
2 0.5269047619047619 0.37175141242937854 0.03209523809523814 0.023064971751412488
2 0.2006031746031746 0.3150564971751412 0.01896825396825404 0.01682203389830512
2 0.3611111111111111 0.7923728813559322 0.11904761904761904 0.1638418079096045