2 0.31272070626003207 0.5556285714285715 0.07731139646869988 0.11559999999999994
2 0.48822632423756024 0.6212714285714286 0.07330658105938999 0.08890000000000002
2 0.5212680577849117 0.44934285714285715 0.038643659711075515 0.04591428571428569
2 0.8725842696629214 0.3625 0.029293739967897272 0.024314285714285688
2 0.35995987158908505 0.48058571428571434 0.044197431781701484 0.05087142857142859
2 0.8597030497592296 0.3335142857142857 0.02681380417335462 0.026214285714285745
2 0.8236195826645265 0.32389999999999997 0.022311396468699986 0.02220000000000003
2 0.9595505617977528 0.39210000000000006 0.04778491171749596 0.03934285714285709
2 0.4507544141252006 0.32975714285714286 0.03180577849117184 0.02882857142857144
2 0.9428330658105939 0.37424285714285715 0.030786516853932685 0.024885714285714226
2 0.49822632423756014 0.29914285714285715 0.014269662921348293 0.014457142857142863
2 0.4419101123595506 0.7184571428571429 0.08075441412520074 0.11120000000000005