2 0.414673735725938 0.5332318840579711 0.03637846655791183 0.05473913043478258
2 0.4385889070146819 0.45391304347826084 0.024404567699836927 0.034913043478260915
2 0.5729690048939642 0.4903333333333333 0.03395595432300172 0.04847826086956528
2 0.575489396411093 0.4276231884057971 0.021231647634583992 0.029956521739130375
1 0.3517699836867863 0.4161739130434783 0.051525285481239774 0.06752173913043483
2 0.3934747145187602 0.6251159420289855 0.05181076672104403 0.06818840579710138
2 0.39934747145187605 0.45223188405797105 0.02728384991843397 0.036826086956521696
2 0.4214518760195759 0.4086811594202899 0.018858075040782945 0.02147826086956529
2 0.6167292006525286 0.42589855072463767 0.021827079934747137 0.024434782608695672
2 0.451141924959217 0.42008695652173916 0.019249592169657347 0.022695652173913
2 0.5343719412724307 0.41242028985507245 0.01969004893964119 0.025275362318840658
1 0.33777324632952693 0.5094782608695653 0.07455954323001629 0.12960869565217384
2 0.5289070146818924 0.3700289855072464 0.01452691680261007 0.01908695652173907
2 0.7755872756933115 0.7654202898550725 0.11020391517128866 0.15439130434782605
2 0.8179690048939641 0.660927536231884 0.07841761827079924 0.12614492753623183
2 0.3257504078303426 0.8605072463768116 0.09431484502446982 0.14873913043478276
2 0.26110929853181075 0.6703478260869565 0.07523654159869494 0.10731884057971008
2 0.5583931484502447 0.38557971014492753 0.014771615008156526 0.023855072463768168