2 0.664025 0.5253857566765578 0.034858333333333276 0.043946587537092
2 0.42146666666666666 0.48609792284866465 0.028424999999999916 0.04396142433234421
2 0.7124333333333334 0.5125964391691394 0.03931666666666653 0.048412462908011863
2 0.6225166666666666 0.4597626112759644 0.023491666666666713 0.030637982195845664
2 0.4637916666666666 0.4187982195845697 0.015874999999999962 0.019747774480712084
2 0.59265 0.47295252225519285 0.026508333333333287 0.03821958456973292
2 0.571175 0.43869436201780415 0.019733333333333387 0.024080118694362045
2 0.6413583333333334 0.6262759643916914 0.039783333333333344 0.027403560830860575
2 0.5665166666666667 0.41672106824925814 0.01722500000000006 0.02108308605341252
3 0.6029 0.4056973293768546 0.028666666666666743 0.04873887240356087
2 0.8466083333333334 0.8157715133531158 0.11934999999999983 0.15235905044510395
2 0.8905250000000001 0.7245548961424333 0.10133333333333326 0.09823442136498521
2 0.6408583333333333 0.4203115727002968 0.0237166666666667 0.04145400593471818
3 0.45439999999999997 0.3706528189910979 0.023283333333333378 0.050044510385756705