2 0.6111813186813188 0.398029315960912 0.04805860805860807 0.06073289902280125
2 0.4539652014652015 0.3716449511400651 0.03902930402930393 0.05058631921824105
2 0.48124542124542125 0.2844788273615635 0.022179487179487204 0.022638436482084655
2 0.5009798534798535 0.325928338762215 0.03553113553113549 0.03799674267100975
2 0.5484249084249084 0.3147231270358306 0.02912087912087908 0.03513029315960911
2 0.5130677655677656 0.37172638436482086 0.03448717948717956 0.03752442996742674
2 0.5214468864468864 0.4180456026058632 0.04220695970695963 0.058403908794788295
2 0.06587912087912093 0.30508143322475567 0.03143772893772887 0.032231270358306224
2 0.4205952380952381 0.2627035830618893 0.02200549450549448 0.022345276872964216
2 0.09190476190476181 0.2679153094462541 0.027710622710622704 0.03359934853420195
2 0.03997252747252755 0.29920195439739417 0.025732600732600648 0.029022801302931583
2 0.13194139194139198 0.2550814332247557 0.019175824175824224 0.018469055374592792
2 0.5122435897435897 0.27529315960912054 0.022738095238095172 0.018957654723127014
2 0.6917765567765568 0.7232736156351791 0.10449633699633712 0.13693811074918574
2 0.8342490842490843 0.9641693811074918 0.17765567765567766 0.07166123778501629