2 0.8953993055555554 0.7137345679012346 0.16493055555555552 0.19907407407407404
2 0.7184533227848101 0.4498945147679325 0.078125 0.09317862165963434
2 0.8675336234177216 0.3958333333333334 0.07466376582278489 0.07471870604782001
2 0.858138844936709 0.3334212376933896 0.06180775316455698 0.05889592123769339
2 0.741198575949367 0.3580344585091421 0.0632911392405063 0.06944444444444449
2 0.6376087816455696 0.32331223628691985 0.044007120253164625 0.06153305203938118
2 0.7352650316455696 0.2837552742616034 0.04153481012658222 0.04219409282700421
2 0.8010284810126581 0.2789205344585092 0.052412974683544354 0.05186357243319265
2 0.7624051517571886 0.2472932197373092 0.0381888977635783 0.038604898828541005
2 0.6855281549520766 0.22665956691515793 0.03469448881789132 0.03993610223642171
2 0.7188498402555912 0.21734114305999286 0.031449680511182174 0.040823571175008885
2 0.6081519568690096 0.25150869719559815 0.03569289137380185 0.05147319843805466
2 0.6367312300319489 0.22599396521121756 0.024960063897763528 0.03416755413560525
2 0.6583683568329718 0.19537840443480353 0.02508134490238616 0.03163412870571223
2 0.5848190075921909 0.1994456495541094 0.02270878524945772 0.03374307061942636
2 0.6122729121475053 0.18227283682815135 0.02338665943600864 0.03374307061942638
2 0.6442177331887201 0.17459026271390696 0.02355612798264648 0.02741624487828393
2 0.6705700921908894 0.1759460110870089 0.021691973969631205 0.028922631959508296
2 0.5728518864013268 0.16809471162704998 0.02060012437810945 0.03178551686014374
2 0.6124694207702019 0.9373842592592592 0.12836766098484845 0.12245370370370381
2 0.412109375 0.7999614197530865 0.107421875 0.24498456790123468
2 0.20452178030303028 0.9258101851851852 0.1414654356060606 0.14560185185185176
2 0.05946180555555551 0.8694058641975307 0.10959201388888888 0.22569444444444445
2 0.02799479166666663 0.7092978395061729 0.04665798611111112 0.10609567901234564
2 0.22940942796610173 0.5753295668549906 0.09732521186440679 0.13182674199623354
2 0.3538797669491526 0.5205979284369116 0.06686970338983053 0.11417137476459507
2 0.45219809322033894 0.46763182674199616 0.05429025423728815 0.10004708097928436
2 0.5370279947916666 0.4177517361111111 0.04638671875 0.08318865740740738
2 0.4609375 0.34794560185185186 0.0431315104166667 0.07089120370370373
2 0.3946126302083333 0.3634982638888889 0.04150390624999996 0.06727430555555555
2 0.472868410543131 0.2836794462193823 0.02970247603833869 0.04925452609158679
2 0.4215754792332268 0.26726127085552004 0.03294728434504792 0.05191693290734827
2 0.3685353434504792 0.2839013134540291 0.029702476038338643 0.059460418885339
2 0.38313698083067094 0.2557241746538871 0.028454472843450464 0.04481718139865103
2 0.39374500798722045 0.23886226482073125 0.02570886581469649 0.03239261625843094
2 0.5202925319488818 0.24507454739084134 0.02620806709265171 0.04481718139865103
2 0.48197883386581475 0.22998757543485976 0.022963258785942475 0.033280085197018076
2 0.44091952875399354 0.22821263755768545 0.02570886581469649 0.038604898828541005
2 0.4087210463258786 0.2038072417465389 0.029702476038338643 0.03949236776712814
2 0.453649161341853 0.21201632942846999 0.021216054313099076 0.03372381966631169
2 0.4938348642172524 0.1902733404330848 0.01672324281150166 0.03194888178913738
2 0.5179213258785943 0.2031416400425985 0.019468849840255587 0.03372381966631169
2 0.5255341453674122 0.18295172168974083 0.015724840255591045 0.027067802626908055
2 0.4616363817891374 0.18938587149449768 0.01672324281150157 0.024849130280440158
3 0.3260216346153846 0.3563034188034188 0.0661057692307692 0.11752136752136748