2 0.06015358361774744 0.7241641337386018 0.12030716723549488 0.21732522796352582
2 0.22302026180498552 0.43605478819591403 0.08532423208191127 0.10195837020507109
2 0.06020218602842692 0.3768996960486323 0.08154404458461129 0.08175907044746263
2 0.07046269494966938 0.3086068254395753 0.06750334816606886 0.0644453849409411
2 0.1981790296798722 0.3355392251163865 0.06912342852205468 0.07598784194528875
2 0.31131464120620383 0.2975453041437421 0.04806238389424122 0.06733099919202803
2 0.20465935110381478 0.2542610903774384 0.04536224996759833 0.04616982801739062
2 0.1328357886551174 0.24897079758377905 0.0572428392448265 0.05675041360470924
2 0.17501826429249032 0.2143634015362654 0.04170801120936869 0.04224244248715729
2 0.2589794894721347 0.19178554434485368 0.03789159188302134 0.043699078434990324
2 0.22258720518160696 0.18158909271002258 0.03434777393712739 0.04467016906687898
2 0.34348591741268575 0.21897608203773658 0.03898199740483478 0.05632325664954305
2 0.3122730593507726 0.19105722637093717 0.027260138045339104 0.037386989327713914
2 0.2886420676226929 0.1575569167067759 0.02739259511523413 0.034614852079198795
2 0.3689690019470953 0.16200739768838718 0.024801403685414575 0.03692250888447869
2 0.3389852154020419 0.1432164779882507 0.025541744093934445 0.03692250888447873
2 0.30409667365054455 0.13481001391187386 0.025726829196064414 0.02999953846863895
2 0.27531594026933587 0.13629350757241096 0.023690893072634764 0.031647864758124554
2 0.3820388953978684 0.1277024200174407 0.02249842935493192 0.03478050477097795
2 0.3391638225255973 0.9506079027355623 0.1407849829351536 0.09878419452887538
2 0.5575938566552902 0.8191067207024655 0.11732081911262798 0.26806822019587984
2 0.784556313993174 0.9384498480243161 0.15443686006825938 0.12310030395136778
2 0.9415529010238908 0.8852583586626139 0.11689419795221843 0.22948328267477203
2 0.9761092150170648 0.7188449848024316 0.04778156996587031 0.11550151975683891
2 0.7571296349858274 0.5733089485343361 0.10629374674610975 0.14424810674359892
2 0.6211893330248163 0.5134202256452527 0.0730317579684155 0.12492916387615276
2 0.5138109562098687 0.4554633970429137 0.059293110429802856 0.10947400958219555
2 0.42116396473265083 0.400883358662614 0.05066126279863481 0.09102710233029371
2 0.5042662116040956 0.3244997467071935 0.04710608646188864 0.07757092198581564
2 0.5767029294653016 0.34151785714285715 0.04532849829351536 0.07361322188449848
2 0.4912358656184235 0.254178117443701 0.03243956427395352 0.05389553006982136
2 0.5472554493015953 0.2362129407537605 0.03598338221984746 0.056808801965487425
2 0.6051832426479408 0.2544208901016732 0.03243956427395352 0.06506307233654116
2 0.5892360618914174 0.22358876253920779 0.031076557371686464 0.04904007691037798
2 0.5776505032221483 0.20513804053332296 0.028077942186699335 0.03544480806393659
2 0.4394416033322793 0.2119356749565437 0.028623144947605962 0.04904007691037798
2 0.48128591523187464 0.1954271342144362 0.02507932700171182 0.036415898695825254
2 0.5261288423164576 0.19348495295065885 0.028077942186699335 0.04224244248715729
2 0.5612944203949449 0.16677996057372035 0.03243956427395352 0.043213533119045994
2 0.5122261719133346 0.17576254891869056 0.023171117338538338 0.036901444011769625
2 0.46833734966033863 0.15197082843741802 0.018264292490377337 0.03495926274799226
2 0.44203131644658644 0.16605164259980384 0.021262907675364463 0.036901444011769625
2 0.433716974342758 0.14395933072433648 0.017173886968563694 0.02961826427260456
2 0.5035029277388261 0.15099973780552936 0.018264292490377143 0.02719053769288287
3 0.6516145970070885 0.3336450783259294 0.07219742714623253 0.12859480944587315