2 0.10479797979798001 0.7069920387677397 0.18453768453768463 0.22326064382139138
2 0.3027794989820306 0.411096652076186 0.08741258741258741 0.10449938877716008
2 0.13597636540674507 0.35046728971962626 0.0835398778436753 0.08379667967979815
2 0.14648800566522072 0.28047241610473606 0.06915552801628752 0.06605150045348791
2 0.2773302646720369 0.30807602823455194 0.0708152606886784 0.0778816199376947
2 0.3932349296273347 0.2691352182657045 0.04923873594759678 0.06900903032453963
2 0.2839691953616004 0.22477227019992904 0.046472514826945144 0.04732047793682715
2 0.21038771355227062 0.21935013210300097 0.05864388775781187 0.058164754130683304
2 0.25360262740454426 0.18388024643436546 0.04272883665854905 0.0432952136394852
2 0.3396188476060681 0.16073970121326123 0.03881900846757081 0.044788152040846775
2 0.30233584307066724 0.15028913240373032 0.03518845371880533 0.04578344430842118
2 0.4261936146920172 0.18860788470534373 0.03993610223642165 0.0577269515193136
2 0.3942168055586586 0.15999323201258045 0.027927344221273978 0.03831875230161337
2 0.3700074329141574 0.12565802366520024 0.028063043247425173 0.035477527520424934
2 0.4523004110856606 0.13021942006068343 0.0254084310483443 0.037842696021786575
2 0.4215827556391548 0.11096019083530992 0.026166891676653124 0.037842696021786616
2 0.3858402985301034 0.10234421986606387 0.026356506833730326 0.030747190517701604
2 0.35635514160459936 0.10386468533122495 0.02427074010588107 0.032436596590102736
2 0.4656901970334806 0.09505948967519623 0.023049090213269417 0.035647308628198586
2 0.42176573426573427 0.9439252336448598 0.14423076923076922 0.11214953271028037
2 0.645541958041958 0.8036950501903773 0.1201923076923077 0.2747490481135341
2 0.8780594405594405 0.9314641744548287 0.15821678321678323 0.13707165109034267
2 0.8499614791987673 0.5517714768467183 0.10889534194618956 0.14784307513596273
2 0.7106939670498992 0.4903902001161624 0.07481924854806205 0.12804266328739644
2 0.6006874481450754 0.430988964570463 0.06074434040535747 0.11220233380854311
2 0.505772872960373 0.37504867601246106 0.051901223776223776 0.09329569055036332
2 0.5909090909090909 0.29676142263759087 0.048259032634032764 0.07950415368639671
2 0.6651187354312355 0.31420366043613707 0.046437937062937064 0.07544781931464174
2 0.5775598203713219 0.22468722940491473 0.033233539623316016 0.05523872085037766
2 0.63495051274604 0.2062743224547888 0.03686409437208149 0.05822459765310082
2 0.694296119216247 0.22493605247180834 0.033233539623316016 0.06668458192748299
2 0.6779586228468018 0.19333552297632198 0.031837172412252215 0.050262259512505784
2 0.6660895015527603 0.17442496989240888 0.028765164547912257 0.03632816776646461
2 0.5244978663509015 0.18139201576542952 0.029323711432337578 0.050262259512505784
2 0.567366339730557 0.16447204721666514 0.025693156683571902 0.03732346003403897
2 0.6133068209745527 0.1624814626815164 0.028765164547912257 0.04329521363948524
2 0.649333095019996 0.13511092532322116 0.033233539623316016 0.0442905059070596
2 0.5990638754217029 0.14431737879828407 0.02373824258808298 0.03782110616782619
2 0.5541008512254518 0.11993271824271193 0.018711320628253706 0.03583052163267743
2 0.5271509640519225 0.1343644561225404 0.021783328492593665 0.03782110616782619
2 0.518633124064434 0.11172155703522338 0.017594226859402665 0.030356414161018377
2 0.5901271252708952 0.11893742597513758 0.018711320628253505 0.027868183492082442
3 0.7418639053254438 0.3061346752935538 0.07396449704142004 0.13179966450994485