2 0.8717948717948717 0.6741086881273798 0.1427738927738929 0.17826237452405697
2 0.9375 0.5654205607476636 0.125 0.22741433021806853
2 0.714758925285241 0.4066240367273323 0.07821126242178868 0.09837678307919327
2 0.9174662546755571 0.35372745055422733 0.06911692958204604 0.07969282040136205
2 0.817094242966336 0.34014344707672245 0.059460887949260036 0.0706368180830254
2 0.8501280696048138 0.29395783525320585 0.05336233533907952 0.04890241251901764
2 0.6394738981948285 0.28988263420995436 0.048788420881444174 0.049808012750851276
2 0.7434033989266547 0.2658842280663624 0.04014880468368842 0.047091212055350294
2 0.7896507562205237 0.2532058248206912 0.042181655553748525 0.047091212055350294
2 0.7406952870529029 0.21686506708478615 0.0368560799024375 0.03747945506935421
2 0.7245828123311566 0.19313954048124998 0.02624307260068841 0.02578861587340882
2 0.6874372867750351 0.21187926801592713 0.02913752913752907 0.028195553354927027
2 0.6555017829852267 0.22150701794199976 0.03280384075086061 0.04057408897416327
2 0.5986739529785888 0.21824045993136795 0.02913752913752927 0.03610406222277242
2 0.6971819571157319 0.17130517904176387 0.021997869679988857 0.033697124741254206
2 0.6620625511353988 0.17405596473492746 0.02855863783016106 0.03163403547138156
2 0.6179703298908596 0.16717900050201842 0.02026119575788442 0.02682016050834523
2 0.5875785362540329 0.17439981294657292 0.02354157983297062 0.03644791043441784
2 0.6123251748251748 0.9026479750778816 0.1284965034965035 0.19470404984423675
2 0.3951048951048951 0.883177570093458 0.12062937062937062 0.2336448598130841
2 0.08391608391608392 0.8481308411214953 0.16783216783216784 0.24454828660436137
2 0.4371974179666488 0.5325904624970045 0.07127487896718657 0.14018691588785046
2 0.3171732114039806 0.5853103283009825 0.08136094674556214 0.1449796309609394
3 0.26237224314147395 0.44871794871794873 0.094136632598171 0.16415049125329495
2 0.4573695535233997 0.41097531751737365 0.0470683162990855 0.09106158638868918
2 0.5377592492977109 0.3595201959687941 0.04034427111350191 0.07189072609633362
2 0.3838533261610185 0.3588545410975318 0.052298129221206135 0.08387251377905577
2 0.33080808080808083 0.32157786830684026 0.05080389695774318 0.0772159650664323
2 0.47201302970533743 0.28563250525867345 0.03287310979618675 0.05857762867108667
2 0.5215094734325504 0.2556780360518678 0.031752435598589486 0.05857762867108667
2 0.41523220369374225 0.2803072662885747 0.03885003885003886 0.06257155789866073
2 0.4354043392504932 0.24336342093351437 0.028390413005797494 0.04193625688952789
2 0.36349441157133466 0.26932396091274596 0.04146494531109918 0.055249354314774846
2 0.48649798888462376 0.21044766132090198 0.022739790042892564 0.034944497728607644
2 0.5240499357444465 0.2162097859463639 0.023991521604886754 0.029368248091063875
2 0.5226938932189529 0.18330991308485567 0.020862192699901576 0.034944497728607554
2 0.44644257890081274 0.2037561617558495 0.02357427775088869 0.03420099777693517