2 0.8307291666666666 0.6288580246913581 0.1276041666666668 0.1589506172839507
2 0.91015625 0.5324074074074074 0.15277777777777768 0.20370370370370372
2 0.9724712171052632 0.4172439370485037 0.05349506578947363 0.10349372205022386
2 0.6903782894736842 0.3903508771929824 0.06990131578947363 0.087719298245614
2 0.8715479651162792 0.34318475452196384 0.06177325581395347 0.07105943152454783
2 0.7818404796511629 0.3310723514211886 0.05314316860465116 0.06298449612403098
2 0.8113644622093024 0.289890180878553 0.04769258720930232 0.04360465116279069
2 0.623092296511628 0.28625645994832044 0.04360465116279064 0.04441214470284238
2 0.7159792877906976 0.2648578811369509 0.03588299418604653 0.041989664082687346
2 0.757312863372093 0.2535529715762274 0.03769985465116275 0.041989664082687346
2 0.713558912803532 0.2211491292617121 0.032940121412803516 0.033419180770174174
2 0.6991583885209712 0.19999386804022568 0.023454746136865358 0.02299484915378957
2 0.6659595750551877 0.2167034584253128 0.02604166666666661 0.025141035074809893
2 0.6374172185430463 0.2252882021093942 0.029318432671081675 0.03617856266862892
2 0.5866273454746137 0.22237552121658086 0.026041666666666696 0.032192788815305365
2 0.6746688741721855 0.1805248957566839 0.01966059602649013 0.03004660289428502
2 0.6432809050772627 0.18297767966642142 0.025524282560706445 0.02820701496198187
2 0.6038734823399559 0.17684571989207754 0.0181084437086092 0.023914643119941143
2 0.576710816777042 0.18328427765513863 0.02104028697571749 0.032499386804022576
2 0.599227870873591 0.8727623456790123 0.1149053945249598 0.25169753086419744
2 0.40505642361111105 0.8385416666666666 0.10850694444444446 0.2527006172839505
2 0.196265773204607 0.969212962962963 0.10325203252032518 0.058796296296296194
2 0.12293836805555554 0.7845293209876543 0.15842013888888892 0.21797839506172834
2 0.44230769230769235 0.5026709401709402 0.06370192307692309 0.125
2 0.33503605769230765 0.5496794871794872 0.07271634615384612 0.12927350427350429
3 0.28605769230769235 0.4278846153846154 0.08413461538461538 0.14636752136752137
2 0.4603365384615385 0.3942307692307693 0.04206730769230775 0.08119658119658123
2 0.5321848290598291 0.3483499525166192 0.03605769230769225 0.06410256410256411
2 0.3946314102564103 0.3477564102564103 0.04674145299145303 0.07478632478632477
2 0.3472222222222222 0.31451804368471037 0.045405982905982925 0.06885090218423551
2 0.47342414529914534 0.28246676163342826 0.029380341880341908 0.05223171889838558
2 0.5176615918803419 0.2557573599240266 0.028378739316239354 0.05223171889838558
2 0.4226762820512821 0.27771842355175685 0.03472222222222223 0.05579297245963911
2 0.4407051282051283 0.2447768281101614 0.0253739316239316 0.037393162393162406
2 0.3764356303418804 0.2679249762583096 0.03705929487179489 0.049264007597340946
2 0.48637007756563244 0.21542694245558205 0.02032368735083532 0.03115884380800848
2 0.519932130071599 0.2205648369132856 0.021442422434367538 0.02618668788119862
2 0.5187201670644391 0.1912291169451074 0.018645584725536946 0.031158843808008443
2 0.4505705548926014 0.20946035534341026 0.021069510739856766 0.03049588968443382