2 0.8325307651150348 0.6411111111111112 0.1310861423220975 0.16349206349206366
2 0.9141252006420546 0.541904761904762 0.15694667380060648 0.20952380952380964
2 0.9751203852327448 0.4228571428571429 0.04975922953451043 0.10571428571428572
2 0.6883500887049083 0.39578947368421047 0.07180873532144963 0.0902255639097744
2 0.8744633991563703 0.34727574750830564 0.06345888237709525 0.07308970099667778
2 0.7823080368808093 0.3348172757475083 0.0545933032214715 0.06478405315614615
2 0.8126376497816268 0.29245847176079737 0.04899399007055134 0.04485049833887047
2 0.6192280413602599 0.2887209302325581 0.044794505207361265 0.045681063122923596
2 0.7146496696405241 0.2667109634551495 0.03686214491022436 0.043189368770764125
2 0.7571111277016687 0.25508305647840535 0.03872858262719769 0.043189368770764125
2 0.7121632491079622 0.22175339009776102 0.033838969027599114 0.034374014506464864
2 0.6973697731194568 0.199993692841375 0.02409476328666737 0.0236518448438978
2 0.663265053026196 0.21718070009460747 0.026752273943285117 0.025859350362661643
2 0.6339438521148469 0.22601072216966261 0.030118454108334303 0.0372122358877326
2 0.5817680595565855 0.22301482182276888 0.0267522739432853 0.033112582781456984
2 0.6722120055701424 0.17996846420687485 0.020197080990294745 0.030905077262693145
2 0.6399675429365138 0.1824913276568906 0.02622077181196168 0.029012929675181372
2 0.5994847972673704 0.1761841690318512 0.01860257459632406 0.02459791863765377
2 0.5715809353728841 0.1828066855881426 0.021614420007157617 0.033427940712708895
2 0.5943017656500803 0.8807142857142857 0.11797752808988764 0.23857142857142857
2 0.3952425539504191 0.8567857142857143 0.1114678080970216 0.2599206349206348
2 0.18057784911717495 0.98 0.10593900481540931 0.04
2 0.10542625289816299 0.8012301587301587 0.16274299982165155 0.22420634920634905
2 0.4335103099148043 0.5113186813186813 0.06544017779972827 0.12857142857142856
2 0.32331151994073337 0.5596703296703297 0.07470058031855786 0.132967032967033
3 0.2729966662550932 0.43439560439560443 0.08643042350907514 0.15054945054945051
2 0.4520311149524633 0.3997802197802198 0.04321521175453757 0.0835164835164835
2 0.5258399528062451 0.3525885225885226 0.03704161007531797 0.06593406593406598
2 0.3845330699263284 0.351978021978022 0.048016901949486206 0.07692307692307687
2 0.3358302122347066 0.3177899877899878 0.046644990465215246 0.07081807081807077
2 0.46547584749831944 0.2848229548229548 0.030182052653962795 0.053724053724053776
2 0.5109204154147975 0.25735042735042735 0.02915311904075953 0.053724053724053776
2 0.4133432110960201 0.2799389499389499 0.03566969859104682 0.057387057387057405
2 0.43186401613367914 0.24605616605616604 0.026066318201149546 0.038461538461538436
2 0.3658407759531355 0.2698656898656899 0.03807054368852124 0.050671550671550644
2 0.47877503955377976 0.21586771224002727 0.020878266299413396 0.0320490964882373
2 0.5132529105069396 0.2211524036822366 0.022027528664518816 0.026934878963518583
2 0.5120078762780755 0.1909785202863962 0.019154372751755543 0.032049096488237214
2 0.4419986438704091 0.20973065121036483 0.021644441209483677 0.03136720081827483