2 0.1478823320928585 0.6633522727272727 0.14176856282119443 0.16414141414141395
2 0.03708133971291866 0.5127840909090909 0.07416267942583732 0.10795454545454546
2 0.16205918837497782 0.4684343434343435 0.09923799397483608 0.10890151515151526
2 0.07212475633528256 0.3768939393939394 0.07885876306928923 0.08364898989898993
2 0.18068872215912976 0.2972397859922179 0.05181861622574298 0.0635611956137248
2 0.22630151608238852 0.3049776706756279 0.056783274067730316 0.0635611956137248
2 0.33738573529685556 0.34560156526353025 0.054921527376985 0.07074637424831977
2 0.3415746653510324 0.2419691811107181 0.04282017388714106 0.06687743190661473
2 0.39013522486797114 0.24804894764768307 0.03320114931829052 0.03703130527060489
2 0.2739312022539547 0.22483529359745313 0.03164969374266933 0.034820481075344904
2 0.24104034405078845 0.25302330208701806 0.03475260489391153 0.039242129465864875
2 0.3110109905112977 0.2306387071100106 0.025133580325060984 0.03426777502652989
2 0.2996853648092641 0.2043851697912982 0.024823289209936854 0.03260965688008492
2 0.3400876593397369 0.20093023752563222 0.022634337038769072 0.025365259740259785
2 0.415035795229701 0.20159774436090225 0.02143516686452969 0.02616626794258375
2 0.3651203367269849 0.17556497778537253 0.018137448885371388 0.021093215994531744
2 0.3945000059958509 0.16795539986329458 0.01723807125469185 0.021360218728639812
2 0.42792687460277495 0.1676883971291866 0.01783765634181154 0.02136021872863977
2 0.5608656948926226 0.6068644291754757 0.0649085716405179 0.15691067653276958
2 0.43846667408478907 0.6101678118393234 0.07974481658692185 0.14700052854122622
2 0.6524331441712103 0.49950449260042284 0.07464485738659535 0.13709038054968287
2 0.46556020733652315 0.3708274147727273 0.04641397527910686 0.08322975852272728
2 0.5376731957735247 0.38109241832386365 0.044233452950558215 0.07712624289772728
2 0.6065154007177034 0.3758212002840909 0.05108652312599681 0.08322975852272728
2 0.582841158293461 0.3095148259943182 0.03800338915470494 0.054931640625
2 0.6961992809450437 0.38696552388289673 0.058457005379396146 0.08907935285053932
2 0.4798359535201641 0.27554563492063494 0.0275942381205538 0.0509559884559885
2 0.5246449456975772 0.2507440476190476 0.026075289233183842 0.04013347763347763
2 0.5650236702868282 0.24420544733044736 0.023796865902129087 0.038780663780663846
2 0.6391990076200602 0.2962887806637806 0.033923191817928744 0.060876623376623425
2 0.6210982000455685 0.26269390331890335 0.03164476848687381 0.045093795093795096
2 0.6017316017316017 0.2263933982683983 0.03240424293055879 0.04103535353535357
2 0.6191995139363561 0.1997880591630592 0.025315814789499045 0.03291847041847036
2 0.5492012860433912 0.20880681818181818 0.019999493683704194 0.03472222222222224
2 0.4846459583301689 0.22368777056277056 0.01949317738791415 0.0356240981240981
2 0.480089111668059 0.1912202380952381 0.016961595908964282 0.030212842712842705
2 0.5111009847851953 0.1957296176046176 0.02126528442317904 0.03382034632034638
2 0.6064593301435407 0.9225852272727273 0.14274322169059012 0.15482954545454544
2 0.9497607655502392 0.9424715909090909 0.10047846889952153 0.11505681818181818