2 0.8723944172557548 0.6434782608695652 0.14500634402755125 0.16747181964573252
2 0.9738988580750407 0.48985507246376814 0.052202283849918436 0.11014492753623188
2 0.8578937828529999 0.4446054750402577 0.10150444081928577 0.11111111111111122
2 0.9498821823454777 0.351207729468599 0.08065977886532519 0.08534621578099842
2 0.838838778476714 0.2699374048384368 0.0530020756501482 0.06485084306095978
2 0.7921842567966434 0.27783229008064064 0.05808011882621029 0.06485084306095978
2 0.6785630407322538 0.3192804376022106 0.056175852635186936 0.07218180792872046
2 0.6742784418024513 0.213545367394124 0.043798122393535796 0.0682343653076185
2 0.624608831986594 0.21974849151299836 0.03395941373991542 0.037782665087689626
2 0.7434667800762976 0.19606383578638698 0.032372525247395874 0.03552698358991712
2 0.777108816117709 0.22482377488298652 0.03554630223243479 0.04003834658546213
2 0.7055401451050838 0.2019849997180398 0.025707593578814417 0.034963063215473975
2 0.7171244311004754 0.17519878193199123 0.025390215880310617 0.033271302092144614
2 0.675799408799323 0.1716737495913697 0.023151271326767062 0.025879917184265015
2 0.5991395699689681 0.17235480004358722 0.021924713905481428 0.02669717772692603
2 0.6501950226299844 0.14579383240710472 0.01855168099694594 0.021521194290072966
2 0.6201443658084853 0.1380298572518252 0.017631762930981714 0.02179361447096004
2 0.585954077690147 0.1377574370709382 0.01824504164162453 0.02179361447096
2 0.4499791342615426 0.5858442871587463 0.06639098600098649 0.1600943714189417
2 0.5751735650062598 0.5892146949780923 0.08156606851549755 0.14998314796090328
2 0.3563204218672939 0.4763060330299967 0.07634963390113432 0.13987192450286484
2 0.5474612561174551 0.34501811594202897 0.04747400081566069 0.08491847826086957
2 0.4737013152528548 0.35549139492753623 0.045243678629690046 0.07869112318840579
2 0.40328685766721045 0.3501132246376812 0.05225326264274062 0.08491847826086957
2 0.42750178425774876 0.2824615036231884 0.038871329526916805 0.05604619565217391
2 0.3115547322144496 0.3614836649471874 0.05979207564907241 0.09088676000982562
2 0.5328594733162433 0.24780308258569128 0.028224449105362533 0.05198987807683464
2 0.48702711100753515 0.22249827467218772 0.026670809705067324 0.04094778007821486
2 0.44572619694968796 0.21582700713135497 0.024340350604624698 0.03956751782838746
2 0.3698568062352728 0.26896710374971244 0.0346979466065926 0.06211180124223607
2 0.38837100908879046 0.23469059121233035 0.03236748750614988 0.04600874166091558
2 0.4081799114425542 0.19765355417529334 0.033144307206297484 0.041867954911433206
2 0.39031305833915947 0.17050839659535316 0.025893990004919907 0.03358638141246831
2 0.4619099407027629 0.17971014492753623 0.020456252103886675 0.03542673107890501
2 0.5279396152153085 0.19489302967563837 0.01993837230378821 0.03634690591212328
2 0.5326005334161941 0.16176673567977917 0.017348973303296256 0.030825856912813428
2 0.5008803956601673 0.1663676098458707 0.021750951604132557 0.0345065562456867
2 0.40385728569173296 0.9106591865357644 0.1460295742777456 0.1612903225806451
2 0.051794453507340944 0.9347826086956522 0.10358890701468189 0.13043478260869565