2 0.8441840277777777 0.6527777777777778 0.13888888888888892 0.16049382716049373
2 0.9581597222222221 0.5065373309817756 0.08211805555555554 0.10566725455614355
2 0.830295138888889 0.4621913580246914 0.09722222222222232 0.10648148148148151
2 0.9184027777777779 0.3726851851851852 0.07725694444444446 0.08179012345679013
2 0.8120440175097275 0.29480112408127973 0.050766050583657484 0.06214872460008646
2 0.767357733463035 0.30236705577172507 0.05562986381322954 0.06214872460008646
2 0.6585299124513618 0.3420881971465629 0.053805933852140074 0.0691742325983571
2 0.6544260700389104 0.24075875486381326 0.04195038910505842 0.06539126675313445
2 0.6068518968871596 0.24670341547773456 0.032526750972762655 0.03620838737570256
2 0.7206955252918288 0.22400562040639863 0.031006809338521357 0.03404669260700391
2 0.7529182879377432 0.2515672287073065 0.03404669260700395 0.03837008214440121
2 0.6843689202334631 0.2296800691742326 0.024623054474708184 0.03350626891482927
2 0.695464494163424 0.20400994379593604 0.024319066147859926 0.03188499783830526
2 0.6558828712406015 0.2006317878028404 0.022174577067669166 0.024801587301587307
2 0.5824571193609023 0.20128446115288218 0.020999765037594022 0.025584795321637443
2 0.631358670112782 0.17583020050125314 0.017769031954887195 0.020624477861319948
2 0.6025757753759399 0.16838972431077692 0.016887922932330834 0.020885547201336684
2 0.5698278900375939 0.1681286549707602 0.017475328947368494 0.020885547201336667
2 0.4395893895348838 0.5975452196382429 0.06359011627906978 0.15342377260981913
2 0.5595021802325582 0.6007751937984496 0.078125 0.14373385012919898
2 0.34988190406976744 0.49257105943152457 0.07312863372093022 0.1340439276485788
2 0.532958984375 0.3667534722222222 0.04547119140625 0.08138020833333333
2 0.462310791015625 0.3767903645833333 0.0433349609375 0.0754123263888889
2 0.394866943359375 0.3716362847222222 0.05004882812499996 0.08138020833333333
2 0.418060302734375 0.3068033854166667 0.03723144531249996 0.0537109375
2 0.3070047669491525 0.382532956685499 0.05726959745762712 0.08709981167608286
2 0.5189732142857142 0.2735890652557319 0.02703373015873014 0.04982363315696649
2 0.47507440476190477 0.24933862433862433 0.025545634920634885 0.039241622574955906
2 0.435515873015873 0.24294532627865964 0.02331349206349209 0.03791887125220461
2 0.3628472222222222 0.2938712522045855 0.03323412698412698 0.05952380952380953
2 0.3805803571428571 0.2610229276895944 0.03100198412698414 0.04409171075837743
2 0.39955357142857145 0.22552910052910058 0.031746031746031765 0.040123456790123455
2 0.38244047619047616 0.19951499118165789 0.024801587301587304 0.032186948853615505
2 0.4510168650793651 0.20833333333333334 0.019593253968253954 0.033950617283950636
2 0.5142609126984127 0.22288359788359788 0.01909722222222223 0.03483245149911814
2 0.5187251984126984 0.19113756613756613 0.016617063492063443 0.02954144620811287
2 0.48834325396825395 0.19554673721340388 0.020833333333333304 0.03306878306878309
2 0.395413306451613 0.908826164874552 0.13986895161290325 0.15456989247311823
2 0.056811785954301044 0.9341173835125447 0.10278687836021498 0.12898745519713278