2 0.8185763888888888 0.6805555555555556 0.1414930555555556 0.25925925925925924
2 0.4891493055555556 0.6072530864197532 0.07465277777777773 0.2175925925925926
2 0.21942463013285027 0.7865740740740741 0.17756453804347835 0.425
2 0.3098958333333333 0.5 0.07725694444444446 0.16666666666666666
2 0.1935763888888889 0.5162037037037037 0.08940972222222227 0.15895061728395063
2 0.446875 0.25601851851851853 0.04375 0.075
2 0.34140625 0.19722222222222222 0.03697916666666667 0.07592592592592592
2 0.39772727272727265 0.1531986531986532 0.0359848484848485 0.05274971941638608
2 0.2804608585858585 0.2275533108866442 0.03630050505050505 0.06677890011223345
2 0.24097222222222223 0.1632716049382716 0.0375 0.06604938271604939
2 0.2916407545605306 0.09070388796756959 0.02306177446102821 0.03777409250046066
2 0.3266220978441127 0.07043486272341998 0.019952321724709777 0.034088815183342544
2 0.3574575041459369 0.05316012529942882 0.019952321724709777 0.029021558872305144
2 0.3180941358024691 0.04098079561042523 0.01813271604938276 0.02709190672153635
2 0.3510802469135802 0.03463648834019204 0.017746913580246944 0.02469135802469136