2 0.8406810035842293 0.6921606118546845 0.14605734767025105 0.2676864244741874
2 0.5006272401433692 0.6164754620777566 0.07706093189964154 0.22466539196940727
2 0.2217741935483871 0.7911089866156787 0.18333333333333332 0.41778202676864246
2 0.3155913978494624 0.505736137667304 0.07974910394265242 0.17208413001912046
2 0.19551971326164874 0.5224665391969407 0.09229390681003588 0.16411727214786495
2 0.45698924731182794 0.2538240917782027 0.04516129032258064 0.07743785850860421
2 0.3481182795698925 0.1931166347992352 0.038172043010752686 0.07839388145315487
2 0.4062561094819159 0.14766208934468972 0.03714565004887581 0.05446433744712906
2 0.2852069077875529 0.22443362883133436 0.03747148908439234 0.06894953357668464
2 0.24444444444444446 0.15806246016571063 0.03870967741935484 0.06819630337794777
2 0.2967474455678596 0.08313594551144853 0.023805702669448536 0.039001931071221345
2 0.3328572192799443 0.062208080058598056 0.020595945006152028 0.03519686462524852
2 0.36468731610763383 0.0443718310931005 0.020595945006152028 0.029964898262035904
2 0.32405416168857026 0.03179661497061114 0.018717642373556335 0.027972523192408477
2 0.3581043409000398 0.025246087387578782 0.018319394663480718 0.025493945188017852