2 0.1698756518251104 0.7591006423982869 0.1634576815082232 0.29978586723768735
2 0.5504412354592859 0.6743397573162028 0.08624147613317285 0.25160599571734477
2 0.8625150421179302 0.8179871520342612 0.20517448856799037 0.3640256959314775
2 0.7575210589651022 0.550321199143469 0.08924989971921389 0.19271948608137046
2 0.8918973124749298 0.5690578158458244 0.10328920978740465 0.18379728765167747
2 0.5992779783393501 0.2682012847965739 0.05054151624548736 0.0867237687366167
2 0.7211191335740073 0.20021413276231265 0.04271961492178099 0.08779443254817987
2 0.6560551361995406 0.14930893517617286 0.04157094409801986 0.06099539290117451
2 0.7915253619224738 0.23528648368048796 0.041935601502388675 0.07721757186425281
2 0.8371440032089851 0.16095645967166308 0.04332129963898917 0.07637401855817277
2 0.7786099586304339 0.07704518094751087 0.02664176111021316 0.04367882216327358
2 0.7381982985194365 0.05360776417697384 0.023049613544791077 0.03941747365953956
2 0.7025761684956686 0.03363269306572069 0.023049613544791077 0.0335581194669053
2 0.7480500958238624 0.0195495281148386 0.02094754200650709 0.031326830042033474
2 0.7099879663056559 0.01284796573875803 0.02045728038507822 0.02569593147751606