3 0.07513661202185792 0.7805825242718447 0.15027322404371585 0.4388349514563107
2 0.27318356607974104 0.7116864437252786 0.1032179720704311 0.21035598705501604
2 0.5165553531673751 0.6065084501977706 0.07184780408824128 0.22653721682847888
2 0.3273224043715848 0.4473930240920532 0.08601497672535922 0.27148507731032007
2 0.2478850435134589 0.4249190938511327 0.0728597449908925 0.14023732470334413
2 0.4781015988666263 0.28827759798633584 0.04553734061930791 0.10068320747932398
2 0.3521149564865413 0.19838187702265375 0.0485731633272617 0.10068320747932398
2 0.4285164946367133 0.16601941747572818 0.04351345881400522 0.08629989212513481
3 0.40170006071645425 0.0896080546565984 0.04047763610605132 0.08809780654440848
2 0.3425015179113541 0.08960805465659838 0.025298522566282133 0.034160373966199184
2 0.30151791135397704 0.11477885652642937 0.03035822707953861 0.0665228335131248
2 0.24484922080550503 0.14804027328299177 0.03238210888484112 0.0647249190938511
2 0.3349119611414695 0.03836749370729958 0.022262699858328346 0.03955411722402014
2 0.3005059704513257 0.036569579288025934 0.02226269985832822 0.021574973031283716