3 0.07470100308641978 0.7753426057824206 0.14940200617283955 0.44437519784742024
2 0.26610725308641986 0.6963305898491083 0.09837962962962968 0.20061728395061726
2 0.49807098765432106 0.5960219478737997 0.06847993827160496 0.21604938271604932
2 0.31770833333333337 0.4442729766803841 0.08198302469135801 0.2589163237311386
2 0.2419945987654322 0.4228395061728395 0.06944444444444443 0.1337448559670782
2 0.46141975308641986 0.29252400548696844 0.0434027777777778 0.09602194787379972
2 0.3413387345679013 0.20679012345679015 0.04629629629629631 0.09602194787379972
2 0.414158950617284 0.17592592592592596 0.04147376543209873 0.08230452674897117
3 0.38859953703703715 0.1030521262002744 0.03858024691358022 0.08401920438957475
2 0.332175925925926 0.10305212620027439 0.024112654320987657 0.03257887517146774
2 0.293113425925926 0.1270576131687243 0.028935185185185237 0.06344307270233197
2 0.23910108024691365 0.1587791495198903 0.030864197530864185 0.061728395061728385
2 0.32494212962962976 0.05418381344307275 0.021219135802469147 0.03772290809327847
2 0.2921489197530865 0.05246913580246918 0.021219135802469088 0.020576131687242805