3 0.9301587301587302 0.7740112994350282 0.13968253968253969 0.4519774011299435
2 0.7413090339016264 0.6940085094510706 0.09994121105232205 0.20401757689893268
2 0.5056633352929648 0.5919997210016043 0.0695669214187733 0.21971123666038914
2 0.6888888888888889 0.4376787333472833 0.0832843425436018 0.26330473599776805
2 0.7658044287673916 0.41588198367859386 0.07054673721340396 0.1360117179326219
2 0.542896335488928 0.28335774569296224 0.044091710758377506 0.09764943851572852
2 0.6648834019204389 0.1961707470182047 0.047031158142269144 0.09764943851572852
2 0.5909073094258279 0.16478342749529193 0.04213207916911617 0.08369951872776729
3 0.616872427983539 0.09067447862174798 0.03919263178522429 0.08544325870126246
2 0.6741916519694298 0.09067447862174796 0.024495394865765362 0.03313105949640787
2 0.7138741916519694 0.11508683825068008 0.02939447383891834 0.06451837901932066
2 0.7687438761512835 0.14734602776034042 0.03135410542817943 0.06277463904582545
2 0.6815402704291592 0.04097788937713613 0.021555947481873478 0.03836227941689336
2 0.7148540074466 0.03923414940364097 0.021555947481873478 0.020924879681941833