2 0.09394290123456797 0.7854938271604939 0.16300154320987653 0.27949245541838147
2 0.23639769072965186 0.8584190672153635 0.12886356915798036 0.2813100137174211
2 0.5004822530864198 0.65860768175583 0.07137345679012347 0.2520576131687242
2 0.30468750000000006 0.5128600823045267 0.10030864197530866 0.3000685871056242
2 0.47974537037037046 0.4031207133058985 0.05111882716049383 0.11831275720164604
2 0.3345871913580248 0.3311042524005487 0.05401234567901234 0.10802469135802466
2 0.449363425925926 0.2839506172839507 0.05594135802469135 0.11659807956104253
2 0.34471450617283955 0.24022633744855967 0.0434027777777778 0.07373113854595335
2 0.27334104938271614 0.27366255144032925 0.05304783950617284 0.10288065843621397
3 0.42139274691358036 0.1784979423868313 0.05787037037037036 0.10116598079561043
2 0.3423032407407408 0.15277777777777782 0.032793209876543196 0.0565843621399177
2 0.2882908950617285 0.14163237311385463 0.032793209876543196 0.051440329218106984
2 0.24006558641975315 0.15449245541838139 0.032793209876543196 0.06344307270233195
2 0.87133487654321 0.5857338820301783 0.0993441358024692 0.15775034293552817
0 0.3046875000000001 0.1990740740740741 0.015432098765432122 0.05658436213991772
2 0.29263117283950624 0.05589849108367631 0.020254629629629584 0.034293552812071346
2 0.32301311728395077 0.042181069958847774 0.025077160493827164 0.05486968449931412