2 0.07513661202185792 0.7834951456310679 0.15027322404371585 0.29320388349514565
2 0.21448087431693988 0.8563106796116505 0.13497267759562842 0.287378640776699
2 0.49176280105241865 0.6507731032002877 0.07488362679619506 0.2642934196332254
2 0.28633879781420774 0.4979503775620281 0.10524185387573366 0.3146350233728875
2 0.470006071645416 0.38288385472851494 0.05363286784051818 0.12405609492988127
2 0.3177089657963976 0.307371449119022 0.05666869054847196 0.11326860841423944
2 0.4381299332119005 0.25792880258899686 0.05869257235377453 0.12225818051060763
2 0.32833434527423605 0.2120819848975189 0.04553734061930791 0.07731032002876656
2 0.253450718478041 0.24714131607335496 0.05565674964582062 0.10787486515641853
3 0.40878364703501324 0.1473570658036678 0.060716454159077095 0.10607695073714489
2 0.3258044930176079 0.12038834951456316 0.03440599069014374 0.05933117583603018
2 0.2691358024691359 0.10870190578928446 0.03440599069014374 0.053937432578209266
2 0.2185387573365716 0.1221862639338368 0.03440599069014368 0.06652283351312474
2 0.8808540781218377 0.5743617403811578 0.10422991297308244 0.1654081265731752
0 0.2863387978142078 0.16893203883495148 0.016191054442420527 0.05933117583603024
2 0.27368953653106665 0.018806184825602347 0.02125075895567688 0.03595828838547287
2 0.30546448087431693 0.01650485436893204 0.02622950819672131 0.03300970873786408