2 0.901994301994302 0.7913411458333334 0.171957671957672 0.2947771990740742
2 0.7519230769230769 0.85986328125 0.1357142857142857 0.2802734375
2 0.473117623117623 0.6575159143518519 0.07529507529507524 0.26584201388888884
2 0.6796703296703297 0.5037977430555556 0.10582010582010583 0.316478587962963
2 0.4949938949938949 0.3880570023148148 0.053927553927553995 0.12478298611111105
2 0.648127798127798 0.3121021412037037 0.0569800569800571 0.11393229166666663
2 0.527045177045177 0.26236979166666674 0.059015059015059004 0.12297453703703698
2 0.6374440374440374 0.2162543402777778 0.04578754578754587 0.07776331018518512
2 0.7127391127391126 0.25151909722222227 0.0559625559625559 0.10850694444444442
3 0.5565527065527065 0.15115017361111116 0.061050061050061034 0.10669849537037035
2 0.6399877899877899 0.12402343750000006 0.03459503459503464 0.05967881944444442
2 0.6969678469678469 0.11226851851851855 0.03459503459503464 0.05425347222222221
2 0.7478428978428977 0.12583188657407413 0.03459503459503464 0.0669126157407407
2 0.08188848188848184 0.5806568287037037 0.10480260480260488 0.16637731481481488
0 0.6796703296703296 0.17285156250000003 0.016280016280016244 0.059678819444444475
2 0.6923890923890923 0.02184606481481486 0.021367521367521257 0.036168981481481496
2 0.6604395604395604 0.01806640625 0.026373626373626374 0.0361328125