2 0.25260416666666674 0.7229080932784636 0.1678240740740741 0.43895747599451307
2 0.5077160493827162 0.7006172839506173 0.08198302469135807 0.2709190672153635
2 0.48263888888888895 0.46484910836762694 0.06076388888888887 0.1388888888888889
2 0.4623842592592593 0.3353909465020577 0.06269290123456787 0.12345679012345677
2 0.32445987654320996 0.42112482853223593 0.08005401234567901 0.16117969821673525
2 0.19473379629629636 0.49657064471879286 0.09837962962962961 0.1886145404663923
0 0.27092978395061734 0.43312757201646096 0.030864197530864244 0.0994513031550069
2 0.34326774691358036 0.30281207133058985 0.03858024691358028 0.09602194787379972
2 0.26755401234567905 0.2728052126200275 0.05111882716049386 0.07373113854595335
2 0.3485725308641976 0.22565157750342937 0.03954475308641978 0.07887517146776404
3 0.43152006172839513 0.20336076817558305 0.0704089506172839 0.10973936899862824
2 0.33314043209876554 0.10048010973936904 0.0337577160493827 0.07887517146776404
2 0.29070216049382724 0.1536351165980796 0.03182870370370375 0.04458161865569276
2 0.2415123456790124 0.1587791495198903 0.03761574074074074 0.06515775034293551
2 0.29070216049382724 0.09533607681755833 0.02218364197530859 0.037722908093278454
2 0.7821180555555557 0.9398148148148148 0.11766975308641972 0.1148834019204388