2 0.2494736842105264 0.7263490081842142 0.16959064327485385 0.44388958246636157
2 0.5072709551656921 0.7038077403245943 0.08284600389863547 0.2739631016784575
2 0.48192982456140354 0.4653904841170759 0.061403508771929745 0.1404494382022472
2 0.4614619883040936 0.3344777361631295 0.06335282651072129 0.1248439450686641
2 0.3220857699805069 0.4211749202385906 0.08089668615984405 0.16299070606186716
2 0.1909941520467837 0.49746844222499653 0.09941520467836258 0.1907338049660147
0 0.2679922027290449 0.43331252600915526 0.03118908382066282 0.10056873352753501
2 0.3410916179337233 0.30153280621445416 0.03898635477582849 0.09710084616451657
2 0.2645808966861599 0.2711887917880428 0.05165692007797277 0.0745595783048966
2 0.3464522417153997 0.22350534054653906 0.03996101364522426 0.07976140934942431
3 0.4302729044834309 0.20096407268691918 0.07115009746588696 0.11097239561659034
2 0.3308576998050683 0.0969274517963657 0.03411306042884989 0.07976140934942431
2 0.287972709551657 0.15067970592315166 0.03216374269005859 0.04508253571923984
2 0.23826510721247568 0.15588153696767934 0.03801169590643272 0.0658898598973505
2 0.287972709551657 0.09172562075183802 0.022417153996101374 0.03814676099320293
2 0.7842105263157895 0.9433520599250936 0.11894736842105263 0.11329588014981273