2 0.7673780487804878 0.7885032537960954 0.19695121951219513 0.4229934924078091
2 0.4684056007226738 0.8087490961677513 0.09598012646793133 0.31734554511127183
2 0.4977642276422764 0.5325781312766129 0.07113821138211372 0.16268980477223427
2 0.5214769647696477 0.3809351651000242 0.07339656729900637 0.1446131597975415
2 0.6829494128274616 0.4813609705149835 0.0937217705510387 0.18880051418012378
2 0.8348238482384822 0.5697356792801478 0.11517615176151749 0.22093677191291072
0 0.7456187895212285 0.4954205832730779 0.03613369467027995 0.11649393428135292
2 0.6609304426377596 0.3427733590423396 0.04516711833784994 0.11247690206475455
2 0.7495709123757903 0.30762432714710375 0.05984643179765138 0.08636619265686503
2 0.6547199638663053 0.25239013416887607 0.0462962962962964 0.09239174098176264
3 0.5576106594399276 0.22627942476098664 0.08242999096657636 0.12854503093114802
2 0.6727868112014452 0.10576845826303531 0.03952122854561877 0.09239174098176264
2 0.7224706413730804 0.16803245762031016 0.037262872628726414 0.05222141881577891
2 0.780058717253839 0.17405800594520773 0.04403794037940376 0.07632361211536912
2 0.7224706413730804 0.09974290993813775 0.025971093044263788 0.04418735438258214