2 0.9513406635802468 0.8703379080266892 0.09731867283950635 0.25027801084075835
2 0.7710262345679012 0.8000685871056241 0.15721450617283944 0.3737997256515775
2 0.5139853395061728 0.6054526748971194 0.07523148148148143 0.17661179698216747
2 0.5163966049382716 0.440843621399177 0.078125 0.16975308641975312
2 0.6683063271604938 0.45456104252400553 0.057870370370370475 0.1388888888888889
2 0.8043016975308641 0.4922839506172839 0.0887345679012346 0.14574759945130314
2 0.716531635802469 0.27023319615912206 0.042438271604938176 0.07201646090534984
2 0.6499807098765431 0.2822359396433471 0.040509259259259287 0.07887517146776409
3 0.5578703703703702 0.23508230452674903 0.06847993827160508 0.11831275720164608
2 0.6581790123456789 0.16820987654320993 0.04147376543209873 0.10802469135802471
2 0.7102623456790123 0.183641975308642 0.037615740740740713 0.06344307270233192
2 0.7604166666666666 0.15449245541838139 0.027970679012345557 0.06344307270233192
0 0.7039930555555555 0.11591220850480113 0.013503086419753174 0.04458161865569273
2 0.6692708333333333 0.08419067215363515 0.023148148148148095 0.04629629629629627