2 0.04865933641975313 0.8703379080266892 0.09731867283950627 0.25027801084075835
2 0.22897376543209885 0.8000685871056241 0.15721450617283955 0.3737997256515775
2 0.48601466049382724 0.6054526748971194 0.07523148148148148 0.17661179698216736
2 0.4836033950617285 0.440843621399177 0.078125 0.16975308641975312
2 0.33169367283950624 0.45456104252400553 0.05787037037037042 0.13888888888888895
2 0.19569830246913586 0.4922839506172839 0.08873456790123457 0.14574759945130314
2 0.2834683641975309 0.27023319615912206 0.042438271604938266 0.07201646090534979
2 0.35001929012345684 0.2822359396433471 0.040509259259259287 0.07887517146776409
3 0.4421296296296297 0.23508230452674903 0.06847993827160496 0.11831275720164608
2 0.3418209876543211 0.16820987654320993 0.04147376543209879 0.10802469135802471
2 0.2897376543209878 0.183641975308642 0.037615740740740776 0.06344307270233195
2 0.2395833333333334 0.15449245541838139 0.027970679012345675 0.06344307270233195
0 0.29600694444444453 0.11591220850480113 0.013503086419753056 0.04458161865569273
2 0.3307291666666668 0.08419067215363515 0.023148148148148154 0.04629629629629627