2 0.047606382978723404 0.8785444234404537 0.09521276595744681 0.24291115311909262
2 0.2297872340425532 0.8114366729678639 0.16063829787234044 0.3771266540642722
2 0.49263199369582356 0.6152068893089687 0.07683215130023635 0.1802842540082617
2 0.4901694247438929 0.4471749632430162 0.0797872340425532 0.17328292375551357
2 0.3350275807722617 0.4611776237485123 0.059101654846335804 0.14177693761814744
2 0.1961386918833728 0.4996849401386263 0.0906225374310481 0.14877826787089546
2 0.2857762017336486 0.2730168732059091 0.04334121355397953 0.07351396765385428
2 0.35374310480693466 0.2852692011482182 0.04137115839243501 0.08051529790660229
3 0.44781323877068563 0.23713505566057555 0.06993695823483059 0.12077294685990338
2 0.3453703703703705 0.16887208569628234 0.042356185973207214 0.11027095148078137
2 0.29217888100866835 0.18462507876496537 0.038416075650118175 0.06476230483791917
2 0.2409574468085107 0.1548694251907863 0.028565799842395583 0.06476230483791917
0 0.29858156028368804 0.11548694251907865 0.01379038613081163 0.045508646642862145
2 0.33404255319148946 0.08310579010011906 0.023640661938534226 0.04725897920604912