2 0.7998606133014735 0.48010055945046387 0.08861011549183591 0.14163302882232148
2 0.996505376344086 0.9450286806883366 0.006989247311827957 0.10611854684512428
2 0.6973118279569891 0.5456058352807874 0.07865392273994412 0.1735004603073437
2 0.5230784547988849 0.6173075561220877 0.06670649143767414 0.20359747893208704
2 0.5210872162485064 0.4526591601161391 0.07666268418956591 0.1717300474470646
3 0.5474711270410194 0.2942072091211671 0.07765830346475502 0.15225550598399545
2 0.6684388689765033 0.236668791162099 0.05276782158502595 0.1327809645209263
0 0.7231979291119075 0.20480135967707672 0.012943050577459089 0.05488279866864957
2 0.7759657506969334 0.1401812902768926 0.03484667463162085 0.0672756886906026
2 0.7246913580246912 0.1534593867289852 0.03385105535643174 0.054882798668649514
2 0.6769016328156112 0.11539551023298637 0.025886101154918423 0.046030734367254446
2 0.6699322978892871 0.15522979958926422 0.03185981680605329 0.04780114722753346
2 0.6380724810832337 0.06493874371503439 0.02787733970529663 0.04780114722753343
2 0.7276782158502587 0.09415055590963815 0.029868578255675085 0.060194037249486576