2 0.21836419753086425 0.4862825788751715 0.08584104938271606 0.13717421124828533
2 0.016782407407407492 0.9372427983539096 0.029899691358024685 0.10288065843621397
2 0.3177083333333334 0.5497256515775034 0.07619598765432094 0.16803840877914955
2 0.48649691358024694 0.6191700960219478 0.06462191358024688 0.19718792866941012
2 0.488425925925926 0.45970507544581624 0.07426697530864199 0.16632373113854595
3 0.4628665123456791 0.306241426611797 0.07523148148148148 0.1474622770919067
2 0.3456790123456791 0.25051440329218105 0.05111882716049383 0.12860082304526746
0 0.29263117283950624 0.2196502057613169 0.012538580246913551 0.0531550068587106
2 0.2415123456790124 0.15706447187928674 0.0337577160493827 0.06515775034293551
2 0.291184413580247 0.16992455418381347 0.03279320987654325 0.053155006858710545
2 0.33748070987654327 0.13305898491083681 0.025077160493827164 0.044581618655692705
2 0.34423225308641986 0.171639231824417 0.030864197530864185 0.04629629629629627
2 0.3750964506172841 0.08419067215363515 0.02700617283950617 0.04629629629629627
2 0.2882908950617285 0.11248285322359398 0.02893518518518518 0.05829903978052126