2 0.20013864131511194 0.485917476411773 0.08813626460685282 0.14082523588227022
2 0.004010695187165776 0.9477186311787072 0.008021390374331552 0.10456273764258556
2 0.3021390374331552 0.5510491480073229 0.07823331352743106 0.17251091395578091
2 0.4754406813230343 0.6223419236727221 0.06634977223212508 0.20243627658076335
2 0.47742127153891867 0.4586325869595832 0.07625272331154685 0.17075059850725244
3 0.4511784511784513 0.3010843543162935 0.07724301841948895 0.15138712857344033
2 0.33085759556347805 0.24387410223912123 0.0524856407209349 0.13202365863962826
0 0.2763913646266588 0.2121884241656105 0.012873836403248079 0.0545697789043797
2 0.22390572390572397 0.1479369102943248 0.03466032877797582 0.06689198704407825
2 0.27490592196474556 0.16113927615828758 0.03367003367003372 0.05456977890437965
2 0.32244008714596956 0.12329249401492752 0.0257476728064964 0.045768201661737784
2 0.32937215290156474 0.16289959160681594 0.031689443454149265 0.04752851711026616
2 0.36106159635571416 0.0731235037318688 0.027728263022380607 0.047528517110266136
2 0.2719350366409191 0.10216870863258698 0.029708853238265057 0.05985072524996479