2 0.15084876543209885 0.6286008230452675 0.12249228395061726 0.2023319615912208
2 0.3085455246913581 0.4862825788751715 0.08873456790123457 0.2537722908093278
2 0.48601466049382724 0.6191700960219478 0.07137345679012347 0.1800411522633744
2 0.4850501543209877 0.45284636488340196 0.07137345679012341 0.14231824417009606
2 0.26755401234567905 0.31995884773662553 0.04533179012345683 0.09945130315500685
2 0.3509837962962964 0.2676611796982168 0.040509259259259287 0.07373113854595335
2 0.2800925925925926 0.21622085048010978 0.04147376543209879 0.0805898491083676
2 0.2415123456790124 0.16049382716049387 0.035686728395061706 0.061728395061728385
2 0.41126543209876554 0.1750685871056242 0.037615740740740713 0.0565843621399177
2 0.34326774691358036 0.19393004115226342 0.03665123456790127 0.07030178326474623
2 0.2863618827160495 0.14591906721536352 0.02893518518518518 0.053155006858710545
3 0.4710648148148149 0.31995884773662553 0.078125 0.154320987654321
1 0.9021990740740741 0.42455418381344306 0.1668595679012345 0.34979423868312753
0 0.2405478395061729 0.4134087791495199 0.024112654320987657 0.10459533607681754
0 0.3152970679012347 0.19135802469135804 0.013503086419753056 0.058299039780521235