2 0.15534979423868323 0.6471234079929732 0.13065843621399173 0.21592738984043328
2 0.32355967078189307 0.4952422778509735 0.09465020576131691 0.27082418386766194
2 0.5128600823045268 0.637058995754648 0.07613168724279831 0.19213877909530072
2 0.5118312757201646 0.45955936173327483 0.07613168724279831 0.1518811301419997
2 0.2798353909465021 0.3177426438296004 0.048353909465020654 0.10613380178597569
2 0.36882716049382724 0.26193090323525114 0.0432098765432099 0.07868540477236123
2 0.2932098765432099 0.2070341092080223 0.04423868312757198 0.0860049773093251
2 0.2520576131687243 0.14756258234519107 0.038065843621399156 0.06587615283267453
2 0.433127572016461 0.16311667398623927 0.04012345679012343 0.06038647342995167
2 0.36059670781893016 0.18324549846288982 0.039094650205761354 0.07502561850387937
2 0.2998971193415639 0.1320084907041429 0.030864197530864255 0.05672668716146975
3 0.4969135802469137 0.3177426438296003 0.08333333333333333 0.16469038208168651
1 0.9338888888888889 0.4288537549407115 0.1322222222222222 0.37351778656126483
0 0.2510288065843622 0.41747181964573266 0.025720164609053502 0.11162348118869855
0 0.3307613168724281 0.18050065876152835 0.014403292181069926 0.062216366564192625