2 0.1169679349429066 0.6183085919928025 0.13377996881978674 0.2211725895936422
2 0.2891964774786163 0.46273804168541016 0.0969114734757511 0.27740290898185616
2 0.48301942443011847 0.6079997001049633 0.07795053301310406 0.19680611785874932
2 0.4819660388488603 0.426188334083071 0.07795053301310406 0.1555705503073924
2 0.24442759027514438 0.2809266756635178 0.04950912231913378 0.10871195081721396
2 0.33554544305397555 0.22375918428550012 0.044242194412842904 0.08059679112310685
2 0.2581216028315005 0.167528864897286 0.04529557999410107 0.08809416704153543
2 0.21598617958117394 0.10661268556005402 0.03897526650655203 0.0674763832658569
2 0.4013820418826108 0.12254460938671471 0.04108203766906836 0.06185335132703551
2 0.3271183584039103 0.1431623931623932 0.04002865208781026 0.07684810316389264
2 0.2649686091096786 0.09068076173339333 0.03160156743774491 0.058104663367821247
3 0.4666919479206169 0.28092667566351776 0.08532423208191127 0.16869095816464244
1 0.9232081911262798 0.39473684210526316 0.15358361774744028 0.3825910931174089
0 0.2149327939999158 0.3830784225521067 0.0263346395314541 0.11433498275603536
0 0.2965701765474235 0.14035087719298248 0.014747398137614259 0.06372769530664264