2 0.8530338849487784 0.6279493103689702 0.11918833727344356 0.21879157039837552
2 0.779649330181245 0.4004060771546594 0.07092198581560291 0.14177693761814744
2 0.6762214342001575 0.4879227053140097 0.07092198581560291 0.14527760274452145
2 0.5191095350669819 0.615696982426661 0.07584712371946416 0.1942869145137577
2 0.5191095350669819 0.4546663866134566 0.07584712371946416 0.16628159350276547
3 0.5358550039401102 0.3102639501505286 0.08372734436564223 0.16103059581320459
1 0.22875082085631723 0.8450430581810544 0.21025971893879683 0.30991388363789124
2 0.0797872340425532 0.4651683819925786 0.07387706855791952 0.16978225862913948
2 0.6634160756501182 0.2770076314499755 0.04137115839243501 0.1015192886648463
2 0.7402482269503545 0.267380802352447 0.039401103230890376 0.07526430021704128
2 0.7717691095350669 0.14310719036616962 0.03349093774625694 0.07176363509066717
2 0.7171000788022064 0.18599033816425123 0.03644602048857378 0.06651263740110622
2 0.6634160756501182 0.2008681649513408 0.03349093774625694 0.06826296996429322
2 0.602836879432624 0.14923335433732413 0.03250591016548474 0.049009311769236154
2 0.5727935382190701 0.21574599173843034 0.04531126871552405 0.05951130714835816
0 0.7629038613081166 0.5763144997549533 0.039401103230890376 0.13302527480221255
0 0.9824468085106383 0.9324196597353497 0.035106382978723406 0.1275992438563327