2 0.8329594440045746 0.7054655077910893 0.13306061405823866 0.24469501213687242
2 0.751033694026568 0.45098269516874173 0.0791765637371339 0.15856236786469344
2 0.6355678719099145 0.5488607000234907 0.0791765637371339 0.1624774880588834
2 0.4601697897422362 0.6917625871114244 0.08467493621887923 0.21728917077754298
2 0.4601697897422362 0.5116670581786861 0.08467493621887923 0.18596820922402313
3 0.4788642561801706 0.35016835016835013 0.09347233218967185 0.1800955289327383
1 0.13628266033254158 0.8874207188160677 0.2345605700712589 0.2251585623678647
2 0.6212721034573766 0.3129747083235455 0.04618632884666142 0.11353848563150887
2 0.7070467141726048 0.30220812778952316 0.043986979853963125 0.08417508417508422
2 0.7422362980557754 0.16322136089577954 0.037388932875868794 0.08025996398089415
2 0.6812043635084014 0.21118158327460657 0.040687956364916095 0.07438728368960928
2 0.6212721034573766 0.2278208440999139 0.037388932875868794 0.07634484378670425
2 0.5536421219319081 0.17007282123561196 0.03628925837951965 0.05481168271865946
2 0.5201020497932611 0.24446010492522124 0.05058502683205773 0.06655704330122932
0 0.7323392275886337 0.6477174849267872 0.043986979853963125 0.14877456737921868