2 0.15952932098765438 0.63460219478738 0.11670524691358022 0.21433470507544575
2 0.23138503086419757 0.4116941015089164 0.06944444444444443 0.1388888888888889
2 0.3326581790123458 0.49742798353909473 0.06944444444444446 0.142318244170096
2 0.486496913580247 0.622599451303155 0.07426697530864199 0.19032921810699588
2 0.486496913580247 0.46484910836762694 0.07426697530864199 0.16289437585733882
3 0.4701003086419754 0.3233882030178326 0.08198302469135801 0.15775034293552814
1 0.7708064879115227 0.8472736625514403 0.205879308127572 0.30360082304526753
2 0.9166666666666666 0.4751371742112483 0.07233796296296298 0.1663237311385459
2 0.34519675925925936 0.2908093278463649 0.040509259259259287 0.09945130315500685
2 0.26996527777777785 0.2813786008230453 0.03858024691358028 0.07373113854595341
2 0.23910108024691365 0.1596364883401921 0.032793209876543196 0.0703017832647462
2 0.29263117283950624 0.20164609053497945 0.03568672839506177 0.06515775034293554
2 0.34519675925925936 0.21622085048010978 0.03279320987654325 0.0668724279835391
2 0.404513888888889 0.16563786008230455 0.03182870370370369 0.04801097393689986
2 0.4339313271604939 0.23079561042524008 0.0443672839506173 0.058299039780521235
0 0.2477816358024692 0.5840192043895747 0.03858024691358028 0.13031550068587108
0 0.02642746913580256 0.9329561042524006 0.047260802469135804 0.12517146776406038