0 0.08815586419753094 0.7512002743484225 0.1456404320987654 0.27606310013717433
2 0.29407793209876554 0.5488683127572017 0.0887345679012346 0.19032921810699588
2 0.4869791666666668 0.6131687242798354 0.07716049382716049 0.18175582990397796
2 0.21643518518518523 0.45970507544581624 0.07426697530864196 0.1457475994513032
2 0.48456790123456794 0.45113168724279834 0.08969907407407411 0.17318244170096025
3 0.4744405864197532 0.32081618655692734 0.09259259259259256 0.15946502057613168
2 0.8896604938271605 0.5291495198902607 0.10513117283950611 0.17146776406035658
2 0.34664351851851855 0.3422496570644719 0.04726080246913581 0.1131687242798354
2 0.26900077160493835 0.36025377229080935 0.05594135802469138 0.1251714677640603
2 0.2767168209876544 0.2616598079561043 0.03858024691358028 0.07887517146776404
2 0.3505015432098766 0.24022633744855967 0.03954475308641978 0.0668724279835391
2 0.4165702160493828 0.1990740740740741 0.03858024691358022 0.042866941015089116
2 0.4001736111111112 0.1630658436213992 0.03472222222222226 0.046296296296296294
2 0.3485725308641976 0.1793552812071331 0.033757716049382755 0.05829903978052126
2 0.2415123456790124 0.15534979423868317 0.029899691358024682 0.054869684499314134
1 0.32156635802469147 0.04046639231824421 0.03568672839506177 0.07201646090534979