0 0.9211737629459148 0.7284836065573771 0.15765247410817032 0.305327868852459
2 0.6952648851383028 0.5048952641165756 0.09802668030516136 0.21061020036429884
2 0.48216340621403897 0.5760473588342441 0.08524059156970556 0.2011232544019427
2 0.781038230405319 0.4062310261080753 0.08204406938584155 0.16127808136004856
2 0.4848271747005924 0.3967440801457195 0.0990921876997826 0.19163630843958715
3 0.49601500234411616 0.2525425015179114 0.10228870988364662 0.1764571948998178
2 0.047756041426927506 0.48258196721311475 0.09551208285385501 0.19057377049180327
2 0.637194732131441 0.2762598664238009 0.052209862336444694 0.12522768670309647
2 0.722968077398457 0.29618245294474804 0.061799428888036474 0.13850941105039458
2 0.7144440182414865 0.18708257437765635 0.04262029578485265 0.08727990285367332
2 0.6329327025529556 0.16336520947176686 0.04368580317947416 0.07399817850637523
2 0.5599454460213953 0.11782786885245905 0.04262029578485265 0.047434729811778945
2 0.5780590717299577 0.07798269581056469 0.03835826620636765 0.05122950819672131
2 0.6350637173421984 0.09600789313904073 0.03729275881174613 0.06451123254401943
2 0.7533350381451646 0.0694444444444445 0.03303072923326087 0.060716454159077116