0 0.9233409610983981 0.7627291242362525 0.15331807780320367 0.3034623217922607
2 0.7004407153148571 0.5405069020140304 0.09746588693957119 0.20932337632948642
2 0.48855835240274587 0.6112242588821 0.08475294516484455 0.19989439541374346
2 0.7857233663869819 0.44244550049030706 0.08157470972116282 0.16029267556762464
2 0.49120688193914736 0.4330165195745644 0.09852529875413167 0.19046541449800108
3 0.5023307059920331 0.2896960096552765 0.1017035341978134 0.1753790450328128
2 0.05205949656750572 0.5183299389002036 0.10411899313501144 0.1894093686354379
2 0.6427027714213068 0.3132684619446331 0.05191117891346732 0.12446254808780262
2 0.7279854224934315 0.33306932186769256 0.061445885244512236 0.13766312136984227
2 0.719510127976947 0.22463604133665235 0.042376472582422144 0.08674662442483219
2 0.6384651241630647 0.2010635890472958 0.04343588439698289 0.07354605114279249
2 0.5658954148656665 0.1558044806517312 0.042376472582422144 0.047144904578713086
2 0.583905415713196 0.11620276080561216 0.03813882532418019 0.05091649694501019
2 0.6405839477921857 0.13411782454552318 0.03707941350961944 0.06411707022704984
2 0.7581786592084073 0.10771667798144381 0.032841766251377226 0.06034547786075279
1 0.6704805491990846 0.010183299389002037 0.038901601830663615 0.020366598778004074