2 0.9265397994679763 0.7538746998471948 0.13607530182115832 0.24376045987047965
2 0.7664211172498465 0.7675180091683039 0.13300593411090655 0.3183438841592084
2 0.5331491712707181 0.6701957360110602 0.08184980560671175 0.20010187004293095
2 0.23867403314917127 0.8786836935166994 0.15138121546961325 0.24263261296660119
2 0.5326376099856762 0.47009386596812924 0.07673419275629209 0.18191079094811907
2 0.6855944342132186 0.3982391035436222 0.05729486392469805 0.12188022993523982
2 0.8078575813382443 0.4810085134250164 0.08287292817679558 0.14189041693953286
2 0.7802332719459791 0.35549006767081426 0.06650296705545328 0.1236993378447209
3 0.554123183957438 0.32365567925489347 0.08696541845713116 0.1400713090300517
2 0.6753632085123797 0.2772684275631231 0.04501739308369158 0.08731717965509717
2 0.6078371188868426 0.18813213999854472 0.03683241252302017 0.05821145310339807
2 0.6855944342132186 0.2017754493196537 0.04501739308369158 0.04911591355599214
2 0.7940454266421118 0.15174998180892094 0.0327399222426846 0.07276431637924756
1 0.700941272764477 0.05988503238012083 0.04092490280335575 0.11096558247835261
2 0.6508082668303662 0.08080477333915452 0.028647431962349024 0.04729680564651095
2 0.740843052997749 0.052608600742196074 0.0163699611213423 0.02728661864221785
2 0.6917331696337221 0.1435639962162556 0.028647431962349024 0.052754129374954516