2 0.12976253765727458 0.760047281323877 0.1473063973063973 0.2639873916469662
2 0.3030967570441255 0.7748226950354611 0.14398369661527563 0.3447596532702916
2 0.5556220095693781 0.669424743892829 0.08860535176324658 0.21670606776989754
2 0.8744019138755981 0.8819148936170212 0.1638755980861244 0.23617021276595745
2 0.5561757930178984 0.45271867612293143 0.08306751727804361 0.19700551615445236
2 0.3905945419103315 0.37490149724192273 0.06202374623427254 0.1319936958234831
2 0.25824029771398205 0.4645390070921986 0.08971291866028708 0.1536643026004728
2 0.2881446039340777 0.3286052009456265 0.07199184830763782 0.13396375098502752
3 0.5329168881800461 0.2941292356185974 0.09414318624844939 0.15169424743892831
2 0.4016702108807373 0.24389282899921202 0.0487329434697856 0.09456264775413714
2 0.4747696260854157 0.14736012608353036 0.03987240829346084 0.06304176516942472
2 0.3905945419103315 0.1621355397951143 0.0487329434697856 0.05319148936170213
2 0.2731924508240298 0.10795902285263992 0.03544214070529859 0.07880220646178088
1 0.3738038277511962 0.03404255319148936 0.04425837320574163 0.06808510638297872
2 0.4282518164097112 0.031126871552403505 0.031011873117136206 0.05122143420015761
2 0.3304425837320574 0.007446808510638298 0.017344497607655503 0.014893617021276596
2 0.38394914052808793 0.09909377462568958 0.031011873117136206 0.057131599684791194