2 0.11612654320987661 0.7263374485596706 0.12827932098765432 0.22976680384087791
2 0.2670717592592593 0.7391975308641976 0.1253858024691358 0.3000685871056242
2 0.4869791666666668 0.6474622770919067 0.07716049382716049 0.1886145404663923
2 0.7647569444444445 0.8592249657064472 0.14274691358024694 0.2589163237311386
2 0.4874614197530865 0.45884773662551437 0.07233796296296298 0.17146776406035663
2 0.34326774691358036 0.3911179698216735 0.05401234567901234 0.11488340192043896
2 0.22800925925925936 0.46913580246913583 0.07812500000000003 0.1337448559670782
2 0.254050925925926 0.35082304526748975 0.06269290123456793 0.11659807956104253
3 0.46720679012345684 0.32081618655692734 0.08198302469135801 0.1320301783264746
2 0.3529128086419754 0.2770919067215364 0.042438271604938294 0.08230452674897122
2 0.4165702160493828 0.1930727023319616 0.0347222222222222 0.05486968449931411
2 0.34326774691358036 0.20593278463648837 0.042438271604938294 0.046296296296296294
2 0.24103009259259264 0.1587791495198903 0.030864197530864185 0.06858710562414264
1 0.3288001543209878 0.07218792866941019 0.03858024691358022 0.10459533607681756
2 0.3760609567901235 0.0919067215363512 0.02700617283950617 0.04458161865569273
2 0.291184413580247 0.06532921810699592 0.015432098765432063 0.025720164609053492
2 0.33748070987654327 0.15106310013717428 0.02700617283950617 0.04972565157750345