2 0.1521306252489049 0.6915586714821896 0.12743926722421342 0.2390057361376673
2 0.18870967741935485 0.9670172084130019 0.14086021505376345 0.06596558317399617
2 0.508562325766627 0.7101480065151193 0.09358821186778167 0.315133489129665
2 0.309936280366388 0.5826782805750301 0.09458383114297089 0.19120458891013384
2 0.22829549980087624 0.43219318745131363 0.0686977299880526 0.1451738545428794
3 0.4881521306252489 0.4065222009772679 0.09060135404221435 0.21776078181431904
2 0.4547988849064119 0.27551164931662064 0.04978096375945839 0.08320940443311384
2 0.23924731182795705 0.14981233623681048 0.03285543608124252 0.06904610155088162
2 0.2885304659498209 0.19407265774378588 0.03982477100756674 0.05842362438920759
2 0.34776981282357633 0.23921818568090084 0.03484667463162085 0.06727568869060271
2 0.34279171644763057 0.3534098151688974 0.05077658303464749 0.10799518447702001
2 0.4209478295499801 0.1958430706040649 0.03584229390680996 0.06196445010976562
2 0.4050179211469535 0.16043481339848456 0.027877339705296753 0.054882798668649514
2 0.39008363201911594 0.12502655619290423 0.02389486260453997 0.037178670065859384
1 0.3368180007964955 0.10201118900927701 0.052767821585025826 0.13986261596204236
1 0.2935085623257667 0.01968699100630272 0.02389486260453997 0.038949082926138384