2 0.12754754754754763 0.6840099715099714 0.12812812812812807 0.2403846153846154
2 0.1643243243243243 0.9639423076923077 0.14162162162162162 0.07211538461538461
2 0.485905905905906 0.7027065527065527 0.094094094094094 0.3169515669515669
2 0.2862062062062063 0.5745014245014245 0.09509509509509506 0.19230769230769232
2 0.2041241241241242 0.42314814814814816 0.0690690690690691 0.146011396011396
3 0.46538538538538543 0.39732905982905986 0.09109109109109119 0.21901709401709396
2 0.43185185185185193 0.2655626780626781 0.05005005005005006 0.08368945868945872
2 0.21513513513513519 0.13913817663817668 0.03303303303303302 0.06944444444444439
2 0.2646846846846848 0.18365384615384617 0.040040040040040074 0.05876068376068379
2 0.3242442442442443 0.22905982905982913 0.035035035035035016 0.06766381766381772
2 0.31923923923923936 0.3439102564102564 0.051051051051051 0.10861823361823358
2 0.3978178178178179 0.18543447293447296 0.03603603603603595 0.062321937321937346
2 0.3818018018018019 0.14982193732193735 0.028028028028028087 0.05519943019943018
2 0.36678678678678683 0.11420940170940176 0.02402402402402397 0.03739316239316242
1 0.3132332332332333 0.09106125356125361 0.053053053053052995 0.1406695156695157
1 0.2694594594594595 0.013461538461538462 0.024324324324324326 0.026923076923076925