2 0.15518904320987661 0.6808984910836762 0.12345679012345676 0.23148148148148148
2 0.19087577160493835 0.9578189300411522 0.13695987654320982 0.08230452674897122
2 0.5004822530864198 0.6989026063100137 0.09066358024691355 0.30521262002743477
2 0.30806327160493835 0.575445816186557 0.09162808641975309 0.18518518518518517
2 0.22897376543209885 0.42969821673525377 0.06655092592592592 0.14060356652949246
3 0.4807098765432099 0.40483539094650206 0.0877700617283951 0.2109053497942386
2 0.4483989197530865 0.27794924554183814 0.048225308641975315 0.08058984910836765
2 0.2395833333333334 0.15620713305898495 0.03182870370370369 0.06687242798353907
2 0.287326388888889 0.1990740740740741 0.03858024691358028 0.05658436213991772
2 0.34471450617283955 0.24279835390946508 0.033757716049382755 0.06515775034293554
2 0.3398919753086421 0.3533950617283951 0.04918981481481482 0.10459533607681754
2 0.41560570987654327 0.20078875171467767 0.0347222222222222 0.06001371742112485
2 0.4001736111111112 0.16649519890260633 0.02700617283950623 0.053155006858710545
2 0.38570601851851855 0.13220164609053503 0.023148148148148154 0.03600823045267489
1 0.33410493827160503 0.10991083676268866 0.05111882716049377 0.13545953360768176
1 0.2921489197530865 0.03017832647462282 0.023148148148148095 0.03772290809327847