2 0.9675675675675676 0.9283653846153846 0.06486486486486487 0.13942307692307693
2 0.8216756379020529 0.9545405982905982 0.12150943396226417 0.09091880341880351
3 0.5271871871871872 0.800462962962963 0.13713713713713713 0.38105413105413083
2 0.5201801801801801 0.3953703703703704 0.0650650650650651 0.12286324786324791
2 0.6908508508508507 0.45858262108262104 0.06806806806806816 0.14957264957264968
2 0.7659259259259259 0.34818376068376067 0.06006006006005992 0.10327635327635326
2 0.8530130130130129 0.5912393162393162 0.1121121121121121 0.24750712250712248
1 0.6663263263263262 0.16566951566951568 0.0650650650650651 0.19408831908831908
2 0.5702302302302301 0.2217592592592593 0.04104104104104113 0.07122507122507128
2 0.5962562562562561 0.15142450142450148 0.04104104104104113 0.06588319088319085
2 0.6192792792792792 0.102457264957265 0.02702702702702703 0.0462962962962963
2 0.7719319319319319 0.12560541310541315 0.038038038038038076 0.07478632478632473
2 0.6798398398398398 0.0365740740740741 0.022022022022022095 0.04985754985754985
3 0.7178778778778778 0.06417378917378923 0.0360360360360362 0.073005698005698