2 0.9696782178217822 0.9725274725274725 0.06064356435643564 0.054945054945054944
3 0.47277227722772275 0.8302197802197803 0.15717821782178218 0.3395604395604396
2 0.46431518151815176 0.41558811558811565 0.07448661532819953 0.14041514041514047
2 0.6596993032636596 0.4878306878306878 0.07792445911257803 0.17094017094017105
2 0.7456453978731206 0.36166056166056165 0.0687568756875686 0.11803011803011801
2 0.8453428676200953 0.6394383394383395 0.12834616795012835 0.28286528286528284
1 0.631623579024569 0.1530728530728531 0.07448661532819953 0.2218152218152218
2 0.521612577924459 0.21717541717541722 0.046983865053171946 0.0814000814000814
2 0.5514072240557388 0.13679283679283685 0.046983865053171946 0.07529507529507524
2 0.5777640264026401 0.08083028083028088 0.03094059405940594 0.052910052910052914
2 0.7525210854418775 0.10728530728530733 0.04354602126879359 0.0854700854700854
2 0.6475866336633663 0.016483516483516484 0.025371287128712873 0.03296703296703297
3 0.6909034653465347 0.03901098901098901 0.04146039603960396 0.07802197802197802