2 0.04282407407407417 0.9303840877914952 0.08005401234567901 0.1337448559670781
2 0.1921354530631261 0.9552983539094649 0.11707940251572323 0.0875514403292182
3 0.4758873456790124 0.8069272976680385 0.13213734567901234 0.36694101508916316
2 0.48263888888888895 0.41683813443072704 0.06269290123456787 0.11831275720164613
2 0.3181905864197532 0.47770919067215356 0.06558641975308639 0.14403292181069957
2 0.2458526234567902 0.3713991769547325 0.057870370370370385 0.09945130315500679
2 0.16194058641975315 0.6054526748971194 0.10802469135802467 0.23834019204389573
1 0.3418209876543211 0.19564471879286696 0.06269290123456787 0.18689986282578872
2 0.4344135802469137 0.24965706447187933 0.03954475308641972 0.06858710562414266
2 0.4093364197530865 0.18192729766803845 0.03954475308641972 0.06344307270233195
2 0.38715277777777785 0.13477366255144038 0.026041666666666668 0.04458161865569273
2 0.24006558641975315 0.15706447187928674 0.03665123456790121 0.07201646090534976
2 0.3288001543209878 0.0713305898491084 0.021219135802469147 0.04801097393689986
3 0.2921489197530865 0.0979080932784637 0.03472222222222226 0.07030178326474623