2 0.1384283754654126 0.6748273697426239 0.12345679012345676 0.24237985631582618
2 0.19672741524593385 0.4865034526051475 0.08132471095434057 0.14473041780009765
2 0.4896923378404861 0.42547255353281715 0.05780913188320588 0.12031805817116556
2 0.44707035077405455 0.26068912603752525 0.05095042132079158 0.07323707888679645
2 0.3505584950029395 0.19704261700495224 0.040172447579855074 0.07498081886029154
2 0.24130903390162656 0.14037106786635983 0.03527336860670192 0.055799679151844854
2 0.4029786400156771 0.15344911766757344 0.031354105428179554 0.050568459231359414
2 0.2951989026063101 0.07498081886029159 0.02939447383891834 0.07149333891330124
1 0.3035273368606703 0.4446536932412638 0.1361943954536547 0.423728813559322
3 0.2888300999412111 0.19791448699169983 0.053889868704683576 0.11857431819767031
2 0.33537135018616504 0.1107274883169422 0.03135410542817943 0.041849759363883667
2 0.39318048206937106 0.10113691846271888 0.03527336860670186 0.04359349933737882
2 0.32802273172643553 0.06277463904582552 0.020576131687242812 0.04010601939038849
2 0.36770527140897513 0.04272162935063127 0.03135410542817943 0.04533723931087397