2 0.8480152606310013 0.6930727023319615 0.13503086419753096 0.2648224356043286
2 0.7842506858710562 0.48731138545953356 0.08894890260631014 0.1581313824112178
2 0.46382030178326467 0.42062947721383936 0.06322873799725644 0.13145861911294016
2 0.5104381001371742 0.24058832495046487 0.055727023319615786 0.08001828989483316
2 0.6159979423868313 0.171048620637098 0.04393861454046649 0.0819234872732815
2 0.7354895404663923 0.10912970583752483 0.03858024691358016 0.06096631611034901
2 0.5586634087791494 0.12341868617588785 0.03429355281207139 0.0552507239750038
2 0.6767939814814815 0.03806584362139918 0.031828703703703706 0.07613168724279835
1 0.6674382716049381 0.4415866483767718 0.14896262002743482 0.46296296296296297
3 0.6835133744855966 0.17200121932632223 0.058942043895747795 0.12955342173449164
2 0.6326088820301783 0.07674135040390186 0.034293552812071255 0.04572473708276176
2 0.5693801440329217 0.06626276482243565 0.03858024691358016 0.04762993446121019
2 0.6406464334705075 0.02434842249657068 0.022505144032921694 0.043819539704313355
2 0.5975115740740741 0.013374485596707819 0.03414351851851852 0.026748971193415638