2 0.1378279320987655 0.6774691358024691 0.12152777777777775 0.23834019204389573
2 0.1952160493827161 0.4922839506172839 0.08005401234567901 0.142318244170096
2 0.4836033950617285 0.4322702331961591 0.05690586419753085 0.11831275720164608
2 0.4416473765432099 0.27023319615912206 0.050154320987654266 0.07201646090534979
2 0.34664351851851855 0.2076474622770919 0.03954475308641978 0.07373113854595335
2 0.23910108024691365 0.15192043895747606 0.0347222222222222 0.054869684499314134
2 0.39824459876543217 0.16478052126200277 0.030864197530864244 0.04972565157750342
2 0.2921489197530865 0.08762002743484229 0.028935185185185237 0.07030178326474623
1 0.3003472222222223 0.4511316872427983 0.13406635802469138 0.41666666666666663
3 0.2858796296296297 0.20850480109739372 0.053047839506172895 0.1165980795610425
2 0.33169367283950624 0.12277091906721538 0.030864197530864185 0.04115226337448558
2 0.38859953703703715 0.11334019204389578 0.0347222222222222 0.04286694101508917
2 0.32445987654320996 0.07561728395061731 0.020254629629629643 0.03943758573388202
2 0.3635223765432099 0.055898491083676304 0.030864197530864185 0.04458161865569273