2 0.932240099009901 0.7873626373626373 0.13551980198019803 0.3131868131868132
2 0.8581087275394205 0.5223036223036223 0.11803263659699312 0.1973951973951973
2 0.6810597726439309 0.4398860398860399 0.06875687568756889 0.17094017094017105
2 0.4873945727906124 0.48567358567358565 0.07792445911257803 0.17704517704517703
2 0.5435460212687935 0.23943833943833948 0.05500550055005502 0.09971509971509974
2 0.5807893289328933 0.14074074074074078 0.046983865053171946 0.08954008954008952
2 0.6140218188485514 0.07663817663817667 0.028648698203153654 0.059015059015059004
2 0.673038137147048 0.1773707773707774 0.038962229556289016 0.0814000814000814
2 0.6833516685001833 0.06849816849816855 0.036670333700036584 0.06715506715506712
2 0.7446598826549321 0.12242572242572247 0.04927576090942423 0.12617012617012613
2 0.7933626696002932 0.09088319088319094 0.041254125412541164 0.07529507529507529
2 0.7339108910891089 0.024175824175824177 0.034653465346534656 0.04835164835164835
2 0.6259282178217822 0.02142857142857143 0.040222772277227724 0.04285714285714286
1 0.911819306930693 0.9692307692307692 0.17636138613861385 0.06153846153846154