2 0.1103395061728396 0.7434842249657063 0.13985339506172836 0.2640603566529492
2 0.18557098765432106 0.519718792866941 0.09934413580246915 0.1663237311385459
2 0.3345871913580248 0.4502743484224966 0.05787037037037042 0.14403292181069963
2 0.49758873456790126 0.4888545953360768 0.06558641975308645 0.14917695473251028
2 0.45032793209876554 0.2813786008230453 0.04629629629629631 0.08401920438957478
2 0.41898148148148157 0.1982167352537723 0.03954475308641972 0.07544581618655691
2 0.3910108024691359 0.14420438957475998 0.024112654320987657 0.04972565157750342
2 0.34133873456790126 0.2290809327846365 0.032793209876543196 0.06858710562414266
2 0.3326581790123458 0.1373456790123457 0.030864197530864185 0.056584362139917674
2 0.28105709876543217 0.18278463648834023 0.04147376543209876 0.10631001371742112
2 0.24006558641975315 0.15620713305898495 0.0347222222222222 0.06344307270233195
2 0.2902199074074075 0.08933470507544586 0.02893518518518518 0.06344307270233197
2 0.3813657407407408 0.09533607681755833 0.0337577160493827 0.04115226337448558
1 0.10841049382716057 0.9320987654320987 0.21315586419753083 0.12345679012345671