2 0.07913025384935507 0.7419629629629628 0.15085310029130253 0.2851851851851852
2 0.16027881814398676 0.5002962962962964 0.10715771951727009 0.17962962962962956
2 0.32101539741989193 0.4252962962962963 0.062421972534332196 0.15555555555555567
2 0.4968372867249272 0.4669629629629629 0.07074490220557646 0.1611111111111111
2 0.4458593424885561 0.2428888888888889 0.04993757802746568 0.09074074074074076
2 0.4120474406991262 0.1530740740740741 0.042655014565126895 0.08148148148148146
2 0.38187682064086564 0.09474074074074076 0.026009155222638372 0.0537037037037037
2 0.32829796088223057 0.1864074074074074 0.03537245110278823 0.07407407407407407
2 0.31893466500208084 0.08733333333333337 0.03329171868497704 0.06111111111111109
2 0.2632750728256347 0.13640740740740745 0.04473574698293795 0.11481481481481479
2 0.21905950894714946 0.10770370370370375 0.03745318352059923 0.06851851851851848
2 0.2731585518102373 0.035481481481481524 0.031210986267166098 0.06851851851851853
2 0.37147315855181035 0.04196296296296301 0.0364128173116937 0.044444444444444425
1 0.09578651685393258 0.9395 0.19157303370786516 0.121