1 0.06767838837634274 0.7282496629391705 0.13370771493515174 0.2359425806963281
2 0.2710255381735527 0.5488143389642319 0.0924811694968133 0.16258228249662926
2 0.5072202166064982 0.8854389721627409 0.10589651022864019 0.2291220556745182
3 0.17297321388777476 0.4467047347133 0.130365022061773 0.25180426679356005
2 0.4749298034496591 0.4625664208105322 0.09025270758122744 0.15266872868585932
2 0.4136471007710478 0.2989927829328258 0.05905424076302543 0.09517011658339285
2 0.30612381334403005 0.30295820445713384 0.04456923831171729 0.09517011658339285
2 0.2219993760306637 0.27420889840590057 0.05905424076302536 0.17249583630739945
2 0.18578686990239343 0.1582203188198906 0.037883852564959644 0.0753430089618526
2 0.2398270713553506 0.17309064953604572 0.04122654543833843 0.07732571972400668
2 0.3735347862905024 0.16714251724958368 0.04345500735392429 0.0892219842969308
2 0.35013593617685085 0.0987389959552701 0.03899808352275257 0.0951701165833928
2 0.298881312118376 0.09873899595527008 0.032312697775995006 0.05155047981600445
2 0.28718188706155023 0.060076136093266765 0.02897000490261622 0.04560234752954238