1 0.8857167352537721 0.6750876390794086 0.12860082304526746 0.22671848803536054
2 0.6901363168724279 0.5026672763298278 0.08894890260631014 0.15622618503276928
2 0.46296296296296297 0.8580246913580247 0.10185185185185185 0.2839506172839506
3 0.784443587105624 0.4045496113397348 0.12538580246913597 0.24196006706294765
2 0.49402006172839497 0.4197911903673221 0.08680555555555555 0.14670019814052737
2 0.5529621056241426 0.2626124066453285 0.05679869684499321 0.09144947416552357
2 0.6563786008230452 0.2664228014022253 0.04286694101508907 0.09144947416552357
2 0.737289951989026 0.2387974394147234 0.05679869684499321 0.1657521719250114
2 0.772119341563786 0.1273433927754916 0.03643689986282584 0.07239750038103943
2 0.7201431755829903 0.14163237311385465 0.03965192043895732 0.07430269775948789
2 0.5915423525377228 0.1359167809785094 0.04179526748971191 0.08573388203017837
2 0.6140474965706446 0.07018747142203938 0.037508573388203 0.09144947416552354
2 0.6633444787379972 0.07018747142203936 0.031078532235939507 0.049535131839658596
2 0.674597050754458 0.03303612254229543 0.027863511659808025 0.043819539704313355