1 0.138792438271605 0.6483196159122085 0.11574074074074073 0.20404663923182437
2 0.3148148148148149 0.49314128943758573 0.08005401234567901 0.14060356652949246
2 0.5192901234567902 0.8180727023319615 0.09162808641975312 0.26577503429355276
3 0.22993827160493835 0.40483539094650206 0.11284722222222227 0.21776406035665288
2 0.49131944444444453 0.4185528120713306 0.078125 0.13203017832647465
2 0.4382716049382716 0.2770919067215364 0.05111882716049383 0.08230452674897122
2 0.34519675925925936 0.2805212620027435 0.03858024691358028 0.08230452674897122
2 0.2723765432098766 0.2556584362139918 0.05111882716049383 0.14917695473251028
2 0.24103009259259264 0.15534979423868317 0.032793209876543196 0.06515775034293551
2 0.2878086419753087 0.16820987654320993 0.035686728395061706 0.0668724279835391
2 0.4035493827160495 0.1630658436213992 0.037615740740740776 0.0771604938271605
2 0.38329475308641986 0.10390946502057617 0.0337577160493827 0.0823045267489712
2 0.3389274691358025 0.10390946502057616 0.027970679012345675 0.04458161865569273
2 0.3288001543209878 0.07047325102880662 0.025077160493827164 0.03943758573388202