3 0.11467978395061736 0.6568930041152263 0.21797839506172836 0.36179698216735245
2 0.2738233024691359 0.6903292181069959 0.1331018518518519 0.26063100137174217
2 0.47781635802469147 0.7169067215363512 0.09548611111111113 0.2623456790123456
2 0.46093750000000006 0.3319615912208505 0.059799382716049364 0.11316872427983535
2 0.250192901234568 0.34996570644718794 0.07619598765432102 0.19032921810699588
2 0.28539737654320996 0.24708504801097395 0.050154320987654356 0.08744855967078186
2 0.4180169753086421 0.19478737997256518 0.04726080246913581 0.09259259259259256
2 0.34953703703703715 0.22136488340192045 0.04147376543209879 0.06344307270233197
2 0.24103009259259267 0.15363511659807957 0.038580246913580245 0.06858710562414266
2 0.3389274691358025 0.12962962962962965 0.027970679012345675 0.051440329218106984
2 0.289255401234568 0.19393004115226342 0.03665123456790127 0.06001371742112485
2 0.3278356481481482 0.06275720164609058 0.023148148148148154 0.027434842249657056