3 0.11685393258426967 0.633 0.23370786516853934 0.39
2 0.2880565959217645 0.6695555555555556 0.14357053682896384 0.2814814814814815
2 0.5080940491052852 0.6982592592592592 0.10299625468164803 0.28333333333333327
2 0.4898876404494383 0.28251851851851856 0.06450270495214314 0.12222222222222218
2 0.26256762380357895 0.301962962962963 0.08218893050353725 0.20555555555555555
2 0.30054099042863097 0.19085185185185186 0.05409904286308781 0.0944444444444444
2 0.44359134415314205 0.1343703703703704 0.05097794423637128 0.1
2 0.36972534332084905 0.1630740740740741 0.04473574698293795 0.06851851851851853
2 0.2526841448189764 0.08992592592592595 0.041614648356221424 0.07407407407407407
2 0.3582813150228881 0.06400000000000003 0.030170620058260503 0.055555555555555546
2 0.3047024552642531 0.13344444444444448 0.03953391593841036 0.06481481481481484
2 0.34606741573033706 0.003 0.024719101123595506 0.006