3 0.09558011049723757 0.6856581532416502 0.19116022099447513 0.3831041257367387
2 0.24460814405565795 0.721567343374809 0.1411909146715777 0.276504402241141
2 0.460998567628402 0.7497635159717674 0.1012891344383058 0.27832351015062207
2 0.44309392265193376 0.3413737902932402 0.06343359934520154 0.12006112202575851
2 0.21954164108860252 0.3604744233427927 0.0808266830366278 0.20192097795241212
2 0.2568856148966647 0.2513279487739213 0.0532023736443626 0.09277450338354061
2 0.3975649682832005 0.19584515753474496 0.050133005934110984 0.09823182711198428
2 0.32492326580724384 0.22404133013170344 0.04399427051360749 0.06730699265080406
2 0.2098219766728055 0.1521865677071964 0.040924902803355874 0.07276431637924761
2 0.3136689175363209 0.12671905697445976 0.02967055453243298 0.0545732372844357
2 0.2609781051770003 0.19493560358000442 0.038878657663188085 0.06366877683184169
2 0.30190300798035613 0.05577384850469335 0.02455494168201345 0.029105726551699036