2 0.7576701415374184 0.48894923436674964 0.08051529790660233 0.1565210832013276
2 0.81805661496737 0.37202987101154106 0.055089414357148786 0.11503356717206001
2 0.5553224849563523 0.38428754620200656 0.06992117976099667 0.12823414045409967
2 0.7195313162132384 0.2635965904805009 0.04661411984066436 0.09806140152372332
2 0.6120010170353419 0.20419401071132237 0.054030002542588294 0.08486082824168362
2 0.7089371980676328 0.17873576223881726 0.03813882532418019 0.07920343969223806
2 0.8238833799474531 0.13819114430112397 0.04131706076786165 0.07731764350908948
2 0.7211204339350791 0.10424681300445052 0.03707941350961944 0.06223127404390131
2 0.6771548436308161 0.07030248170777706 0.02754470717857426 0.054688089311307225
2 0.7608483769811 0.036358150411103615 0.025425883549453285 0.04714490457871314
2 0.7008009153318078 0.01374745417515275 0.02288329519450801 0.0274949083503055