2 0.7404923215898825 0.5218526552582952 0.08581752484191517 0.16670683698883265
2 0.8048554652213188 0.39732465654374544 0.058717253839204925 0.12251948260625047
2 0.5248193315266485 0.4103800112476903 0.07452574525745255 0.13657909536434476
2 0.6998419150858175 0.28183498031654214 0.049683830171634934 0.10444283763155782
2 0.5852303523035229 0.21856672290511775 0.057588075880758746 0.09038322487346347
2 0.688550135501355 0.1914517554430787 0.04065040650406523 0.08435767654856591
2 0.8110659439927732 0.14826865911464615 0.04403794037940376 0.08234916044026666
2 0.7015356820234867 0.11211536916526074 0.03952122854561877 0.06628103157387319
2 0.6546747967479674 0.07596207921587535 0.029358626919602324 0.05824696714067646
2 0.7438798554652213 0.03980878926648997 0.027100271002709966 0.050212902707479724
2 0.6798780487804879 0.015184381778741865 0.024390243902439025 0.03036876355748373