2 0.30082947530864207 0.4751371742112483 0.0733024691358025 0.142318244170096
2 0.2458526234567902 0.36882716049382713 0.05015432098765433 0.10459533607681754
2 0.4850501543209877 0.3799725651577504 0.06365740740740738 0.11659807956104253
2 0.3355516975308642 0.27023319615912206 0.04243827160493823 0.08916323731138541
2 0.4334490740740742 0.21622085048010978 0.04918981481481482 0.07716049382716048
2 0.34519675925925936 0.19307270233196164 0.03472222222222226 0.07201646090534979
2 0.2405478395061729 0.15620713305898495 0.037615740740740713 0.0703017832647462
2 0.33410493827160503 0.12534293552812076 0.0337577160493827 0.056584362139917674
2 0.37413194444444453 0.09447873799725655 0.025077160493827102 0.04972565157750342
2 0.2979359567901235 0.06361454046639237 0.023148148148148154 0.04286694101508917
2 0.35291280864197544 0.03532235939643351 0.021219135802469147 0.0411522633744856