2 0.8538336956058474 0.44239526411657565 0.09802668030516136 0.20491803278688525
2 0.7733878873119379 0.5989298724954464 0.09483015812129734 0.2068154219793563
2 0.5554916251118782 0.5514951426836674 0.07458551762349226 0.1954310868245296
2 0.5842603247666538 0.2887067395264117 0.04688232536333792 0.10245901639344263
2 0.7776499168904232 0.18055555555555558 0.03729275881174613 0.06451123254401946
2 0.8319907940161104 0.13596690953248336 0.0415547883902314 0.07020340012143286
2 0.7174487490943187 0.15683819064966611 0.027703192260154354 0.06261384335154824
2 0.6513872906277968 0.11699301760777174 0.03196522183863962 0.047434729811779
2 0.7233090397647358 0.09612173649058897 0.026637684865533102 0.051229508196721285
2 0.7733878873119379 0.09422434729811782 0.03089971444401837 0.05122950819672131
2 0.7350296211055704 0.029713114754098404 0.01811362570856257 0.03605039465695204