2 0.7695742060350136 0.442682640357059 0.10117005366411547 0.21141649048625794
2 0.686548781560658 0.604181348367395 0.09787103017506817 0.2133740505833528
2 0.46166534705727097 0.5552423459400204 0.07697721474443561 0.20162869000078318
2 0.4913565584586962 0.28412027249236554 0.04838567783935944 0.10570824524312897
2 0.6909474795460543 0.17253934695795164 0.038488607372217806 0.06655704330122937
2 0.7470308788598575 0.12653668467621962 0.04288730535761412 0.07242972359251425
2 0.6288158705023312 0.1480698457442644 0.028591536905076168 0.06459948320413433
2 0.5606360517286881 0.10696108370526979 0.03299023489047248 0.04893900242737453
2 0.634864080232251 0.08542792263722498 0.027491862408727155 0.05285412262156445
2 0.686548781560658 0.08347036254013002 0.03189056039412347 0.052854122621564484
2 0.6472684085510689 0.01744186046511628 0.019002375296912115 0.03488372093023256