2 0.21981095679012352 0.43312757201646096 0.08873456790123457 0.18518518518518523
2 0.29263117283950624 0.5745884773662553 0.0858410493827161 0.18689986282578874
2 0.48987268518518523 0.531721536351166 0.06751543209876545 0.17661179698216736
2 0.46383101851851855 0.29423868312757206 0.04243827160493823 0.09259259259259255
2 0.2887731481481482 0.19650205761316875 0.0337577160493827 0.05829903978052129
2 0.2395833333333334 0.15620713305898495 0.037615740740740713 0.06344307270233195
2 0.34326774691358025 0.1750685871056242 0.025077160493827164 0.0565843621399177
2 0.40306712962962976 0.13906035665294927 0.02893518518518518 0.04286694101508917
2 0.337962962962963 0.12019890260631004 0.024112654320987657 0.04629629629629627
2 0.29263117283950624 0.11848422496570647 0.027970679012345734 0.046296296296296294
2 0.3273533950617285 0.060185185185185223 0.016396604938271626 0.03257887517146777