1 0.18315972222222232 0.46742112482853226 0.24884259259259262 0.4938271604938272
2 0.5062692901234569 0.8566529492455419 0.11766975308641978 0.2709190672153635
2 0.4498456790123458 0.25651577503429357 0.045331790123456804 0.09259259259259259
2 0.3413387345679013 0.20164609053497945 0.0443672839506173 0.06858710562414266
2 0.2395833333333334 0.15534979423868314 0.035686728395061706 0.07544581618655691
2 0.2902199074074075 0.1424897119341564 0.02700617283950617 0.04972565157750342
2 0.3914930555555556 0.1279149519890261 0.0347222222222222 0.061728395061728385
2 0.332175925925926 0.15449245541838139 0.03182870370370369 0.05315500685871057
2 0.330246913580247 0.09962277091906725 0.027970679012345675 0.046296296296296294
2 0.29070216049382724 0.09876543209876548 0.027970679012345675 0.04458161865569273
2 0.3635223765432099 0.06447187928669414 0.025077160493827164 0.037722908093278454
2 0.32253086419753096 0.059327846364883446 0.029899691358024682 0.03429355281207133