1 0.8479938271604937 0.4668876695625667 0.27649176954732513 0.5486968449931413
2 0.48900462962962965 0.8739711934156379 0.13078703703703703 0.25205761316872427
2 0.5516760973936898 0.23254839201341262 0.05036865569272972 0.102880658436214
2 0.6722393689986282 0.17158207590306357 0.04929698216735256 0.0762078951379363
2 0.7853009259259259 0.12014174668495659 0.03965192043895732 0.0838286846517299
2 0.7290380658436213 0.10585276634659353 0.030006858710562346 0.0552507239750038
2 0.6165123456790123 0.08965858862978211 0.03858024691358016 0.06858710562414265
2 0.6824202674897119 0.11918914799573241 0.03536522633744868 0.059061118731900605
2 0.6845636145404662 0.05822283188538337 0.031078532235939507 0.051440329218107
2 0.7285022290809328 0.05727023319615917 0.031078532235939507 0.049535131839658596
2 0.6478587962962963 0.020061728395061727 0.028356481481481483 0.040123456790123455
2 0.6935763888888888 0.01594650205761317 0.03298611111111111 0.03189300411522634