2 0.2395833333333334 0.7640603566529492 0.12056327160493827 0.26063100137174205
2 0.4836033950617285 0.5505829903978051 0.07426697530864193 0.17318244170096025
3 0.9026813271604939 0.4879972565157751 0.16975308641975306 0.3052126200274348
2 0.45900848765432106 0.3045267489711934 0.048225308641975315 0.10631001371742109
2 0.22993827160493835 0.43827160493827166 0.06847993827160494 0.12002743484224965
2 0.33314043209876554 0.3482510288065844 0.05883487654320992 0.10802469135802466
2 0.2738233024691359 0.3019547325102881 0.040509259259259287 0.08058984910836765
2 0.33989197530864207 0.215363511659808 0.035686728395061706 0.08230452674897117
2 0.4093364197530865 0.17678326474622777 0.03954475308641972 0.06344307270233195
2 0.38618827160493835 0.12105624142661184 0.029899691358024682 0.04801097393689986
2 0.3355516975308642 0.1373456790123457 0.032793209876543196 0.053155006858710545
2 0.2921489197530865 0.14763374485596711 0.03279320987654325 0.06344307270233197
2 0.2405478395061729 0.15620713305898495 0.0337577160493827 0.06687242798353907
2 0.2902199074074075 0.09962277091906724 0.025077160493827164 0.03943758573388202
2 0.3326581790123458 0.08590534979423872 0.025077160493827164 0.042866941015089144
2 0.3644868827160495 0.06704389574759949 0.023148148148148154 0.04286694101508917
2 0.29263117283950624 0.06704389574759949 0.02218364197530859 0.03257887517146774
2 0.3225308641975309 0.0464677640603567 0.018325617283950577 0.029149519890260645