2 0.7704918032786885 0.7700827040632866 0.1264926128314108 0.27328299172959347
2 0.5144707549079133 0.546242358863718 0.07791944950414896 0.1815893563466378
3 0.08196721311475409 0.48009708737864076 0.16393442622950818 0.3194174757281553
2 0.5402752479255212 0.2882416396979504 0.050597045132564265 0.11147069399496581
2 0.7806112123052013 0.4284789644012945 0.07184780408824139 0.12585400934915492
2 0.6723335357215138 0.3340884573894283 0.06172839506172844 0.11326860841423944
2 0.7345679012345678 0.28554476806903994 0.042501517911354 0.08450197770586124
2 0.6652499494029549 0.194750089895721 0.03744181339809741 0.08629989212513481
2 0.5923902044120622 0.15429701546206406 0.04148957700870278 0.06652283351312474
2 0.616676786075693 0.09586479683567067 0.031370167982189834 0.05034160373966199
2 0.6698036834648856 0.11294498381877026 0.03440599069014374 0.05573534699748291
2 0.7153410240841934 0.12373247033441212 0.03440599069014374 0.0665228335131248
2 0.7694798623760372 0.13272204243078034 0.035417931592794966 0.07011866235167201
2 0.717364905889496 0.07339086659475012 0.026310463468933478 0.04135203164329377
2 0.6728395061728394 0.059007551240560986 0.026310463468933478 0.044947860481841045
2 0.639445456385347 0.03923049262855092 0.024286581663630787 0.04494786048184107
2 0.7148350536328678 0.03923049262855092 0.023274640760979567 0.034160373966199184
2 0.683464885650678 0.017655519597267216 0.019226877150374435 0.030564545127651936