2 0.23015873015873023 0.7685359559182535 0.1224769743288262 0.26504847597126296
2 0.47805212620027443 0.5514403292181069 0.07544581618655694 0.1761177373230103
3 0.9037820889672742 0.48779382018553397 0.17244757985498735 0.31038571528213704
2 0.4530668234371939 0.3012136430215526 0.04899078973153048 0.10811187835669941
2 0.22036057221242414 0.4372253609541745 0.0695669214187733 0.1220617981446606
2 0.32520086223789935 0.34567901234567905 0.05976876347246722 0.10985561833019457
2 0.2649421908681169 0.29859803306130994 0.041152263374485624 0.0819557787542722
2 0.3320595728003136 0.21053916439980475 0.03625318440133253 0.08369951872776729
2 0.4026063100137175 0.17130501499616382 0.040172447579854956 0.0645183790193206
2 0.3790907309425829 0.11463346585757136 0.030374289633548882 0.04882471925786426
2 0.32765040172447585 0.1311989956057753 0.03331373701744077 0.05405593917834971
2 0.2835586909660985 0.14166143544674623 0.03331373701744077 0.06451837901932066
2 0.23113854595336084 0.15038013531422198 0.03429355281207131 0.0680058589663109
2 0.28159905937683727 0.09283671618888194 0.025475210660395906 0.04010601939038849
2 0.3247109543405841 0.07888679640092072 0.025475210660395906 0.04359349933737879
2 0.3570448755633942 0.05970565669247405 0.023515579071134572 0.04359349933737882
2 0.2840485988634137 0.05970565669247405 0.022535763276504025 0.03313105949640787
2 0.3144228884969626 0.03878077701053224 0.018616500097981596 0.029643579549417605