2 0.1690504334121356 0.5418679549114331 0.1122931442080378 0.2030385773296926
2 0.4817966903073287 0.7072743821326052 0.09357762017336482 0.2572988867884898
2 0.31286446020488584 0.4491003290625219 0.06895193065405827 0.15402926556045657
2 0.4768715524034674 0.4578519918784569 0.06402679275019704 0.16453126093957857
2 0.8039007092198582 0.7274032066092557 0.14676910953506708 0.23454456346705885
2 0.9132387706855793 0.49460897570538404 0.10539795114263181 0.14702793530770855
2 0.4561859732072499 0.3003220611916264 0.05417651694247433 0.0945179584120983
2 0.42220252167060685 0.21980676328502416 0.04334121355397953 0.07701463278022823
2 0.33552009456264786 0.2583140796751383 0.04137115839243501 0.08051529790660229
2 0.24686761229314427 0.33707904501855357 0.06304176516942478 0.10501995379122031
2 0.3946217494089836 0.14804312819435697 0.0315208825847123 0.05951130714835816
2 0.33108747044917264 0.17692361548694255 0.036446020488573656 0.06476230483791917
2 0.2714933018124508 0.22068192956661767 0.04137115839243501 0.07526430021704122
2 0.22864460204885742 0.14716796191276346 0.030535855003940102 0.06126163971154516
2 0.28183609141055954 0.11828747462017787 0.028565799842395705 0.049009311769236154
2 0.3222222222222223 0.08153049079325077 0.024625689519306545 0.038507316390114114
2 0.3645784081954296 0.06665266400616121 0.024625689519306423 0.040257648953301146
2 0.3429078014184398 0.018518518518518556 0.020685579196217507 0.0350066512637401
1 0.30957446808510636 0.024574669187145556 0.035106382978723406 0.04914933837429111