2 0.8476593772384442 0.5235792472634578 0.12008595626343052 0.21742390163442793
2 0.5132094551889773 0.7007047533363323 0.10007163021952552 0.27552856500224915
2 0.6938650823747524 0.4242390163442795 0.07373699068807142 0.16494227020542818
2 0.5184763830952681 0.43361073624231516 0.06847006278178068 0.176188334083071
2 0.16875237011755775 0.7222597091018144 0.1569544516074665 0.25116209326735656
2 0.054323094425483505 0.4726720647773279 0.10864618885096701 0.15789473684210525
2 0.5405974803016895 0.26491977807767286 0.05793620696919894 0.10121457489878542
2 0.5769392828550962 0.1786999550157445 0.046348965575359356 0.08247113510271403
2 0.6696372140058147 0.21993552256710153 0.044242194412842904 0.08621982306192835
2 0.7644419163190493 0.30428100164942273 0.06741667720052258 0.11246063877642823
2 0.6064340791303248 0.1018518518518519 0.033708338600261165 0.06372769530664264
2 0.6743774491214763 0.13277852751536964 0.03897526650655216 0.06935072724546404
2 0.7381072767875954 0.17963712700554807 0.044242194412842904 0.0805967911231069
2 0.7839295495723254 0.10091467986204833 0.03265495301900306 0.06560203928624977
2 0.7270467281843845 0.06998800419853055 0.03054818185648687 0.05248163142899984
2 0.6838579193527998 0.03062678062678068 0.026334639531454228 0.041235567551357016
2 0.6387940841865757 0.01771255060728745 0.026166097838452786 0.0354251012145749