2 0.1821952160493828 0.5428669410150891 0.10995370370370369 0.1989026063100137
2 0.488425925925926 0.7049039780521262 0.09162808641975305 0.2520576131687242
2 0.3230131172839507 0.45198902606310015 0.0675154320987654 0.15089163237311387
2 0.4836033950617285 0.46056241426611794 0.06269290123456787 0.16117969821673525
2 0.8038194444444445 0.7246227709190672 0.14371141975308638 0.22976680384087791
2 0.9108796296296298 0.49657064471879286 0.1032021604938271 0.14403292181069957
2 0.46334876543209885 0.306241426611797 0.05304783950617284 0.09259259259259259
2 0.4300733024691359 0.22736625514403294 0.042438271604938294 0.07544581618655691
2 0.34519675925925936 0.2650891632373114 0.040509259259259287 0.07887517146776404
2 0.2583912037037038 0.3422496570644719 0.06172839506172843 0.10288065843621402
2 0.40306712962962976 0.15706447187928674 0.030864197530864185 0.05829903978052126
2 0.34085648148148157 0.18535665294924558 0.035686728395061706 0.06344307270233195
2 0.2825038580246914 0.22822359396433473 0.04050925925925926 0.07373113854595335
2 0.2405478395061729 0.15620713305898495 0.029899691358024682 0.060013717421124824
2 0.29263117283950624 0.12791495198902608 0.027970679012345734 0.04801097393689986
2 0.332175925925926 0.09190672153635121 0.024112654320987657 0.037722908093278454
2 0.3736496913580248 0.0773319615912209 0.0241126543209876 0.03943758573388204
2 0.35243055555555564 0.030178326474622805 0.020254629629629643 0.03429355281207132
1 0.32011959876543217 0.03275034293552817 0.03472222222222226 0.0565843621399177