1 0.03904494382022472 0.891 0.07808988764044944 0.218
2 0.22811069496462763 0.7074814814814815 0.12276321265085308 0.26111111111111107
2 0.46323345817727846 0.5204444444444445 0.08114856429463166 0.18333333333333326
2 0.4556179775280899 0.967 0.12247191011235956 0.066
2 0.4455472326258844 0.3426666666666667 0.06866416978776527 0.10185185185185185
2 0.41745734498543496 0.25933333333333336 0.056179775280898875 0.09444444444444446
2 0.31238035788597596 0.2880370370370371 0.04785684560965462 0.09629629629629631
2 0.3732417811069497 0.13248148148148153 0.0364128173116937 0.06666666666666662
2 0.397170203911777 0.19637037037037042 0.04681647940074915 0.06481481481481484
2 0.34307116104868923 0.06488888888888893 0.03225135247607157 0.053703703703703726
2 0.1948189762796505 0.13062962962962968 0.0395339159384103 0.07407407407407401
3 0.29677486475239295 0.0861851851851852 0.05409904286308781 0.1222222222222222