1 0.061375661375661375 0.8738229755178908 0.12275132275132275 0.2297551789077213
2 0.2640407603370567 0.6887772895305853 0.11561826376641189 0.24586733626281645
2 0.48547912992357445 0.5126595522075749 0.07642563198118749 0.17263025737602003
2 0.4786204193611602 0.9468508056078677 0.11561826376641189 0.08893073864825289
2 0.4688222614148541 0.34526051475204017 0.0646678424456202 0.09590569854223338
2 0.44236723495982766 0.2667922159447583 0.05291005291005291 0.08893073864825278
2 0.34340583970213606 0.2938201855339332 0.04507152655300805 0.09067447862174793
2 0.40072506368802674 0.14734602776034042 0.03429355281207131 0.06277463904582545
2 0.4232608269645307 0.20750505684592319 0.044091710758377506 0.06103089907233036
2 0.3723104056437391 0.08369951872776735 0.030374289633548882 0.05056845923135944
2 0.2326866549088772 0.14560228778684528 0.03723300019596314 0.06974959893980605
3 0.32870860278267694 0.10375252842296159 0.050950421320791695 0.11508683825068004