1 0.06741898148148157 0.8737997256515775 0.13117283950617284 0.2263374485596707
2 0.27189429012345684 0.6911865569272977 0.11381172839506173 0.24176954732510286
2 0.48987268518518523 0.5180041152263375 0.07523148148148148 0.169753086419753
2 0.4831211419753087 0.9449588477366255 0.1138117283950617 0.08744855967078201
2 0.4734760802469137 0.3533950617283951 0.06365740740740738 0.09430727023319616
2 0.447434413580247 0.27623456790123463 0.052083333333333336 0.08744855967078191
2 0.35001929012345684 0.30281207133058985 0.0443672839506173 0.08916323731138547
2 0.406442901234568 0.1587791495198903 0.0337577160493827 0.061728395061728385
2 0.4286265432098766 0.21793552812071335 0.0434027777777778 0.06001371742112485
2 0.3784722222222223 0.09619341563786012 0.029899691358024682 0.04972565157750345
2 0.24103009259259264 0.15706447187928674 0.03665123456790121 0.06858710562414264
3 0.3355516975308643 0.11591220850480112 0.05015432098765433 0.11316872427983538