3 0.3075675220157587 0.4026465736992053 0.12113934184468887 0.3598740440845704
2 0.49875700501411546 0.6931698905383116 0.09901824463826729 0.24366471734892778
2 0.4882231492015338 0.4644999250262409 0.07373699068807142 0.13870145449092808
2 0.45925504571693426 0.33423301844354475 0.06425652045674804 0.10683760683760682
2 0.438187334091771 0.2564477432898486 0.047402351156617326 0.07872244714349982
2 0.41922639362912406 0.20865197180986658 0.03897526650655203 0.061853351327035566
2 0.3955252180508154 0.1608562003298846 0.04002865208781026 0.06372769530664264
2 0.33126869759406735 0.2020917678812416 0.037921880925293805 0.0749737591842855
2 0.22118990435258928 0.1608562003298846 0.04318880883158468 0.06372769530664264
2 0.3744575064256522 0.08963112910481336 0.03160156743774497 0.05997900734742838
2 0.34232924619727817 0.04183535762483136 0.022121097206421452 0.04310991153096416
2 0.31020098596890416 0.021217573849152845 0.016854169300130582 0.031863847653321335
2 0.96160409556314 0.507085020242915 0.07679180887372014 0.1882591093117409