3 0.3115988949322283 0.36184109420623944 0.12410429077095748 0.3688335638543107
2 0.5074678408011742 0.6595973566927924 0.10144176810843468 0.24973105885968946
2 0.4966761633428301 0.42523436299369916 0.07554174220840884 0.1421546027355155
2 0.4669990503323837 0.2917242969110189 0.06582923249589921 0.10949746426924849
2 0.4454156954156955 0.21200245889042577 0.04856254856254852 0.08068234209313047
2 0.4259906759906761 0.16301675119102507 0.03992920659587324 0.0633932687874597
2 0.4017094017094018 0.11403104349162446 0.04100837434170771 0.06531427693253417
2 0.3358801692135026 0.15629322268326423 0.038850038850038765 0.0768403258029814
2 0.2231071397738065 0.11403104349162446 0.04424587757921088 0.06531427693253417
2 0.3801260467927136 0.04103273397879212 0.032375032375032434 0.061472260642385104
2 0.34702797202797203 0.006742738589211619 0.022727272727272728 0.013485477178423237
2 0.9711538461538461 0.46887966804979253 0.057692307692307696 0.19294605809128632