3 0.3196373456790124 0.37482853223593965 0.11091820987654323 0.3292181069958848
2 0.4946952160493828 0.6406035665294925 0.09066358024691355 0.22290809327846356
2 0.4850501543209877 0.4314128943758574 0.0675154320987654 0.1268861454046639
2 0.45852623456790126 0.31224279835390945 0.05883487654320986 0.09773662551440328
2 0.4392361111111112 0.2410836762688615 0.04340277777777774 0.07201646090534979
2 0.42187500000000006 0.19735939643347053 0.035686728395061706 0.05658436213991772
2 0.4001736111111112 0.1536351165980796 0.03665123456790127 0.05829903978052126
2 0.34133873456790126 0.19135802469135807 0.0347222222222222 0.06858710562414266
2 0.2405478395061729 0.1536351165980796 0.039544753086419755 0.05829903978052126
2 0.3808834876543211 0.08847736625514407 0.02893518518518518 0.05486968449931411
2 0.35146604938271614 0.044753086419753126 0.020254629629629643 0.039437585733882036
2 0.3220486111111112 0.0258916323731139 0.015432098765432063 0.02914951989026063
2 0.9393325617283952 0.47085048010973934 0.1118827160493827 0.17146776406035663