2 0.2834697855750488 0.633652378970731 0.10038986354775836 0.21154112914412534
2 0.4935087719298246 0.5391524483284783 0.07797270955165699 0.17859619919545025
2 0.4774269005847954 0.39523512276321265 0.05555555555555561 0.10923845193508122
2 0.45306042884990266 0.2877306145096407 0.05165692007797277 0.08496324039395192
2 0.42723196881091624 0.22270772645304482 0.035087719298245654 0.062421972534332106
2 0.40432748538011704 0.16548758496324042 0.032163742690058464 0.05548619780829517
2 0.3906822612085771 0.11780413372173675 0.030214424951267048 0.050284366763767505
2 0.3341520467836258 0.11173533083645447 0.02631578947368421 0.048550423082258286
2 0.23571150097465893 0.1550839228741851 0.03411306042884989 0.06242197253433205
2 0.2839571150097467 0.054515189346650055 0.019493177387914187 0.048550423082258286
2 0.3224561403508773 0.06058399223193235 0.024366471734892793 0.04334859203773062
2 0.3599805068226121 0.06665279511721464 0.023391812865497023 0.041614648356221376