2 0.27584712371946424 0.6386963523069383 0.10145784081954302 0.21354057270881463
2 0.48812056737588655 0.5433032276132465 0.07880220646178099 0.1802842540082617
2 0.47186761229314433 0.39802562486872506 0.056146572104018966 0.11027095148078142
2 0.4472419227738378 0.2895050059511307 0.05220646178092993 0.08576629559616318
2 0.42113869188337283 0.22386753483161803 0.035460992907801456 0.06301197227473222
2 0.3979905437352247 0.16610656024644685 0.03250591016548462 0.05601064202198416
2 0.384200157604413 0.1179724147588042 0.030535855003940102 0.05075964433242315
2 0.3270685579196218 0.11184625078764969 0.026595744680851064 0.049009311769236154
2 0.22758077226162338 0.15560456486732482 0.03447596532702914 0.06301197227473217
2 0.27633963750985036 0.0540852762024785 0.019700551615445188 0.049009311769236154
2 0.3152482269503547 0.060211440173633037 0.024625689519306545 0.04375831407967515
2 0.3531717888100867 0.06633760414478755 0.023640661938534226 0.042007981516488116