2 0.2878086419753087 0.630315500685871 0.09934413580246917 0.20919067215363507
2 0.49565972222222227 0.5368655692729767 0.07716049382716049 0.17661179698216736
2 0.47974537037037046 0.39454732510288065 0.054976851851851846 0.10802469135802471
2 0.4556327160493828 0.28823731138545955 0.05111882716049383 0.08401920438957473
2 0.4300733024691359 0.2239368998628258 0.03472222222222226 0.06172839506172841
2 0.4074074074074075 0.16735253772290812 0.03182870370370369 0.05486968449931411
2 0.3939043209876544 0.12019890260631004 0.029899691358024682 0.04972565157750345
2 0.337962962962963 0.11419753086419757 0.026041666666666668 0.04801097393689986
2 0.2405478395061729 0.15706447187928674 0.0337577160493827 0.061728395061728385
2 0.2882908950617285 0.057613168724279865 0.01929012345679014 0.04801097393689986
2 0.326388888888889 0.06361454046639237 0.024112654320987657 0.04286694101508917
2 0.3635223765432099 0.06961591220850484 0.023148148148148154 0.04115226337448558