2 0.31791423001949326 0.3801498127340824 0.05458089668615984 0.10923845193508122
2 0.4962768031189085 0.5708836177000971 0.07992202729044828 0.1751283118324316
2 0.4680116959064328 0.33940213621861565 0.05458089668615984 0.10403662089055345
2 0.4441325536062379 0.2622416423914552 0.05360623781676407 0.08149535303093347
2 0.4158674463937622 0.19721875433485922 0.03996101364522426 0.07629352198640586
2 0.3335087719298246 0.2102233319461784 0.03703703703703707 0.09189901511998891
2 0.2828265107212476 0.1746774864752393 0.03313840155945424 0.0658898598973505
2 0.2345808966861599 0.15040227493411018 0.03411306042884989 0.06935774726036893
2 0.28721247563352836 0.08537938687751426 0.02436647173489267 0.057220141489804414
2 0.3140155945419104 0.0533014287695936 0.023391812865497023 0.034678873630184494
2 0.3495906432748539 0.043764738521292874 0.022417153996101374 0.04681647940074907
2 0.36664717348927883 0.0819114995144958 0.02534113060428856 0.04334859203773062
2 0.3944249512670566 0.12526009155222642 0.03606237816764142 0.06068802885282283