2 0.7188683127572015 0.3804347826086957 0.057613168724279955 0.11528326745718058
2 0.53059670781893 0.5817230273752013 0.08436213991769541 0.18481920655833692
2 0.560432098765432 0.3374322939540331 0.057613168724279955 0.10979358805445759
2 0.5856378600823045 0.2560020494803104 0.05658436213991763 0.08600497730932505
2 0.6154732510288066 0.18738105694627435 0.04218106995884783 0.08051529790660224
2 0.7024074074074074 0.20110525545308156 0.039094650205761354 0.0969843361147709
2 0.7559053497942386 0.16359244620114188 0.034979423868312806 0.06953593910115645
2 0.8068312757201644 0.13797394232176846 0.03600823045267488 0.07319572536963836
2 0.751275720164609 0.06935294978773245 0.025720164609053377 0.060386473429951695
2 0.7229835390946501 0.03549992680427467 0.0246913580246913 0.03659786268481921
2 0.685432098765432 0.025435514565949398 0.02366255144032923 0.04940711462450593
2 0.6674279835390946 0.06569316351925052 0.026748971193415703 0.04574732835602402
2 0.6381069958847736 0.11144049187527454 0.03806584362139928 0.06404625969843358