2 0.3239776234567902 0.38425925925925924 0.05401234567901234 0.10802469135802471
2 0.5004822530864198 0.5728737997256516 0.07908950617283951 0.17318244170096014
2 0.4725115740740742 0.3439643347050755 0.05401234567901234 0.10288065843621402
2 0.44888117283950624 0.2676611796982168 0.05304783950617284 0.0805898491083676
2 0.42091049382716056 0.20336076817558302 0.03954475308641978 0.07544581618655691
2 0.33940972222222227 0.21622085048010975 0.03665123456790121 0.09087791495198903
2 0.28925540123456794 0.18106995884773666 0.032793209876543196 0.06515775034293551
2 0.2415123456790124 0.15706447187928674 0.0337577160493827 0.06858710562414264
2 0.2935956790123458 0.092764060356653 0.0241126543209876 0.0565843621399177
2 0.32011959876543217 0.06104252400548701 0.023148148148148095 0.03429355281207133
2 0.3553240740740742 0.0516117969821674 0.02218364197530865 0.046296296296296294
2 0.37220293209876554 0.08933470507544586 0.025077160493827164 0.04286694101508917
2 0.39969135802469147 0.13220164609053503 0.03568672839506177 0.060013717421124824