2 0.06452546296296305 0.85579561042524 0.1273148148148148 0.26920438957475984
2 0.48939043209876554 0.49657064471879286 0.06076388888888887 0.14746227709190682
2 0.4729938271604939 0.3568244170096022 0.054976851851851846 0.09087791495198903
2 0.4392361111111112 0.2573731138545954 0.05111882716049377 0.09087791495198903
2 0.33314043209876554 0.20764746227709194 0.037615740740740713 0.08058984910836765
2 0.26996527777777785 0.30366941015089166 0.05208333333333336 0.11145404663923178
2 0.2887731481481482 0.1382030178326475 0.027970679012345675 0.04801097393689986
2 0.2395833333333334 0.15449245541838136 0.035686728395061706 0.07373113854595335
2 0.2853973765432099 0.0919067215363512 0.02700617283950617 0.04458161865569273
2 0.332175925925926 0.10305212620027439 0.026041666666666668 0.04286694101508917
2 0.4127121913580248 0.1596364883401921 0.040509259259259224 0.07373113854595333
2 0.3900462962962964 0.12105624142661181 0.026041666666666668 0.054869684499314134
2 0.3765432098765433 0.09619341563786012 0.026041666666666668 0.04629629629629627
2 0.3630401234567902 0.06961591220850483 0.02218364197530865 0.04801097393689986
2 0.3254243827160495 0.06275720164609058 0.027970679012345675 0.04458161865569273
0 0.31433256172839513 0.1373456790123457 0.01929012345679014 0.056584362139917674