2 0.9449468085106383 0.861531190926276 0.11010638297872341 0.27504725897920607
2 0.5209416863672182 0.495554155289505 0.0620567375886524 0.15052860043408256
2 0.5376871552403467 0.35290205138976405 0.056146572104018966 0.0927676258489113
2 0.5721631205673758 0.2513827627249178 0.052206461780929685 0.0927676258489113
2 0.6805161544523246 0.2006231183924946 0.038416075650118175 0.08226563046978928
2 0.7450354609929077 0.29864174193096693 0.05319148936170213 0.11377161660715532
2 0.7258274231678487 0.12973464958342087 0.028565799842395705 0.049009311769236154
2 0.7760638297872341 0.14636280893369744 0.03644602048857354 0.07526430021704122
2 0.7292750197005515 0.08247567037737173 0.02758077226162326 0.045508646642862145
2 0.681501182033097 0.09385283203808727 0.026595744680851064 0.04375831407967515
2 0.5992513790386129 0.15161380662325846 0.04137115839243501 0.07526430021704117
2 0.6223995271867611 0.11223132395155082 0.026595744680851064 0.05601064202198416
2 0.6361899133175728 0.08685150178533925 0.026595744680851064 0.04725897920604912
2 0.6499802994483844 0.05972134705594066 0.022655634357762026 0.049009311769236154
2 0.6883963750985026 0.05272001680319265 0.028565799842395705 0.045508646642862145
0 0.6997241922773837 0.1288594833018274 0.019700551615445188 0.05776097458517116