2 0.946505376344086 0.8718929254302104 0.10698924731182796 0.25621414913957935
2 0.5200915969733173 0.5127115643368033 0.06272401433691747 0.15225550598399556
2 0.5370171246515332 0.3684229162240635 0.05675029868578261 0.0938318815947879
2 0.571863799283154 0.26573897032788046 0.05276782158502571 0.0938318815947879
2 0.6813819195539624 0.214396997379789 0.03882915173237751 0.08320940443311384
2 0.746594982078853 0.31354011755541394 0.053763440860215055 0.11507683591813607
2 0.7271804062126642 0.14269527653848882 0.02887295898048598 0.04957156008781247
2 0.7779569892473118 0.15951419871113945 0.03683791318199906 0.07612775299199773
2 0.7306650736758263 0.09489412931095535 0.02787733970529663 0.046030734367254446
2 0.6823775388291518 0.10640181290276896 0.026881720430107527 0.04426032150697543
2 0.5992433293508561 0.16482543729197652 0.041816009557945066 0.07612775299199767
2 0.6226403823178015 0.12499114793569863 0.026881720430107527 0.05665321152892853
2 0.63657905217045 0.0993201614616529 0.026881720430107527 0.04780114722753343
2 0.6505177220230983 0.07187876212732812 0.022899243329350866 0.04957156008781247
2 0.6893468737554758 0.06479711068621208 0.02887295898048598 0.046030734367254446
0 0.7007964954201512 0.1418100701083493 0.019912385503783308 0.05842362438920754