0 0.07487056949422549 0.8617661638694143 0.08164078056551174 0.23546491041710907
2 0.5129430505774593 0.6617095106578854 0.08960573476702513 0.2248424332554352
2 0.49950219036240545 0.4563416188655195 0.06471525288729593 0.13986261596204236
2 0.4771007566706493 0.33506833793640683 0.06172839506172838 0.11330642305785706
2 0.34916367980884117 0.3147085900431981 0.05276782158502595 0.10445435875646199
2 0.2276981282357627 0.4218185680900786 0.07068896853843093 0.13455137738120532
2 0.2804659498207886 0.24477728206217692 0.046794105933890835 0.09560229445506692
2 0.24412584627638395 0.14120812973585445 0.041816009557945066 0.06904610155088162
2 0.3581242532855437 0.19432051554422494 0.03882915173237751 0.0938318815947879
2 0.4542015133412984 0.20671340556617807 0.04778972520907994 0.09383188159478785
2 0.4168657905217045 0.14386374902627297 0.04281162883313417 0.06373486297004458
2 0.3994424532058941 0.10757028539055312 0.03185981680605329 0.054882798668649514
2 0.34617682198327365 0.11642234969194822 0.03086419753086419 0.054882798668649514
2 0.336220629231382 0.07216202818497278 0.028872958980485856 0.030097018624743278
2 0.3795300677021108 0.06862120246441475 0.029868578255675085 0.04780114722753346
2 0.37156511350059745 0.03852418383967146 0.021903624054161762 0.03363784434530133
2 0.32925129430505784 0.02878691310813686 0.018916766228594204 0.03894908292613837
2 0.29758064516129035 0.02390057361376673 0.02956989247311828 0.04780114722753346
2 0.3577956989247312 0.007170172084130019 0.023118279569892472 0.014340344168260038