0 0.06446446446446455 0.8513532763532763 0.08208208208208208 0.2368233618233616
2 0.504904904904905 0.6501424501424502 0.09009009009009013 0.22613960113960116
2 0.49139139139139143 0.4435897435897436 0.0650650650650651 0.1406695156695157
2 0.46886886886886897 0.3216168091168092 0.062062062062062044 0.11396011396011392
2 0.3402402402402403 0.3011396011396012 0.05305305305305312 0.10505698005698004
2 0.21811811811811815 0.40886752136752136 0.07107107107107109 0.13532763532763534
2 0.27117117117117123 0.23080484330484333 0.047047047047047 0.09615384615384616
2 0.23463463463463466 0.1266381766381767 0.042042042042042066 0.06944444444444439
2 0.3492492492492494 0.1800569800569801 0.03903903903903901 0.09437321937321938
2 0.44584584584584597 0.19252136752136756 0.04804804804804794 0.09437321937321932
2 0.40830830830830833 0.12930911680911686 0.04304304304304301 0.06410256410256407
2 0.3907907907907908 0.09280626780626784 0.03203203203203196 0.05519943019943018
2 0.3372372372372373 0.10170940170940176 0.031031031031031022 0.05519943019943018
2 0.3272272272272273 0.057193732193732236 0.029029029029029024 0.030270655270655256
2 0.37077077077077086 0.05363247863247868 0.030030030030030085 0.04807692307692308
2 0.36276276276276287 0.023361823361823412 0.022022022022022095 0.033831908831908834
2 0.32 0.016346153846153847 0.01945945945945946 0.032692307692307694
2 0.2883783783783784 0.016346153846153847 0.02972972972972973 0.032692307692307694