0 0.07513503086419761 0.8540809327846365 0.07908950617283951 0.22805212620027426
2 0.49951774691358036 0.6603223593964335 0.0868055555555556 0.217764060356653
2 0.48649691358024694 0.4614197530864198 0.06269290123456787 0.13545953360768176
2 0.46479552469135815 0.3439643347050755 0.059799382716049426 0.10973936899862827
2 0.34085648148148157 0.3242455418381345 0.05111882716049383 0.1011659807956104
2 0.22318672839506176 0.4279835390946502 0.06847993827160494 0.13031550068587108
2 0.2743055555555556 0.25651577503429357 0.045331790123456804 0.09259259259259259
2 0.23910108024691362 0.15620713305898495 0.04050925925925926 0.06687242798353907
2 0.34953703703703715 0.20764746227709194 0.037615740740740776 0.09087791495198903
2 0.4426118827160495 0.2196502057613169 0.04629629629629625 0.09087791495198898
2 0.40644290123456794 0.1587791495198903 0.04147376543209879 0.061728395061728385
2 0.3895640432098766 0.12362825788751719 0.030864197530864185 0.053155006858710545
2 0.337962962962963 0.13220164609053503 0.029899691358024682 0.05315500685871057
2 0.328317901234568 0.08933470507544586 0.027970679012345675 0.029149519890260617
2 0.3702739197530865 0.08590534979423874 0.02893518518518518 0.046296296296296294
2 0.36255787037037046 0.0567558299039781 0.021219135802469147 0.03257887517146777
2 0.32156635802469147 0.04732510288065848 0.018325617283950577 0.037722908093278454
2 0.29118441358024694 0.03960905349794243 0.02893518518518518 0.05315500685871056
2 0.34953703703703715 0.021604938271604972 0.02218364197530865 0.02400548696844993