2 0.2106555753614578 0.838156597662301 0.16735987324222623 0.30453457259540917
2 0.49883145177262833 0.8777636952541895 0.11190334719746477 0.2182791156175186
2 0.48496732026143796 0.538902971412477 0.06634977223212521 0.16370933671313895
2 0.3022578728461082 0.43416420222503876 0.07724301841948895 0.16899028305872418
2 0.46516141810259465 0.3866356851147726 0.06436918201624088 0.1091395578087593
2 0.4517924341453754 0.2607731305449937 0.05941770647652999 0.11794113505140126
2 0.3314715785304021 0.23348824109280386 0.04456327985739759 0.07393324883819186
2 0.40772430184194897 0.17451767356710324 0.03664091899386015 0.07921419518377697
2 0.39187958011487434 0.12786931418110126 0.03862150920974448 0.04928883255879453
2 0.36712220241632015 0.09618363610759052 0.03664091899386015 0.06337135614702154
2 0.31958803723509616 0.11026615969581754 0.026737967914438502 0.05633009435290802
2 0.31661715191126966 0.059217011688494615 0.026737967914438502 0.045768201661737784
2 0.27700534759358303 0.04337417265173922 0.022776787482669845 0.03872693986762427
2 0.3557338086749852 0.04337417265173922 0.023767082590611947 0.03872693986762427
2 0.3091899386017034 0.0240107027179271 0.01980590215884329 0.03168567807351078
2 0.2225391166567638 0.135790733699479 0.03267973856209149 0.06513167159554989
3 0.2720538720538721 0.16483593860019718 0.04456327985739759 0.09153640332347557