2 0.7911764705882353 0.8488593155893536 0.16737967914438504 0.30228136882129275
2 0.502772826302238 0.8901211097028587 0.11190334719746477 0.2182791156175186
2 0.5166369578134283 0.5512603858611462 0.06634977223212521 0.16370933671313895
2 0.6993464052287581 0.44652161667370793 0.07724301841948895 0.16899028305872418
2 0.5364428599722717 0.3989930995634418 0.06436918201624088 0.1091395578087593
2 0.5498118439294909 0.2731305449936629 0.05941770647652987 0.11794113505140126
2 0.6701326995444642 0.24584565554147308 0.04456327985739759 0.07393324883819186
2 0.5938799762329173 0.18687508801577243 0.036640918993860266 0.07921419518377697
2 0.609724697959992 0.14022672862977048 0.03862150920974448 0.04928883255879453
2 0.6344820756585462 0.10854105055625973 0.036640918993860024 0.06337135614702154
2 0.6820162408397702 0.12262357414448674 0.026737967914438502 0.05633009435290802
2 0.6849871261635966 0.07157442613716382 0.026737967914438502 0.045768201661737784
2 0.7245989304812833 0.055731587100408424 0.022776787482669845 0.03872693986762427
2 0.645870469399881 0.055731587100408424 0.023767082590611947 0.03872693986762427
2 0.692414339473163 0.036368117166596305 0.01980590215884329 0.03168567807351078
2 0.7790651614181026 0.1481481481481482 0.03267973856209161 0.06513167159554989
3 0.7295504060209942 0.17719335304886638 0.04456327985739759 0.09153640332347557