2 0.22704475308641983 0.8386488340192043 0.1630015432098766 0.296639231824417
2 0.5077160493827162 0.8772290809327846 0.10898919753086418 0.21262002743484218
2 0.494212962962963 0.547153635116598 0.06462191358024695 0.15946502057613174
2 0.3162615740740742 0.4451303155006859 0.07523148148148148 0.16460905349794244
2 0.4749228395061729 0.3988340192043896 0.06269290123456787 0.10631001371742109
2 0.46190200617283955 0.27623456790123463 0.05787037037037036 0.11488340192043896
2 0.34471450617283955 0.24965706447187933 0.0434027777777778 0.07201646090534979
2 0.41898148148148157 0.19221536351165983 0.035686728395061706 0.0771604938271605
2 0.4035493827160495 0.1467764060356653 0.037615740740740776 0.048010973936899834
2 0.3794367283950618 0.11591220850480115 0.035686728395061706 0.061728395061728385
2 0.33314043209876554 0.12962962962962968 0.026041666666666668 0.054869684499314134
2 0.330246913580247 0.07990397805212623 0.026041666666666668 0.04458161865569273
2 0.2916666666666668 0.06447187928669414 0.02218364197530859 0.037722908093278454
2 0.3683449074074075 0.06447187928669414 0.023148148148148154 0.037722908093278454
2 0.3230131172839507 0.045610425240054916 0.01929012345679008 0.030864197530864206
2 0.2386188271604939 0.15449245541838139 0.03182870370370369 0.06344307270233195
3 0.2868441358024692 0.18278463648834023 0.043402777777777825 0.08916323731138547