3 0.25453317901234573 0.8249314128943759 0.12538580246913583 0.3000685871056242
2 0.5028935185185186 0.6251714677640604 0.07619598765432105 0.20576131687242794
2 0.4739583333333334 0.3276748971193416 0.05690586419753085 0.1148834019204389
2 0.34471450617283955 0.32596021947873804 0.0434027777777778 0.08744855967078191
2 0.4377893518518519 0.2410836762688615 0.040509259259259224 0.07544581618655691
2 0.416087962962963 0.18707133058984912 0.04147376543209873 0.07030178326474625
2 0.34905478395061734 0.20336076817558302 0.03472222222222226 0.07544581618655691
2 0.28346836419753096 0.24879972565157749 0.04629629629629634 0.07030178326474623
2 0.24006558641975315 0.15363511659807957 0.032793209876543196 0.07201646090534979
3 0.3895640432098766 0.13048696844993143 0.03858024691358022 0.07716049382716048
2 0.3403742283950618 0.14077503429355284 0.02700617283950617 0.046296296296296294
3 0.326388888888889 0.06361454046639237 0.029899691358024682 0.05658436213991769
2 0.2863618827160495 0.08333333333333337 0.025077160493827164 0.04115226337448558
2 0.37413194444444453 0.08161865569272982 0.021219135802469088 0.03429355281207133
2 0.35821759259259267 0.04818244170096026 0.014467592592592619 0.029149519890260645