3 0.21712383600893276 0.8116659169290749 0.13694012556356136 0.3280101964312491
2 0.4883706231829099 0.5933048433048433 0.08321746091939507 0.22492127755285646
2 0.4567690557451651 0.268106162843005 0.06214974929423158 0.12558104663367817
2 0.31561538785657106 0.26623181886339786 0.04740235115661746 0.09559154295996403
2 0.4172670964479839 0.17345179187284457 0.044242194412842904 0.08247113510271403
2 0.39356592086967523 0.11440995651521971 0.045295579994101005 0.07684810316389269
2 0.32035562297223286 0.1322162243214875 0.03792188092529394 0.08247113510271403
2 0.24872540344667773 0.18188633978107663 0.05056250790039187 0.07684810316389264
2 0.2013230522900603 0.07786024891288051 0.03581510976277755 0.07872244714349977
3 0.3645978173850757 0.05255660518818416 0.04213542325032645 0.08434547908232116
2 0.3108751527409094 0.06380266906582699 0.029494796275228517 0.05060728744939271
2 0.2514220705346985 0.011639676113360324 0.027303754266211604 0.02327935222672065
2 0.34726962457337884 0.00860323886639676 0.023321956769055744 0.01720647773279352