3 0.7798032407407407 0.8395061728395061 0.1394675925925926 0.32098765432098764
2 0.5037294238683127 0.6246761164456638 0.08466220850480123 0.2286236854138088
2 0.5358796296296295 0.2941243712848651 0.06322873799725644 0.12764822435604323
2 0.6794838820301783 0.2922191739064167 0.0482253086419754 0.09716506630086878
2 0.5760673868312757 0.19791190367322062 0.04501028806584365 0.0838286846517299
2 0.6001800411522632 0.13789818625209574 0.04608196159122081 0.07811309251638475
2 0.6746613511659808 0.1559975613473556 0.038580246913580425 0.0838286846517299
2 0.7475351508916321 0.20648529187623837 0.05144032921810688 0.0781130925163847
2 0.7957604595336076 0.10074683737235181 0.03643689986282584 0.0800182898948331
3 0.6296510631001371 0.0750266727632983 0.04286694101508907 0.0857338820301783
2 0.6843064128943758 0.08645785703398876 0.030006858710562346 0.051440329218107
3 0.7002314814814815 0.01594650205761317 0.03356481481481482 0.03189300411522634
2 0.7447916666666666 0.02263374485596708 0.027777777777777776 0.04526748971193416
2 0.6467978395061728 0.02072854747751872 0.02357681755829912 0.03810394756896815