2 0.20570366670894646 0.9381515775034294 0.1323812468290208 0.12184499314128945
2 0.3177083333333334 0.5522976680384089 0.0877700617283951 0.19718792866941012
2 0.5043402777777779 0.507716049382716 0.07330246913580248 0.18689986282578874
2 0.4734760802469137 0.36025377229080935 0.05787037037037036 0.10802469135802466
2 0.3437500000000001 0.3679698216735254 0.04726080246913581 0.10631001371742109
2 0.27141203703703715 0.2985253772290809 0.04918981481481482 0.08401920438957473
2 0.291184413580247 0.1879286694101509 0.030864197530864244 0.06172839506172836
2 0.23910108024691365 0.1587791495198903 0.0347222222222222 0.0754458161865569
2 0.38908179012345684 0.11591220850480113 0.026041666666666668 0.04801097393689986
2 0.2902199074074075 0.07990397805212623 0.021219135802469088 0.04115226337448561
2 0.3288001543209878 0.08676268861454049 0.023148148148148154 0.04115226337448558
2 0.37075617283950624 0.07047325102880662 0.018325617283950577 0.03600823045267489
3 0.3403742283950618 0.18021262002743488 0.040509259259259287 0.09430727023319616
3 0.40981867283950624 0.1733539094650206 0.04243827160493823 0.07373113854595335