2 0.19497354497354497 0.943502824858757 0.1349206349206349 0.11299435028248588
2 0.3089947089947091 0.5569505475343517 0.08916323731138556 0.2005300969519426
2 0.498589065255732 0.5116133082234776 0.07446600039192638 0.1900676571109715
2 0.46723495982755253 0.3616516705028946 0.05878894767783655 0.10985561833019457
2 0.33544973544973555 0.36949850038362275 0.04801097393689993 0.10811187835669941
2 0.26196355085243983 0.2988770314570691 0.049970605526161026 0.08544325870126238
2 0.2820497746423673 0.18640580316663183 0.031354105428179554 0.06277463904582545
2 0.2291397217323144 0.15676222361721423 0.03527336860670192 0.07672455883378664
2 0.3815010777973742 0.11316872427983542 0.026455026455026454 0.04882471925786426
2 0.2810699588477367 0.07655018483643722 0.02155594748187336 0.041849759363883667
2 0.32026259063296114 0.08352514473041783 0.023515579071134572 0.041849759363883646
2 0.3628845776993926 0.0669596149822139 0.018616500097981596 0.0366185394433982
3 0.3320203801685284 0.17855897328590364 0.041152263374485624 0.09590569854223338
3 0.40256711738193224 0.17158401339192303 0.04311189496374672 0.07498081886029154