2 0.1976315789473684 0.9424157303370787 0.13421052631578947 0.1151685393258427
2 0.31105263157894747 0.5566306006380913 0.08869395711500984 0.1994035233735609
2 0.4996491228070176 0.5115480649188514 0.07407407407407414 0.18899986128450538
2 0.46846003898635485 0.3624289083090581 0.05847953216374268 0.10923845193508111
2 0.3373684210526317 0.37023165487584964 0.04775828460038994 0.1075045082535719
2 0.2642690058479533 0.30000693577472604 0.049707602339181235 0.08496324039395192
2 0.2842495126705654 0.18816756831738107 0.03118908382066282 0.06242197253433205
2 0.23161793372319694 0.15869052573172426 0.03508771929824559 0.07629352198640582
2 0.3831773879142301 0.11534193369399365 0.02631578947368421 0.048550423082258286
2 0.2832748538011697 0.07892911638229994 0.021442495126705603 0.041614648356221404
2 0.3222612085769982 0.08586489110833684 0.023391812865497023 0.041614648356221376
2 0.36465886939571157 0.06939242613399921 0.018518518518518535 0.03641281731169371
3 0.3339571150097467 0.18036482175058957 0.04093567251461991 0.09536690248300735
3 0.4041325536062379 0.17342904702455267 0.042884990253411207 0.07455957830489665