2 0.05875706214689266 0.8621730382293763 0.11751412429378531 0.27565392354124746
2 0.26087047499476884 0.7844101646918549 0.14124293785310735 0.32416722557567623
2 0.5350282485875706 0.8335010060362174 0.1016949152542373 0.3329979879275654
2 0.5229545930110903 0.4770102094045756 0.07532956685499068 0.16767270288397057
2 0.4936597614563717 0.323310231760936 0.06277463904582548 0.12482301214695575
2 0.2770872567482738 0.23202176019077433 0.04394224733207787 0.09501453163424985
2 0.35346306758736146 0.20314479469409052 0.041849759363883694 0.08569938147402933
2 0.4209458045616239 0.10999329309188467 0.034526051475204 0.05961696102541171
2 0.4015902908558277 0.05782845219464942 0.03347980749110685 0.05961696102541171
2 0.38537350910232276 0.022430881585811215 0.021971123666038806 0.040986660704970555
2 0.3757062146892655 0.013078470824949699 0.021468926553672316 0.026156941649899398
2 0.33022598870056497 0.014587525150905433 0.023163841807909605 0.029175050301810865
2 0.23785310734463283 0.10067814293166412 0.03243356350700983 0.06706908115358816
3 0.451810002092488 0.19755570459795813 0.06277463904582548 0.1006036217303823
3 0.3409081397781964 0.3298308368730904 0.069052102950408 0.15276846262761767
3 0.28983050847457625 0.008048289738430584 0.02824858757062147 0.01609657947686117