2 0.06548996913580256 0.8617969821673525 0.12731481481481483 0.2709190672153634
2 0.2608024691358025 0.7812071330589849 0.13020833333333334 0.29835390946502055
2 0.5137403149587413 0.8361282578875171 0.09403155584340823 0.3258916323731138
2 0.5024112654320988 0.49828532235939643 0.06944444444444446 0.15432098765432106
2 0.47540509259259267 0.3568244170096022 0.05787037037037036 0.1148834019204389
2 0.2757523148148149 0.2728052126200275 0.040509259259259287 0.08744855967078186
2 0.34616126543209885 0.24622770919067222 0.03858024691358028 0.07887517146776404
2 0.408371913580247 0.16049382716049387 0.03182870370370369 0.05486968449931411
2 0.39052854938271614 0.112482853223594 0.030864197530864185 0.05486968449931411
2 0.37557870370370383 0.07990397805212625 0.020254629629629584 0.037722908093278454
2 0.3668981481481482 0.0653292181069959 0.020254629629629643 0.03600823045267489
2 0.32494212962962976 0.06704389574759949 0.021219135802469147 0.03943758573388204
2 0.2395833333333334 0.15192043895747606 0.029899691358024682 0.061728395061728385
3 0.4368248456790124 0.24108367626886146 0.05787037037037036 0.09259259259259259
3 0.3345871913580248 0.3628257887517147 0.06365740740740744 0.1406035665294925
3 0.2878086419753087 0.04732510288065848 0.026041666666666668 0.054869684499314134