2 0.965311004784689 0.8973404255319148 0.06937799043062201 0.2053191489361702
2 0.7793062200956937 0.8430851063829787 0.14952153110047847 0.31382978723404253
2 0.48863636363636365 0.8670212765957447 0.1076555023923445 0.26595744680851063
2 0.5014176856282119 0.5331363278171789 0.07974481658692194 0.17730496453900718
2 0.5324295587453481 0.37060677698975575 0.06645401382243486 0.131993695823483
2 0.7616959064327484 0.27407407407407414 0.046517809675704444 0.10047281323877058
2 0.680843522948786 0.243538219070134 0.04430267588162342 0.0906225374310481
2 0.6094054580896685 0.14503546099290784 0.036549707602339165 0.06304176516942472
2 0.6298954456849193 0.0898739164696612 0.03544214070529852 0.06304176516942472
2 0.6470627325890482 0.052442868400315264 0.023258904837852087 0.043341213553979505
2 0.6570308346624135 0.03569739952718679 0.023258904837852357 0.041371158392434985
2 0.7052099946836787 0.037667454688731325 0.02436647173489287 0.04531126871552405
2 0.8032296650717703 0.13518518518518524 0.03433457380825801 0.0709219858156028
3 0.5767322346269714 0.2376280535855004 0.06645401382243486 0.10638297872340426
3 0.6941343257132729 0.37750197005516156 0.07309941520467833 0.16154452324665103
3 0.7482057416267942 0.022872340425531913 0.029904306220095694 0.045744680851063826