3 0.72490691749951 0.6209109297621539 0.11855771115030365 0.3191044151496129
3 0.5392318244170096 0.3140126944270071 0.06270821085635911 0.13078049801213645
2 0.6666078777189888 0.4264839227174444 0.060748579267097765 0.1464741577735928
2 0.49807956104252393 0.5825486503452606 0.08034489515970991 0.193555137057962
2 0.5715657456398197 0.20502894608356007 0.043111894963746955 0.0697495989398061
2 0.5965510484029002 0.1448699169979773 0.03821281599059374 0.047080979284369114
2 0.6587693513619438 0.17800097649438518 0.03723300019596319 0.0680058589663109
2 0.6151675485008817 0.09604519774011303 0.030374289633548882 0.047080979284369114
2 0.6303546933176561 0.06901722815093818 0.01763668430335105 0.038362279416893345
2 0.6724867724867724 0.10127641766059849 0.023515579071134572 0.04010601939038849
2 0.7141289437585733 0.1439980470112297 0.040172447579855074 0.08718699867475758
2 0.7645894571820497 0.1483573969449676 0.03331373701744077 0.0680058589663109
2 0.713639035861258 0.0751203180581712 0.023515579071134572 0.0366185394433982
2 0.674936311973349 0.05768291832321969 0.02057613168724269 0.0366185394433982