3 0.2791280864197532 0.622599451303155 0.11670524691358028 0.3137860082304527
3 0.46190200617283955 0.32081618655692734 0.06172839506172837 0.12860082304526746
2 0.33651620370370383 0.43141289437585734 0.059799382716049364 0.14403292181069957
2 0.5024112654320988 0.5848765432098766 0.07908950617283951 0.19032921810699588
2 0.4300733024691359 0.21364883401920443 0.042438271604938294 0.06858710562414266
2 0.4054783950617285 0.15449245541838139 0.037615740740740776 0.04629629629629632
2 0.34423225308641986 0.18707133058984912 0.03665123456790127 0.06687242798353907
2 0.38715277777777785 0.10648148148148151 0.029899691358024682 0.046296296296296294
2 0.37220293209876554 0.07990397805212625 0.01736111111111107 0.037722908093278454
2 0.3307291666666668 0.11162551440329221 0.023148148148148154 0.03943758573388202
2 0.2897376543209878 0.15363511659807957 0.03954475308641978 0.08573388203017829
2 0.24006558641975315 0.15792181069958852 0.032793209876543196 0.06687242798353907
2 0.2902199074074075 0.08590534979423872 0.023148148148148154 0.03600823045267489
2 0.328317901234568 0.06875857338820307 0.020254629629629643 0.03600823045267489