3 0.27618060951394297 0.6228292607960657 0.13057929724596395 0.35154449054863995
3 0.4806828973495641 0.28473182726294766 0.06906673573340237 0.14407561088059015
2 0.3403910903910905 0.4086368526202551 0.06690840024173356 0.16136468418626093
2 0.5260079426746095 0.580567081604426 0.08849175515842175 0.2132319041032735
2 0.44507036173702846 0.1646688181957892 0.047483380816714174 0.0768403258029814
2 0.417551584218251 0.09839403719071774 0.042087542087542056 0.05186721991701248
2 0.3490244323577658 0.1348931919471339 0.04100837434170771 0.07491931765790681
2 0.3970473970473971 0.044605809128630734 0.03345420012086678 0.05186721991701245
2 0.37995337995337997 0.017634854771784232 0.019813519813519812 0.035269709543568464
2 0.33391608391608407 0.05036883356385434 0.025900025900025842 0.044183187336714294
2 0.28805145471812155 0.09743353311818045 0.04424587757921101 0.09605040725372671
2 0.2324743158076492 0.1022360534808668 0.036691703358370006 0.07491931765790681
2 0.2885910385910387 0.021553711387736322 0.025900025900025842 0.04034117104656523
2 0.3307109557109557 0.010892116182572614 0.022727272727272728 0.021784232365145227