3 0.8040851553509781 0.8007172131147541 0.18354430379746836 0.3985655737704918
3 0.5113369986787708 0.5781344869459624 0.10122320248902524 0.2447632058287796
2 0.707923112986404 0.549673649058895 0.09376465072667609 0.19163630843958704
2 0.8315219707624771 0.4263433515482696 0.11081276904061715 0.22578931390406806
2 0.6716958615692793 0.3030130540376442 0.05327536973106594 0.11953551912568303
2 0.5544900481609342 0.27929568913175473 0.05540638452030858 0.094869459623558
2 0.589119038486127 0.17114450516089863 0.052209862336444694 0.08727990285367337
2 0.6780889059370071 0.18063145112325443 0.046882325363338175 0.07210078931390408
2 0.7478796402847036 0.17873406193078328 0.039423773600988636 0.0796903460837887
2 0.7968929804372842 0.10758196721311478 0.030899714444018105 0.07399817850637523
2 0.7398883348250436 0.034532483302975155 0.023441162681669087 0.049332119004250156
2 0.6908749946724629 0.07532635094110506 0.036227251417124885 0.06261384335154828
2 0.6786216596343178 0.10947935640558597 0.03303072923326087 0.06261384335154824
2 0.6354686101521544 0.06299332119004254 0.029834207049396856 0.045537340619307844
2 0.6125602011677961 0.10283849423193693 0.03303072923326087 0.06071645415907709
2 0.6657077100115075 0.011270491803278689 0.02531645569620253 0.022540983606557378