3 0.23331404320987661 0.7923525377229081 0.1658950617283951 0.3858024691358025
3 0.49807098765432106 0.5780178326474622 0.09162808641975305 0.2211934156378601
2 0.32011959876543217 0.5522976680384089 0.08487654320987659 0.17318244170096025
2 0.20823688271604943 0.44084362139917693 0.10030864197530862 0.20404663923182442
2 0.3529128086419754 0.3293895747599451 0.048225308641975315 0.10802469135802466
2 0.45900848765432106 0.30795610425240055 0.05015432098765433 0.08573388203017834
2 0.42766203703703715 0.2102194787379973 0.04726080246913581 0.07887517146776409
2 0.34712577160493835 0.21879286694101513 0.042438271604938294 0.06515775034293554
2 0.2839506172839507 0.21707818930041156 0.035686728395061734 0.07201646090534979
2 0.2395833333333334 0.15277777777777782 0.027970679012345675 0.0668724279835391
2 0.291184413580247 0.0867626886145405 0.021219135802469088 0.04458161865569273
2 0.3355516975308642 0.12362825788751716 0.032793209876543196 0.0565843621399177
2 0.34664351851851855 0.15449245541838139 0.02989969135802474 0.0565843621399177
2 0.38570601851851855 0.112482853223594 0.02700617283950617 0.04115226337448561
2 0.406442901234568 0.14849108367626893 0.029899691358024682 0.054869684499314134
2 0.3586998456790125 0.05418381344307274 0.023148148148148154 0.04458161865569273