3 0.7696528989722706 0.7939857921235948 0.16676362226100455 0.38795779019242715
3 0.503509792515028 0.5784536864611353 0.09210781462090359 0.22242913304365822
2 0.6823928640682566 0.5525898337816402 0.08532092301725815 0.17414994137526718
2 0.794861353500097 0.44051313883716114 0.10083381811130503 0.20518656459066148
2 0.649427961993407 0.3284364438926823 0.04847779716889666 0.10862818125387955
2 0.5427768082218343 0.3068832333264363 0.05041690905565263 0.08621284226498381
2 0.5742873763816171 0.2086005931443548 0.047508241225518784 0.07931581488378513
2 0.6552452976536745 0.2172218773708532 0.04266046150862919 0.06552176012138769
2 0.7187512119449292 0.21549762052555352 0.035873569904983374 0.07241878750258637
2 0.7633507853403141 0.15083798882681568 0.02811712235795993 0.06724601696668736
2 0.7114795423695945 0.08445410028277817 0.021330230754314596 0.044830677977791576
2 0.6668799689742098 0.12152562245672116 0.03296490207484976 0.05690047589488928
2 0.6557300756253636 0.15256224567211538 0.030056234244715912 0.05690047589488928
2 0.6164630599185572 0.1103179529622733 0.02714756641458206 0.041382164287192234
2 0.5956176071359317 0.14652734671356651 0.030056234244715912 0.05517621904958961
2 0.6436106263331393 0.05169322022208432 0.023269342641070338 0.044830677977791576