2 0.11390406800242872 0.6502337288745056 0.1366120218579235 0.22833513124775265
3 0.17486338797814208 0.8674757281553398 0.2087431693989071 0.2650485436893204
2 0.2889698441611011 0.6205681409564905 0.09411050394656949 0.1941747572815534
2 0.4984416110099171 0.5567421790722762 0.07184780408824115 0.170801869830996
2 0.8733657154422182 0.6403451995685007 0.13762396276057473 0.24451636102121527
2 0.4655535316737503 0.31851851851851853 0.06476421776968236 0.10068320747932398
2 0.3405788301963166 0.412010068320748 0.05768063145112331 0.12585400934915492
2 0.3390609188423397 0.29334771664868753 0.0485731633272617 0.0970873786407767
2 0.27227281926735486 0.23042071197411007 0.042501517911354 0.09349154980222943
2 0.3334952438777576 0.2025530384753686 0.03744181339809753 0.08809780654440845
2 0.4068609593199758 0.14412081984897523 0.032382108884841054 0.06112909025530387
2 0.4286176887269784 0.19176555195972675 0.03946569520340009 0.0665228335131248
2 0.22825339000202394 0.13063646170442292 0.035417931592794966 0.09169363538295579
2 0.27682655332928563 0.09827400215749733 0.0273224043715847 0.04854368932038835
2 0.3269176280105242 0.08748651564185547 0.03035822707953861 0.052139518158935624
2 0.3709370572758552 0.08209277238403456 0.029346286176887264 0.05573534699748291
2 0.35778182554138843 0.03265012585400938 0.021250758955677 0.03595828838547285