2 0.13252314814814822 0.6534636488340192 0.13020833333333331 0.217764060356653
3 0.19087577160493835 0.8643689986282579 0.1986882716049383 0.2589163237311385
2 0.2993827160493828 0.6251714677640604 0.08969907407407411 0.18518518518518517
2 0.49903549382716056 0.5643004115226338 0.0684799382716049 0.16289437585733876
2 0.8563850308641976 0.6440329218106997 0.13117283950617278 0.23319615912208505
2 0.4676890432098766 0.3371056241426612 0.06172839506172843 0.09602194787379972
2 0.3485725308641976 0.4262688614540467 0.054976851851851846 0.12002743484224965
2 0.34712577160493835 0.31310013717421126 0.04629629629629631 0.09259259259259259
2 0.2834683641975309 0.25308641975308643 0.04050925925925926 0.08916323731138547
2 0.34182098765432106 0.22650891632373116 0.035686728395061706 0.08401920438957473
2 0.41174768518518523 0.17078189300411525 0.030864197530864185 0.05829903978052129
2 0.4324845679012347 0.21622085048010978 0.037615740740740713 0.06344307270233197
2 0.2415123456790124 0.15792181069958852 0.0337577160493827 0.08744855967078191
2 0.2878086419753087 0.1270576131687243 0.026041666666666668 0.046296296296296294
2 0.3355516975308642 0.1167695473251029 0.02893518518518518 0.04972565157750342
2 0.3775077160493828 0.11162551440329223 0.027970679012345675 0.053155006858710545
2 0.3649691358024692 0.06447187928669414 0.020254629629629643 0.03429355281207133