2 0.13188951663527942 0.6335419926969222 0.14124293785310735 0.23660481406960285
3 0.19491525423728814 0.8606639839034205 0.21581920903954802 0.27867203219315895
2 0.31288972588407626 0.6028019971681944 0.09730069052102948 0.2012072434607646
2 0.5294622305921741 0.5366644310306282 0.07428332287089338 0.176987853044191
2 0.9170956267001465 0.6232953275206797 0.14228918183720438 0.25337208435799974
2 0.49545930110901865 0.2898129517847828 0.06695961498221396 0.10432968179447052
2 0.3662481690730279 0.3866905134510769 0.05963590709353427 0.13041210224308808
2 0.3646788030968823 0.26373053133616514 0.05021971123666041 0.1006036217303823
2 0.2956267001464742 0.1985244802146211 0.04394224733207787 0.09687756166629406
2 0.35892446118434823 0.16964751471793726 0.03871102741159236 0.09128847157016168
2 0.4347771500313874 0.1090990386765035 0.03347980749110685 0.06334302108949999
2 0.4572713956894749 0.1584693345256726 0.04080351537978654 0.06893211118563233
2 0.25011508683825073 0.09512631343617263 0.036618539443398185 0.09501453163424996
2 0.30033479807491115 0.06159177285937853 0.02824858757062147 0.05030181086519115
2 0.35212387528771716 0.05041359266711382 0.0313873195229128 0.054027870929279374
2 0.39763548859594067 0.044824502570981486 0.030341075538815647 0.0577539309933676
2 0.38389830508474576 0.006036217303822937 0.022033898305084745 0.012072434607645875