2 0.7635135135135135 0.8733624454148472 0.14864864864864866 0.25327510917030566
2 0.44747019747019734 0.7026120006469352 0.10465010465010469 0.24260067928190193
2 0.6692829192829192 0.5631166100598415 0.08872508872508866 0.19003719877082303
2 0.5088952588952588 0.3720685751253437 0.06370006370006369 0.13140870127769685
2 0.6607516607516606 0.3892527899078117 0.06256256256256248 0.11725699498625261
2 0.7722267722267722 0.4034044961992561 0.08076258076258065 0.12938702895034768
2 0.7329829829829828 0.2194323144104804 0.05005005005005021 0.08491023774866568
2 0.7801892801892801 0.14058709364386227 0.0420875420875422 0.07278020378457055
2 0.6635954135954135 0.28412582888565424 0.043225043225043266 0.09704027171276082
2 0.5498452998452997 0.2538007439754165 0.05460005460005461 0.09299692705806246
2 0.6556329056329055 0.21134562510108368 0.04095004095004086 0.07682354843926897
2 0.5885203385203385 0.1547387999353065 0.040950040950041 0.09299692705806246
2 0.6596141596141596 0.15372796377163192 0.04436254436254433 0.058628497493126305
2 0.6721266721266721 0.10217531942422776 0.035262535262535255 0.06065016982047548
2 0.6118391118391118 0.0839802684780851 0.028437528437528444 0.05660682516577713
2 0.6274570024570024 0.03384279475982533 0.030098280098280097 0.06768558951965066
2 0.722176722176722 0.02737344331230799 0.021612521612521633 0.032346757237586954
2 0.6738329238329237 0.06376354520459328 0.025025025025025106 0.04043344654698364