2 0.2628992628992629 0.881004366812227 0.14864864864864866 0.23799126637554585
2 0.5789425789425791 0.717895843441695 0.10465010465010469 0.24260067928190193
2 0.3571298571298573 0.5784004528546013 0.08872508872508866 0.19003719877082303
2 0.5175175175175176 0.38735241792010355 0.06370006370006369 0.13140870127769685
2 0.3656611156611158 0.40453663270257156 0.06256256256256248 0.11725699498625261
2 0.2541860041860043 0.4186883389940159 0.08076258076258079 0.12938702895034768
2 0.2934297934297935 0.2347161572052402 0.050050050050050074 0.08491023774866568
2 0.2462234962234963 0.15587093643862207 0.04208754208754206 0.07278020378457055
2 0.3628173628173629 0.2994096716804141 0.043225043225043266 0.09704027171276082
2 0.4765674765674766 0.2690845867701763 0.05460005460005461 0.09299692705806246
2 0.3707798707798709 0.22662946789584348 0.040950040950041 0.07682354843926897
2 0.437892437892438 0.17002264273006634 0.040950040950041 0.09299692705806246
2 0.36679861679861686 0.16901180656639175 0.04436254436254433 0.058628497493126305
2 0.3542861042861044 0.1174591622189876 0.035262535262535255 0.06065016982047548
2 0.4145736645736647 0.09926411127284493 0.028437528437528444 0.05660682516577713
2 0.3992173992173993 0.04872230308911537 0.029575029575029648 0.0687368591298722
2 0.3042360542360544 0.042657286107067816 0.021612521612521633 0.032346757237586954
2 0.3525798525798527 0.07904738799935311 0.025025025025025106 0.04043344654698364