2 0.25501543209876554 0.8000685871056242 0.12635030864197536 0.26063100137174205
2 0.5226658950617284 0.6320301783264747 0.0887345679012346 0.20576131687242794
2 0.3345871913580248 0.5137174211248285 0.07523148148148148 0.1611796982167352
2 0.47058256172839513 0.3516803840877915 0.05401234567901234 0.11145404663923178
2 0.3418209876543211 0.3662551440329218 0.05304783950617284 0.09945130315500685
2 0.24729938271604948 0.37825788751714684 0.06847993827160499 0.10973936899862827
2 0.2805748456790124 0.22222222222222224 0.042438271604938294 0.07201646090534979
2 0.2405478395061729 0.15534979423868317 0.035686728395061706 0.061728395061728385
2 0.33940972222222227 0.2770919067215364 0.03665123456790121 0.08230452674897122
2 0.4358603395061729 0.25137174211248287 0.04629629629629631 0.07887517146776404
2 0.34616126543209885 0.215363511659808 0.03472222222222226 0.06515775034293554
2 0.4030671296296297 0.16735253772290812 0.03472222222222226 0.07887517146776407
2 0.34278549382716056 0.16649519890260633 0.037615740740740776 0.04972565157750342
2 0.332175925925926 0.1227709190672154 0.029899691358024682 0.051440329218106984
2 0.38329475308641986 0.1073388203017833 0.024112654320987657 0.04801097393689986
2 0.3702739197530865 0.06447187928669415 0.025077160493827164 0.05829903978052125
2 0.2897376543209878 0.059327846364883446 0.018325617283950577 0.02743484224965708
2 0.3307291666666668 0.09019204389574764 0.021219135802469147 0.034293552812071304