2 0.9828088578088578 0.8360995850622407 0.034382284382284384 0.3112033195020747
2 0.8656759906759907 0.9616182572614108 0.1346153846153846 0.07676348547717843
2 0.5073167573167573 0.779429844782542 0.1262626262626262 0.32657138466267094
2 0.7485107485107485 0.6036575995082218 0.11439178105844786 0.23244198555401857
2 0.5628938962272294 0.35008452435838333 0.06043339376672709 0.13254956201014298
2 0.7247690581023913 0.41347779314584293 0.06906673573340225 0.14407561088059015
2 0.7172148838815505 0.2713231904103273 0.051800051800051684 0.1402335945904411
2 0.7004877838211171 0.18487782388197332 0.04856254856254865 0.08644536652835406
2 0.7792670292670293 0.1829568157368988 0.0464042130708797 0.082603350238205
2 0.8240524907191573 0.0609727985246658 0.038850038850038765 0.06915629322268325
2 0.7641586808253473 0.03119717227601048 0.026979193645860183 0.04802520362686339
2 0.6157731157731157 0.1493391731980944 0.049641716308382995 0.0922083909635777
2 0.6389752223085555 0.07153834332257572 0.03777087110420442 0.07107730136775775
2 0.710739877406544 0.06481481481481485 0.036691703358370076 0.05378822806208698
2 0.702646119312786 0.11764253880436457 0.042087542087542056 0.07107730136775775
2 0.659965034965035 0.02074688796680498 0.035547785547785545 0.04149377593360996
2 0.7185314685314685 0.02074688796680498 0.02564102564102564 0.04149377593360996