2 0.05873842592592601 0.8480795610425239 0.10995370370370369 0.2777777777777778
2 0.20317343498389692 0.9621570644718792 0.12008059916800873 0.07383401920438949
2 0.5231481481481483 0.7966392318244171 0.1128472222222222 0.2914951989026064
2 0.30758101851851855 0.6397462277091907 0.10223765432098766 0.2074759945130315
2 0.4734760802469137 0.41340877914951996 0.05401234567901234 0.11831275720164613
2 0.3288001543209877 0.4699931412894376 0.06172839506172837 0.12860082304526751
2 0.3355516975308642 0.34310699588477367 0.04629629629629625 0.12517146776406032
2 0.3505015432098766 0.2659465020576132 0.0434027777777778 0.07716049382716048
2 0.2800925925925926 0.26423182441700965 0.04147376543209879 0.07373113854595335
2 0.24006558641975315 0.15534979423868317 0.0347222222222222 0.061728395061728385
2 0.2935956790123458 0.12877229080932787 0.0241126543209876 0.04286694101508917
2 0.42621527777777785 0.2342249657064472 0.0443672839506173 0.08230452674897122
2 0.4054783950617285 0.16478052126200277 0.0337577160493827 0.06344307270233192
2 0.34133873456790126 0.1587791495198903 0.032793209876543196 0.04801097393689986
2 0.3485725308641976 0.20593278463648837 0.037615740740740776 0.06344307270233192
2 0.38715277777777785 0.10305212620027439 0.03182870370370369 0.07030178326474623
2 0.3345871913580248 0.11591220850480113 0.023148148148148154 0.04458161865569273
2 0.328317901234568 0.0816186556927298 0.018325617283950636 0.020576131687242805
2 0.3558063271604939 0.044753086419753126 0.01929012345679014 0.03600823045267491
2 0.32687114197530875 0.05075445816186562 0.01736111111111113 0.020576131687242805
2 0.2921489197530865 0.05761316872427988 0.01736111111111107 0.030864197530864206