2 0.9591891891891892 0.8605769230769231 0.08162162162162162 0.27884615384615385
2 0.8256756756756757 0.9730769230769231 0.12486486486486487 0.05384615384615385
2 0.4932732732732732 0.8128561253561254 0.11711711711711703 0.30270655270655267
2 0.7169969969969969 0.6499287749287749 0.10610610610610624 0.2154558404558403
2 0.5448248248248247 0.41488603988603995 0.05605605605605605 0.12286324786324791
2 0.6949749749749748 0.47364672364672367 0.06406406406406392 0.13354700854700857
2 0.6879679679679679 0.3418803418803419 0.04804804804804794 0.12998575498575501
2 0.6724524524524524 0.2617521367521368 0.045045045045045126 0.08012820512820505
2 0.7455255255255255 0.25997150997151003 0.04304304304304301 0.07656695156695151
2 0.787067067067067 0.14690170940170946 0.03603603603603595 0.06410256410256407
2 0.7315115115115114 0.11930199430199433 0.025025025025024905 0.04451566951566952
2 0.5938738738738738 0.22881054131054135 0.04604604604604606 0.0854700854700855
2 0.6153953953953953 0.1566951566951567 0.035035035035035016 0.06588319088319085
2 0.6819619619619619 0.150462962962963 0.03403403403403408 0.04985754985754985
2 0.6744544544544544 0.19943019943019946 0.03903903903903901 0.06588319088319085
2 0.6344144144144144 0.09259259259259263 0.03303303303303314 0.073005698005698
2 0.6889689689689689 0.10594729344729348 0.02402402402402397 0.0462962962962963
2 0.6954754754754754 0.07033475783475787 0.019019019019019038 0.021367521367521375
2 0.6669469469469469 0.0320512820512821 0.020020020020019975 0.037393162393162406
2 0.6969769769769768 0.03828347578347583 0.0180180180180181 0.021367521367521375
2 0.7330130130130129 0.04540598290598295 0.018018018018017855 0.03205128205128206