2 0.8253253253253252 0.5791310541310541 0.11411411411411422 0.18874643874643876
2 0.6846846846846846 0.5737891737891738 0.07907907907907921 0.170940170940171
2 0.6656656656656655 0.4001780626780627 0.05305305305305312 0.1406695156695157
2 0.6406406406406405 0.32361111111111107 0.04104104104104113 0.11930199430199435
2 0.5325325325325324 0.3120370370370371 0.06106106106106111 0.12464387464387458
2 0.5525525525525525 0.21677350427350428 0.04904904904904912 0.08012820512820505
2 0.6416416416416416 0.21588319088319094 0.03703703703703714 0.08190883190883194
2 0.582082082082082 0.13130341880341884 0.04604604604604606 0.09437321937321938
2 0.6441441441441441 0.15712250712250717 0.038038038038038076 0.05341880341880341
2 0.7077077077077076 0.1722578347578348 0.03703703703703689 0.062321937321937346
2 0.7557557557557557 0.12863247863247868 0.031031031031031022 0.06410256410256407
2 0.6561561561561561 0.10993589743589748 0.028028028028027965 0.05163817663817663
2 0.618118118118118 0.05562678062678066 0.02402402402402397 0.04629629629629627
2 0.6636636636636636 0.06542022792022796 0.021021021021021158 0.030270655270655283
2 0.6651651651651651 0.03514957264957269 0.014014014014014106 0.030270655270655256
2 0.632132132132132 0.021794871794871832 0.020020020020019975 0.03205128205128205
2 0.7032432432432433 0.01971153846153846 0.025945945945945945 0.03942307692307692
2 0.03486486486486486 0.45240384615384616 0.06972972972972973 0.1778846153846154