2 0.8721399176954732 0.6188698580002928 0.11728395061728407 0.1939686722295418
2 0.7275925925925925 0.6133801785975699 0.08127572016460918 0.17566974088713225
2 0.7080452674897119 0.4349655980090763 0.05452674897119348 0.14456155760503586
2 0.6823251028806583 0.35628019323671495 0.04218106995884783 0.1226028399941444
2 0.5712139917695472 0.3443858878641488 0.06275720164609058 0.12809251939686717
2 0.59179012345679 0.24648660518225737 0.05041152263374493 0.08234519104084315
2 0.6833539094650205 0.24557165861513694 0.03806584362139928 0.08417508417508421
2 0.6221399176954732 0.1586517347386913 0.04732510288065846 0.0969843361147709
2 0.6859259259259258 0.18518518518518523 0.039094650205761354 0.054896794027228794
2 0.7512551440329217 0.20073927682623338 0.038065843621399024 0.06404625969843364
2 0.8006378600823044 0.15590689503732988 0.03189300411522633 0.06587615283267453
2 0.6982716049382715 0.13669301712779977 0.028806584362139852 0.053066900892987844
2 0.6591769547325101 0.08088127653345048 0.0246913580246913 0.04757722149026494
2 0.7059876543209875 0.09094568877177577 0.02160493827160508 0.03110818328209634
2 0.7075308641975308 0.05983750548967945 0.014403292181070053 0.031108183282096313
2 0.6735802469135802 0.04611330698287224 0.020576131687242753 0.03293807641633728
2 0.7466255144032922 0.0433684672815108 0.026748971193415703 0.042087542087542076
2 0.04777777777777778 0.48863636363636365 0.09555555555555556 0.18280632411067194