2 0.17351466049382722 0.5891632373113854 0.10995370370370368 0.18175582990397807
2 0.30902777777777785 0.5840192043895748 0.07619598765432099 0.16460905349794244
2 0.3273533950617285 0.41683813443072704 0.05111882716049383 0.13545953360768176
2 0.35146604938271614 0.34310699588477367 0.03954475308641978 0.11488340192043896
2 0.4556327160493828 0.33196159122085056 0.05883487654320986 0.12002743484224965
2 0.4363425925925926 0.24022633744855967 0.04726080246913581 0.07716049382716048
2 0.3505015432098766 0.23936899862825795 0.03568672839506177 0.07887517146776404
2 0.40788966049382724 0.15792181069958852 0.0443672839506173 0.09087791495198903
2 0.34809027777777785 0.18278463648834023 0.03665123456790127 0.051440329218106984
2 0.2868441358024692 0.19735939643347053 0.035686728395061706 0.06001371742112485
2 0.2405478395061729 0.15534979423868317 0.029899691358024682 0.061728395061728385
2 0.33651620370370383 0.1373456790123457 0.02700617283950617 0.04972565157750342
2 0.37316743827160503 0.08504801097393694 0.023148148148148095 0.044581618655692705
2 0.3292824074074075 0.09447873799725656 0.020254629629629643 0.029149519890260645
2 0.3278356481481482 0.06532921810699592 0.013503086419753115 0.029149519890260617
2 0.3596643518518519 0.052469135802469175 0.01929012345679014 0.030864197530864192
2 0.29118441358024694 0.04989711934156382 0.025077160493827164 0.03943758573388202
2 0.9504243827160493 0.4674211248285322 0.0974151234567902 0.17146776406035663