2 0.2657270467281844 0.6673414304993253 0.10639194370707462 0.2605338131653921
2 0.47166392786415545 0.4480431848852902 0.06741667720052245 0.17056530214424948
2 0.32471663927864164 0.43585994901784375 0.06214974929423158 0.15369620632778527
2 0.45322968019213755 0.30465587044534415 0.06425652045674804 0.10496326285799969
2 0.3310369527661906 0.2812265707002549 0.049509122319133646 0.10308891887839244
2 0.42268149833565083 0.19406957564852303 0.06004297813171539 0.11995801469485676
2 0.3284034888130452 0.20250412355675518 0.042135423250326584 0.06560203928624983
2 0.2093709181308727 0.12846753636227326 0.03581510976277755 0.0674763832658569
2 0.32208317532549624 0.14252511620932676 0.033708338600261165 0.06185335132703551
2 0.37475245438840443 0.10035237666816617 0.027388025112712325 0.044984255510571315
2 0.36000505625079016 0.06942570100464841 0.025281253950195873 0.05060728744939271
2 0.3131293978848018 0.09566651671914832 0.03265495301900306 0.04310991153096415
3 0.2657270467281844 0.12378167641325542 0.04740235115661739 0.10683760683760682
2 0.307862469978511 0.04505922926975561 0.024227868368937776 0.039361223571749884
3 0.29977246871444824 0.00860323886639676 0.02957906712172924 0.01720647773279352
2 0.2657270467281844 0.018818413555255698 0.02422786836893771 0.035612535612535606
2 0.33447098976109213 0.005060728744939271 0.022753128555176336 0.010121457489878543