2 0.29070216049382724 0.6466049382716049 0.09741512345679017 0.23834019204389573
2 0.4792631172839507 0.44598765432098775 0.06172839506172837 0.15603566529492457
2 0.34471450617283955 0.4348422496570645 0.05690586419753085 0.14060356652949246
2 0.4623842592592593 0.3148148148148148 0.05883487654320986 0.09602194787379972
2 0.3505015432098766 0.29338134430727025 0.045331790123456804 0.0943072702331961
2 0.4344135802469136 0.2136488340192044 0.054976851851851846 0.10973936899862823
2 0.34809027777777785 0.22136488340192045 0.03858024691358028 0.06001371742112485
2 0.23910108024691365 0.1536351165980796 0.032793209876543196 0.061728395061728385
2 0.3423032407407408 0.16649519890260633 0.030864197530864185 0.056584362139917674
2 0.39052854938271614 0.12791495198902608 0.025077160493827164 0.04115226337448561
2 0.3770254629629631 0.09962277091906725 0.023148148148148154 0.046296296296296294
2 0.33410493827160503 0.12362825788751716 0.029899691358024682 0.03943758573388202
3 0.29070216049382724 0.1493484224965707 0.0434027777777778 0.0977366255144033
2 0.3292824074074075 0.07733196159122088 0.02218364197530865 0.03600823045267489
3 0.3220486111111112 0.02846364883401925 0.02700617283950617 0.04801097393689986
2 0.29070216049382724 0.05332647462277095 0.02218364197530859 0.03257887517146776
2 0.3538773148148149 0.023319615912208543 0.021219135802469147 0.04458161865569272