2 0.31045618789521234 0.6945046999276935 0.11404697380307145 0.2791837390535872
2 0.5312104787714544 0.45950831525668845 0.07226738934056004 0.18277496585522612
2 0.3736901535682024 0.44645296055274364 0.06662149954832873 0.16469832088053346
2 0.511449864498645 0.30585683297180044 0.06887985546522137 0.11247690206475455
2 0.3804652213188799 0.2807503816180606 0.053071364046973754 0.11046838595645524
2 0.47870370370370374 0.18735438258214834 0.06436314363143637 0.12854503093114802
2 0.3776422764227643 0.1963927050694947 0.04516711833785008 0.07029806379047163
2 0.2500451671183379 0.11705631879167677 0.03839205058717252 0.07230657989877075
2 0.37086720867208683 0.13212018960392063 0.03613369467027995 0.06628103157387319
2 0.4273261065943994 0.08692857716718892 0.0293586269196026 0.04820438659918054
2 0.41151761517615193 0.05378806138025232 0.027100271002709966 0.05422993492407809
2 0.36126919602529367 0.08190728689644093 0.03500451671183377 0.04619587049088132
3 0.31045618789521234 0.11203502852092881 0.05081300813008139 0.11448541817305373
2 0.35562330623306243 0.02767735197236285 0.025971093044263788 0.042178838274282954
2 0.3100609756097561 0.009219088937093275 0.02621951219512195 0.01843817787418655