3 0.08062575210589651 0.667558886509636 0.16125150421179302 0.4229122055674518
2 0.17358604091456076 0.9443254817987152 0.1726835138387485 0.11134903640256959
2 0.45993225475776633 0.6959711317313031 0.08691001470784858 0.24783884526925218
2 0.8721977091411508 0.7098501070663812 0.20056157240272746 0.3707669125228012
2 0.45380398448990517 0.45903719565389806 0.06351116459419714 0.16258228249662926
2 0.4209341712350137 0.31429931001665484 0.07131078129874759 0.15861686097232136
2 0.29112626465213715 0.4322706003648188 0.061282702678611155 0.12887619954001117
2 0.29892588135668774 0.3162820207788088 0.047911931185096006 0.08327385201046876
2 0.2081160582965638 0.3311523514949639 0.05348308597406072 0.1050836703941629
2 0.2916833801310337 0.2330081687683401 0.037883852564959714 0.09120469505908475
2 0.3607656995141954 0.19831073043064484 0.04456923831171729 0.06146403362677451
2 0.3429380041895084 0.14676025061464038 0.02674154298703029 0.049567769053850436
2 0.2827695324686902 0.17154413514156558 0.0401123144805455 0.07137758743754463
2 0.22315817622676837 0.18839717661987473 0.034541159691580864 0.07336029819969858
2 0.17134643668939703 0.17848362280910465 0.037883852564959644 0.0773257197240066
2 0.22761510005794008 0.09917519232294396 0.030084235860409144 0.04163692600523435
2 0.2760841467219326 0.09620112617971295 0.02674154298703036 0.05155047981600441
2 0.3200962695547534 0.07835672932032679 0.030084235860409144 0.059481322864620496
3 0.2660560681017963 0.039693869458323476 0.03565539064937379 0.0574986121024665