3 0.08074162679425838 0.598404255319149 0.16148325358851676 0.42021276595744683
2 0.17374401913875598 0.9090425531914894 0.17165071770334928 0.1819148936170213
2 0.4583776360092151 0.626635145784082 0.08639021796916528 0.24625689519306546
2 0.86817738791423 0.6404255319148936 0.19936204146730443 0.3684003152088259
2 0.45228601807549185 0.39121355397951146 0.06313131313131319 0.16154452324665078
2 0.4196127946127947 0.24739952718676128 0.07088428141059717 0.15760441292356187
2 0.29058125110756694 0.3646178092986604 0.060916179337231896 0.12805358550039408
2 0.29833421938685106 0.24936958234830572 0.04762537657274495 0.08274231678487003
2 0.20806751727804368 0.26414499605988967 0.05316321105794791 0.10441292356185973
2 0.2911350345560873 0.1666272655634358 0.03765727449937981 0.09062253743104805
2 0.3598041821726033 0.1321513002364067 0.04430267588162329 0.061071710007880205
2 0.342083111819954 0.08092986603624905 0.02658160552897389 0.04925137903861309
2 0.28227449937976257 0.1055555555555556 0.0398724082934609 0.07092198581560286
2 0.22301967038809153 0.12230102442868403 0.03433457380825801 0.07289204097714731
2 0.17151780967570449 0.11245074862096144 0.03765727449937974 0.07683215130023635
2 0.22744993797625385 0.03364854215918049 0.029904306220095694 0.041371158392434985
2 0.2756290979975191 0.030693459416863713 0.026581605528973956 0.05122143420015758
2 0.319377990430622 0.02074468085106383 0.029904306220095694 0.04148936170212766