3 0.15133101851851857 0.5797325102880658 0.162037037037037 0.3652263374485597
2 0.24344135802469144 0.8798010973936901 0.14949845679012347 0.217764060356653
2 0.4908371913580248 0.6037379972565158 0.07523148148148148 0.21433470507544586
2 0.847704475308642 0.6157407407407407 0.17361111111111108 0.32064471879286693
2 0.4855324074074075 0.3988340192043896 0.054976851851851846 0.1406035665294924
2 0.45707947530864207 0.27366255144032925 0.06172839506172837 0.13717421124828533
2 0.34471450617283955 0.37568587105624146 0.05304783950617284 0.11145404663923184
2 0.35146604938271614 0.27537722908093276 0.04147376543209879 0.07201646090534979
2 0.2728587962962964 0.28823731138545955 0.04629629629629631 0.09087791495198903
2 0.34519675925925936 0.20336076817558302 0.03279320987654325 0.07887517146776404
2 0.4049961419753087 0.17335390946502063 0.03858024691358028 0.05315500685871057
2 0.3895640432098766 0.12877229080932787 0.023148148148148154 0.04286694101508917
2 0.33748070987654327 0.15020576131687247 0.0347222222222222 0.06172839506172841
2 0.2858796296296297 0.16478052126200277 0.029899691358024682 0.06344307270233192
2 0.24103009259259264 0.15620713305898495 0.032793209876543196 0.06687242798353907
2 0.2897376543209877 0.08762002743484228 0.026041666666666668 0.03600823045267489
2 0.33169367283950624 0.08504801097393694 0.023148148148148154 0.044581618655692705
2 0.36979166666666674 0.06961591220850483 0.026041666666666668 0.051440329218106984
3 0.32301311728395077 0.0361796982167353 0.030864197530864185 0.04972565157750344