3 0.8782230317749443 0.6742538655160015 0.14369560817648255 0.26968716289104644
2 0.7132766646427847 0.6805465659834592 0.11536126290224662 0.2642934196332254
2 0.4911556365108276 0.7030204962243797 0.09411050394656949 0.276878820568141
2 0.07727180732645213 0.6104279036317871 0.13458814005262107 0.23552678892484719
2 0.48255413883829174 0.47468536497662706 0.07690750860149774 0.15821646889608063
2 0.5139243068204816 0.3218626393383675 0.07285974499089261 0.16900395541172236
2 0.6566079740943128 0.42434376123696516 0.07083586318558993 0.1294498381877022
2 0.714288605545436 0.25354189140596906 0.04452539971665644 0.08629989212513486
2 0.6404169196518923 0.27421790722761596 0.042501517911354 0.10248112189859762
2 0.5655332928556972 0.19780654440848622 0.036429872495446186 0.06832074793239842
2 0.5847601700060715 0.14656598345918737 0.032382108884841054 0.06292700467457746
2 0.6475005059704513 0.16724199928083427 0.03440599069014374 0.07551240560949293
2 0.7026512851649463 0.14836389787846102 0.02934628617688714 0.06292700467457746
2 0.7552722121028131 0.13757641136281917 0.033394049787492275 0.06292700467457746
2 0.7016393442622949 0.06835670622078394 0.025298522566282008 0.039554117224020156
2 0.6545840922890103 0.11150665228335134 0.03035822707953861 0.05034160373966199
2 0.6019631653511434 0.08813376483279399 0.03035822707953861 0.05753326141675657
3 0.6650273224043716 0.03398058252427184 0.036065573770491806 0.06796116504854369