3 0.10913074621834584 0.6462363172889489 0.1495807525386592 0.28115159694107067
2 0.2808325959634266 0.6527965212175738 0.12008595626343078 0.27552856500224915
2 0.5120507310495935 0.676225820962663 0.0979648590570092 0.2886489728594992
2 0.9362912400455062 0.5794534412955465 0.12741751990898748 0.24595141700404857
2 0.5210045084902879 0.43818413555255653 0.08005730417562051 0.16494227020542818
2 0.48834955547128484 0.27886489728594993 0.07584376185058787 0.17618833408307086
2 0.33982218851388374 0.38570250412355683 0.07373699068807142 0.1349527665317138
2 0.27977921038216835 0.2076398260608787 0.04634896557535923 0.08996851102114257
2 0.3566763578140143 0.2291947818263608 0.044242194412842904 0.10683760683760682
2 0.4346268908271184 0.14953516269305747 0.037921880925293805 0.07122507122507124
2 0.4146125647832134 0.09611635927425403 0.033708338600261165 0.06560203928624977
2 0.3493026587452071 0.11767131503973613 0.03581510976277762 0.07872244714349971
2 0.29189314456663723 0.09799070325386117 0.030548181856486743 0.06560203928624977
2 0.23711709434121273 0.08674463937621837 0.03476172418151939 0.0656020392862498
2 0.29266211604095566 0.01720647773279352 0.026734926052332197 0.03441295546558704
2 0.3419289596764001 0.059566651671914855 0.03160156743774497 0.05248163142899984
2 0.39670500990182456 0.035200179937022076 0.03160156743774497 0.059979007347428406