3 0.12336033950617291 0.6680384087791496 0.13695987654320982 0.2572016460905349
2 0.2805748456790125 0.674039780521262 0.10995370370370375 0.2520576131687242
2 0.4922839506172841 0.6954732510288065 0.08969907407407411 0.2640603566529493
2 0.886766975308642 0.6071673525377229 0.12827932098765432 0.22462277091906724
2 0.5004822530864198 0.47770919067215356 0.07330246913580254 0.15089163237311382
2 0.47058256172839513 0.3319615912208505 0.06944444444444446 0.1611796982167352
2 0.3345871913580248 0.4296982167352538 0.06751543209876545 0.12345679012345677
2 0.2796103395061729 0.266803840877915 0.042438271604938294 0.08230452674897117
2 0.35001929012345684 0.286522633744856 0.040509259259259287 0.09773662551440328
2 0.42139274691358025 0.21364883401920443 0.0347222222222222 0.06515775034293554
2 0.40306712962962976 0.16478052126200277 0.030864197530864185 0.060013717421124796
2 0.34326774691358025 0.1844993141289438 0.032793209876543196 0.07201646090534976
2 0.29070216049382724 0.16649519890260633 0.027970679012345675 0.060013717421124796
2 0.2405478395061729 0.15620713305898495 0.03182870370370369 0.060013717421124824
2 0.2916666666666668 0.09019204389574764 0.0241126543209876 0.03772290809327848
2 0.33651620370370383 0.13134430727023322 0.02893518518518518 0.04801097393689986
2 0.38667052469135815 0.10905349794238686 0.02893518518518518 0.054869684499314134
3 0.32687114197530875 0.05418381344307274 0.0347222222222222 0.07201646090534979