2 0.8894534778681119 0.682895476821724 0.1400180668473351 0.25709006186229605
2 0.6957994579945798 0.6326825741142443 0.09823848238482397 0.25709006186229605
2 0.4609304426377597 0.6678316060094802 0.10049683830171632 0.24303044910420188
2 0.5032746160794941 0.36655418976460197 0.07904245709123754 0.21491122358801318
2 0.5552168021680216 0.23700490077930433 0.04968383017163507 0.08034064433196754
2 0.5766711833785004 0.1827749658552262 0.04065040650406495 0.08034064433196754
2 0.6585365853658535 0.18177070780107663 0.03952122854561877 0.07431509600707
2 0.5941734417344173 0.1144854181730538 0.03952122854561877 0.06828954768217238
2 0.6613595302619693 0.10243432152325867 0.03613369467027995 0.056238451032377276
2 0.7223351400180668 0.06828954768217245 0.027100271002709966 0.052221418815778874
2 0.7793586269196024 0.13657909536434487 0.041779584462511406 0.07230657989877075
2 0.6224028906955735 0.06226399935727489 0.028229448961156145 0.05222141881577891
3 0.677439024390244 0.039045553145336226 0.045121951219512194 0.07809110629067245
2 0.6411585365853658 0.020065075921908895 0.022560975609756097 0.04013015184381779
2 0.7192073170731708 0.020607375271149676 0.025 0.04121475054229935
2 0.7471770551038843 0.28721780348678405 0.05420054200542021 0.08435767654856598
2 0.6602303523035229 0.3293966417610669 0.05420054200542021 0.12452799871454966