2 0.14650848765432106 0.6200274348422496 0.11959876543209876 0.21947873799725653
2 0.3119212962962964 0.5771604938271604 0.08391203703703702 0.21947873799725653
2 0.5125385802469136 0.6071673525377229 0.08584104938271597 0.20747599451303161
2 0.47636959876543217 0.34996570644718794 0.0675154320987654 0.18347050754458163
2 0.4320023148148149 0.23936899862825795 0.042438271604938294 0.06858710562414266
2 0.4136766975308642 0.19307270233196164 0.0347222222222222 0.06858710562414266
2 0.3437500000000001 0.19221536351165985 0.033757716049382755 0.06344307270233197
2 0.3987268518518519 0.13477366255144038 0.033757716049382755 0.05829903978052126
2 0.34133873456790126 0.12448559670781897 0.030864197530864185 0.04801097393689986
2 0.28925540123456794 0.09533607681755833 0.023148148148148154 0.044581618655692705
2 0.2405478395061729 0.1536351165980796 0.035686728395061706 0.061728395061728385
2 0.3746141975308642 0.09019204389574764 0.0241126543209876 0.04458161865569273
3 0.3278356481481482 0.06532921810699592 0.03858024691358022 0.07716049382716049
2 0.3586998456790125 0.05246913580246917 0.01929012345679014 0.037722908093278454
2 0.2921489197530865 0.05418381344307275 0.021219135802469088 0.03772290809327847
2 0.26803626543209885 0.28223593964334714 0.04629629629629634 0.07201646090534979
2 0.3423032407407408 0.31824417009602196 0.04629629629629631 0.10631001371742115