2 0.12704101951413785 0.6172367396076764 0.12345679012345676 0.2266128461157141
2 0.29778972520908015 0.572976418100701 0.08661887694145758 0.2266128461157141
2 0.504878534448427 0.6039586431555839 0.08861011549183591 0.21421995609376113
2 0.4675428116288332 0.33839671411373135 0.0696933492632417 0.18943417604985482
2 0.4217443249701315 0.2242050846257348 0.0438072481083234 0.07081651441116074
2 0.4028275587415373 0.1764039373982013 0.03584229390680996 0.07081651441116069
2 0.3306451612903227 0.1755187309680618 0.03484667463162085 0.06550527583032364
2 0.3873954599761052 0.11620990014871473 0.03484667463162085 0.060194037249486555
2 0.3281561131023497 0.10558742298704062 0.03185981680605329 0.04957156008781247
2 0.27439267224213465 0.07549040436229733 0.02389486260453997 0.04603073436725442
2 0.2241138988450817 0.13568444161178392 0.03683791318199918 0.06373486297004458
2 0.362504978096376 0.07017916578146027 0.024890481879729073 0.046030734367254446
3 0.31421744324970136 0.04450817930741453 0.039824771007566616 0.07966857871255575
2 0.3460772600557548 0.031230082855321892 0.019912385503783308 0.03894908292613837
2 0.2773795300677022 0.033000495715600923 0.02190362405416164 0.038949082926138384
2 0.252489048187973 0.26846540613271025 0.047789725209080064 0.07435734013171877
2 0.3291517323775389 0.3056440761985695 0.047789725209080064 0.10976559733729903