2 0.20732943469785584 0.8470661672908864 0.16959064327485376 0.30517408794562345
2 0.49046783625731005 0.4890067970592315 0.0867446393762183 0.23061450964072688
2 0.45684210526315794 0.33641975308641975 0.050682261208577 0.09536690248300735
2 0.3398830409356726 0.3424885559717021 0.05263157894736842 0.12137605770564566
2 0.2755555555555556 0.26272714662227775 0.048732943469785586 0.08669718407546124
2 0.23315789473684218 0.15695658205021504 0.030214424951267048 0.07976140934942431
2 0.27945419103313845 0.1543556665279512 0.02729044834307986 0.05722014148980439
2 0.3413450292397661 0.1890345401581357 0.03216374269005859 0.06762380357885982
2 0.4319883040935673 0.2566583437369955 0.04385964912280698 0.08149535303093358
2 0.4149317738791423 0.20550700513247333 0.031189083820662697 0.05548619780829517
2 0.40469785575048745 0.15002080732417813 0.03411306042884989 0.062421972534332106
2 0.3774074074074075 0.10753918712720215 0.02631578947368421 0.05375225412678597
3 0.328187134502924 0.09366763767512834 0.04093567251461991 0.09883478984602578
2 0.28481481481481485 0.06852545429324458 0.020467836257309836 0.048550423082258286