2 0.21402391975308652 0.8395061728395061 0.16782407407407404 0.30178326474622763
2 0.4942129629629631 0.48542524005486964 0.0858410493827161 0.2280521262002743
2 0.46093750000000006 0.33453360768175583 0.05015432098765433 0.09430727023319616
2 0.34519675925925936 0.34053497942386834 0.052083333333333336 0.12002743484224965
2 0.2815393518518519 0.2616598079561043 0.048225308641975315 0.08573388203017834
2 0.2395833333333334 0.1570644718792867 0.029899691358024682 0.07887517146776404
2 0.2853973765432099 0.15449245541838139 0.02700617283950617 0.0565843621399177
2 0.34664351851851855 0.1887860082304527 0.03182870370370375 0.06687242798353912
2 0.43634259259259267 0.2556584362139918 0.04340277777777774 0.08058984910836765
2 0.41946373456790126 0.20507544581618659 0.030864197530864185 0.05486968449931411
2 0.4093364197530865 0.15020576131687247 0.0337577160493827 0.06172839506172841
2 0.38233024691358036 0.10819615912208508 0.026041666666666668 0.05315500685871057
3 0.33362268518518523 0.09447873799725655 0.040509259259259224 0.09773662551440328
2 0.29070216049382724 0.06961591220850483 0.020254629629629584 0.04801097393689986