2 0.19385026737967914 0.8507604562737643 0.17272727272727273 0.2984790874524715
2 0.48175876411170543 0.49359245176735667 0.08813626460685282 0.23412195465427404
2 0.44759358288770057 0.3386846922968596 0.051495345612992675 0.09681734966906069
2 0.32875816993464063 0.344845796366709 0.053475935828877004 0.12322208139698627
2 0.2633986928104576 0.2638712857344036 0.04951475539710835 0.08801577242641884
2 0.22032085561497333 0.15649204337417266 0.03069914834620716 0.08097451063230529
2 0.2673598732422262 0.15385157020138013 0.027728263022380607 0.05809040980143639
2 0.3302436125965538 0.18905787917194763 0.03267973856209161 0.06865230249260673
2 0.4223410576351754 0.25771018166455434 0.04456327985739746 0.08273482608083371
2 0.4050108932461874 0.20578087593296723 0.031689443454149265 0.05633009435290802
2 0.3946127946127947 0.14945078158005917 0.03466032877797582 0.06337135614702157
2 0.366884531590414 0.10632305309111396 0.026737967914438502 0.054569778904379675
3 0.3168746286393346 0.09224052950288694 0.04159239453357103 0.10033798056611744
2 0.27280649633590814 0.06671595549922549 0.020796197266785395 0.04928883255879453