2 0.20196759259259267 0.5060013717421126 0.0935570987654321 0.17661179698216736
2 0.21932870370370378 0.9012345679012345 0.14371141975308646 0.17832647462277082
2 0.4850501543209877 0.5445816186556928 0.06365740740740738 0.16460905349794244
2 0.46383101851851855 0.3388203017832648 0.04629629629629625 0.10288065843621402
2 0.34519675925925936 0.35768175582990397 0.052083333333333336 0.10631001371742109
2 0.4339313271604939 0.23851165980795613 0.042438271604938294 0.08744855967078191
2 0.4184992283950618 0.1690672153635117 0.040509259259259224 0.06172839506172841
3 0.34616126543209885 0.18707133058984912 0.05787037037037036 0.142318244170096
2 0.291184413580247 0.1733539094650206 0.03858024691358028 0.07716049382716048
2 0.2405478395061729 0.15449245541838139 0.029899691358024682 0.06344307270233195
2 0.28925540123456794 0.09447873799725656 0.02893518518518518 0.06687242798353907
2 0.3977623456790125 0.12620027434842254 0.020254629629629584 0.027434842249657056
2 0.3760609567901235 0.09619341563786012 0.021219135802469088 0.042866941015089144
2 0.3259066358024692 0.06961591220850484 0.01929012345679014 0.030864197530864206