2 0.7930930930930931 0.5081552706552707 0.09709709709709706 0.18340455840455852
2 0.7751351351351351 0.9129807692307692 0.1491891891891892 0.17403846153846153
2 0.4992992992992992 0.5482193732193732 0.06606606606606603 0.170940170940171
2 0.5213213213213213 0.3345441595441596 0.04804804804804794 0.10683760683760682
2 0.6444444444444444 0.3541310541310541 0.05405405405405406 0.11039886039886036
2 0.5523523523523522 0.2303774928774929 0.04404404404404419 0.09081196581196582
2 0.5683683683683682 0.1582621082621083 0.042042042042042066 0.06410256410256412
3 0.6434434434434434 0.17695868945868948 0.06006006006005992 0.14779202279202278
2 0.7005005005005004 0.16271367521367525 0.04004004004003995 0.08012820512820511
2 0.753053053053053 0.14312678062678066 0.031031031031031022 0.06588319088319085
2 0.7025025025025025 0.08080484330484335 0.030030030030030085 0.06944444444444442
2 0.5898898898898898 0.11374643874643878 0.02102102102102091 0.02849002849002848
2 0.6124124124124123 0.08258547008547013 0.02202202202202185 0.044515669515669494
2 0.6644644644644644 0.05498575498575503 0.020020020020019975 0.03205128205128206