2 0.2035672514619884 0.5032598141212374 0.09454191033138398 0.17859619919545025
2 0.22111111111111117 0.9029338327091135 0.14522417153996103 0.18033014287695937
2 0.4896296296296297 0.5422735469551949 0.06432748538011693 0.16645859342488561
2 0.46818713450292404 0.334200305174088 0.046783625730994045 0.10403662089055345
2 0.34830409356725156 0.3532736856706894 0.05263157894736842 0.1075045082535719
2 0.43797270955165696 0.23276459980579833 0.04288499025341133 0.08843112775697047
2 0.42237816764132563 0.16253988070467476 0.04093567251461991 0.062421972534332106
3 0.34927875243664724 0.1807462893605216 0.05847953216374268 0.14391732556526562
2 0.2937231968810917 0.1668747399084478 0.03898635477582849 0.07802746566791509
2 0.24255360623781683 0.14780135941184636 0.030214424951267048 0.06415591621584127
2 0.29177387914230024 0.08711333055902348 0.0292397660818714 0.06762380357885973
2 0.40142300194931785 0.11919128866694413 0.020467836257309836 0.027743098904147584
2 0.3794931773879143 0.08884727424053271 0.021442495126705603 0.043348592037730595
2 0.3288109161793373 0.06197114717713973 0.019493177387914187 0.031210986267166053