2 0.16808966861598448 0.6021639617145235 0.12962962962962962 0.2739631016784575
3 0.30941520467836264 0.4920585379386878 0.11013645224171545 0.34852267998335407
2 0.48972709551656934 0.788562907476765 0.09064327485380114 0.2652933832709113
2 0.4916764132553607 0.5458107920654737 0.06920077972709554 0.16819253710639473
2 0.4746198830409358 0.3784852267998336 0.05653021442495126 0.11097239561659034
2 0.4429434697855752 0.23110001387154946 0.05555555555555561 0.10403662089055345
2 0.413216374269006 0.16954501317797202 0.02729044834307986 0.06415591621584132
2 0.3396296296296298 0.24670550700513252 0.0438596491228071 0.09710084616451657
2 0.27676413255360627 0.23716881675683174 0.04678362573099416 0.12311000138715499
2 0.29235867446393776 0.13573311138854213 0.031189083820662697 0.05548619780829517
2 0.3323196881091619 0.12966430850325986 0.0292397660818714 0.05375225412678595
2 0.3932358674463938 0.1348661395477875 0.02826510721247563 0.050284366763767505
2 0.37374269005847965 0.08718268830628384 0.024366471734892793 0.05201831044527672
2 0.32647173489278764 0.0767790262172285 0.02534113060428856 0.05201831044527675
2 0.2899220272904484 0.08718268830628385 0.018518518518518535 0.034678873630184494
2 0.23534113060428857 0.1478707171591067 0.032163742690058464 0.05548619780829517