2 0.17206790123456797 0.602880658436214 0.12827932098765432 0.2709190672153635
3 0.3119212962962964 0.4939986282578876 0.10898919753086425 0.3446502057613169
2 0.4903549382716051 0.7872085048010973 0.08969907407407411 0.2623456790123456
2 0.492283950617284 0.547153635116598 0.06847993827160496 0.16632373113854598
2 0.47540509259259267 0.381687242798354 0.05594135802469135 0.10973936899862827
2 0.44405864197530875 0.23593964334705078 0.054976851851851846 0.10288065843621397
2 0.41464120370370383 0.17506858710562417 0.02700617283950617 0.06344307270233197
2 0.3418209876543211 0.25137174211248287 0.0434027777777778 0.09602194787379972
2 0.2796103395061729 0.24194101508916324 0.04629629629629631 0.12174211248285322
2 0.2950424382716051 0.14163237311385463 0.030864197530864185 0.05486968449931411
2 0.3345871913580248 0.13563100137174214 0.02893518518518518 0.053155006858710545
2 0.3948688271604939 0.14077503429355284 0.027970679012345675 0.04972565157750342
2 0.37557870370370383 0.09362139917695476 0.024112654320987657 0.051440329218106984
2 0.3288001543209878 0.08333333333333337 0.025077160493827164 0.05144032921810701
2 0.29263117283950624 0.09362139917695478 0.018325617283950577 0.03429355281207133
2 0.2386188271604939 0.1536351165980796 0.03182870370370369 0.054869684499314134