2 0.8375689519306541 0.6125813904641881 0.13100866824271093 0.27655254498354687
3 0.694739952718676 0.5014352727018134 0.11130811662726549 0.3518168452005881
2 0.5125098502758075 0.8007421410067912 0.09160756501182031 0.2678008821676118
2 0.5105397951142632 0.5556955821606104 0.06993695823483059 0.16978225862913948
2 0.5277777777777777 0.3867884898130645 0.057131599684791166 0.11202128404396831
2 0.5597911741528762 0.23801022194216903 0.056146572104018966 0.10501995379122031
2 0.5898345153664302 0.17587341594903033 0.02758077226162326 0.06476230483791921
2 0.6642040977147359 0.2537632150108521 0.04432624113475185 0.09801862353847231
2 0.7277383766745469 0.24413638591332354 0.047281323877068696 0.12427361198627743
2 0.7119779353821906 0.14174193096688373 0.0315208825847123 0.05601064202198416
2 0.6715918045705279 0.13561576699572922 0.029550827423167902 0.05426030945879715
2 0.6100275807722616 0.14086676468529025 0.028565799842395462 0.05075964433242315
2 0.6297281323877068 0.09273261919764758 0.024625689519306666 0.052509976895610155
2 0.6775019700551614 0.08223062381852556 0.025610717100078863 0.05250997689561018
2 0.7144405043341213 0.0927326191976476 0.018715524034672987 0.03500665126374011
2 0.7696020488573679 0.1539942589091928 0.03250591016548474 0.05601064202198416