2 0.9195574162679426 0.9122340425531915 0.16088516746411483 0.17553191489361702
2 0.5806530214424951 0.8395587076438139 0.10854155590997686 0.301418439716312
2 0.1780524543682437 0.7627265563435776 0.15616693248272207 0.26595744680851063
2 0.5723462697146907 0.5824665090622537 0.07642211589580014 0.18912529550827428
2 0.5889597731702995 0.4268321513002365 0.05870104554315088 0.1418439716312056
2 0.5989278752436645 0.29483845547675336 0.0675615807194755 0.13002364066193847
2 0.6266170476696791 0.21406619385342796 0.045410242778663935 0.0748620961386919
2 0.6559675704412545 0.1638297872340426 0.03987240829346084 0.07289204097714738
2 0.7484494063441431 0.3017336485421592 0.04319510898458264 0.08865248226950347
2 0.8580985291511607 0.4031914893617021 0.07863724968988116 0.14578408195429463
2 0.8143496367180578 0.22194641449960603 0.042087542087542125 0.0748620961386919
2 0.7440191387559809 0.14905437352245865 0.03433457380825801 0.08668242710795906
2 0.6914097111465533 0.0869976359338062 0.03765727449937981 0.057131599684791194
2 0.7534334573808258 0.0732072498029945 0.02879673932305518 0.04925137903861306
2 0.8065966684387736 0.11359338061465724 0.0332270069112175 0.08668242710795901
2 0.8630825801878432 0.11162332545311275 0.04430267588162315 0.06304176516942472