2 0.17833719135802478 0.8823731138545953 0.16589506172839505 0.21604938271604932
2 0.48601466049382724 0.7872085048010973 0.09452160493827157 0.2623456790123456
2 0.8366126543209877 0.7203360768175583 0.13599537037037035 0.23148148148148148
2 0.4932484567901235 0.563443072702332 0.06655092592592596 0.16460905349794233
2 0.4787808641975309 0.42798353909465026 0.05111882716049383 0.12345679012345677
2 0.47010030864197544 0.31310013717421126 0.05883487654320986 0.1131687242798354
2 0.4459876543209877 0.24279835390946508 0.03954475308641972 0.06515775034293554
2 0.4204282407407408 0.1990740740740741 0.0347222222222222 0.06344307270233197
2 0.33989197530864207 0.3191015089163238 0.037615740740740713 0.07716049382716048
2 0.2444058641975309 0.4074074074074074 0.06847993827160494 0.12688614540466384
2 0.2825038580246914 0.24965706447187933 0.03665123456790124 0.06515775034293554
2 0.34375000000000006 0.18621399176954737 0.029899691358024682 0.07544581618655694
2 0.3895640432098766 0.13220164609053503 0.032793209876543196 0.04972565157750345
2 0.3355516975308642 0.12019890260631004 0.025077160493827164 0.042866941015089144
2 0.28925540123456794 0.15534979423868314 0.02893518518518518 0.07544581618655691
2 0.24006558641975315 0.1536351165980796 0.03858024691358022 0.054869684499314134