2 0.8052825552825553 0.9530567685589519 0.19533169533169534 0.09388646288209607
2 0.44256756756756754 0.8831877729257642 0.11117936117936118 0.2336244541484716
2 0.05466830466830467 0.8417030567685589 0.10933660933660934 0.27292576419213976
2 0.43363818363818357 0.6577713084263302 0.07848757848757852 0.19408054342552164
2 0.4507007007007006 0.4980591945657449 0.06028756028756036 0.1455604075691411
2 0.4609382109382108 0.36260714863334953 0.06938756938756944 0.13343037360504603
2 0.4893757393757393 0.2797185832120331 0.0466375466375466 0.07682354843926904
2 0.5195195195195194 0.22816593886462885 0.04095004095004086 0.0748018761119198
2 0.6145008645008644 0.3696830017790717 0.04436254436254433 0.09097525473071316
2 0.7271134771134771 0.4737991266375546 0.08076258076258065 0.14960375222383948
2 0.6821821821821822 0.2878052725214298 0.043225043225043266 0.07682354843926904
2 0.6099508599508598 0.21300339640951 0.035262535262535255 0.08895358240336411
2 0.5559195559195559 0.14932071809801073 0.03867503867503873 0.058628497493126305
2 0.6196196196196195 0.13516901180656643 0.029575029575029648 0.05054180818372959
2 0.6742196742196742 0.17661329451722468 0.03412503412503419 0.08895358240336404
2 0.7322322322322321 0.17459162218987553 0.0455000455000454 0.06469351447517384