2 0.6254736842105264 0.27620786516853935 0.02468947368421045 0.03809925093632964
2 0.14084210526315785 0.5232958801498128 0.09732105263157888 0.09669475655430709
2 0.0928842105263158 0.42577715355805246 0.07542631578947366 0.05824906367041202
2 0.1031736842105263 0.3679962546816479 0.0589263157894737 0.04875468164794012
2 0.04456315789473688 0.4646348314606742 0.07447894736842117 0.06692883895131088
2 0.8784473684210526 0.7775842696629214 0.15113157894736848 0.22692883895131097
0 0.593278947368421 0.3963483146067416 0.014426315789473608 0.0641573033707865
2 0.6160947368421053 0.25065543071161045 0.018021052631578834 0.02459737827715354
2 0.29118421052631577 0.3651685393258427 0.05835263157894731 0.06838014981273406
1 0.3736684210526316 0.29756554307116106 0.036399999999999925 0.05619850187265916
1 0.33527894736842107 0.2799157303370786 0.03226315789473694 0.0470037453183521
2 0.38036315789473685 0.2690449438202247 0.02515263157894735 0.014662921348314577
1 0.37954210526315796 0.24214419475655433 0.02634210526315799 0.03371722846441947