2 0.5802071346375144 0.2889241803278689 0.026990794016110518 0.04169057377049186
2 0.052071346375143844 0.5589139344262295 0.10414269275028769 0.10553278688524591
2 0.019850402761795168 0.45184426229508196 0.039700805523590336 0.06352459016393443
2 0.02100115074798619 0.38883196721311475 0.04200230149597238 0.05430327868852459
2 0.8567606444188722 0.837561475409836 0.16521864211737636 0.24831967213114767
0 0.5450115074798619 0.4203893442622951 0.015771001150748032 0.07020491803278686
2 0.5699539700805524 0.26096311475409834 0.01970080552359034 0.026915983606557357
2 0.2147583429228999 0.3862704918032787 0.06379171461449937 0.07482581967213112
1 0.3049309551208286 0.3122950819672131 0.03979286536248553 0.06149590163934424
1 0.26296317606444186 0.2929815573770492 0.035270425776754995 0.051434426229508244
2 0.31224971231300347 0.28108606557377047 0.027497123130034502 0.016045081967213083
1 0.3113521288837745 0.25164959016393446 0.028797468354430485 0.03689549180327868