2 0.38 0.27499074074074076 0.024432291666666665 0.037675925925925925
2 0.8595833333333334 0.5193333333333333 0.09630729166666667 0.09562037037037037
2 0.9070416666666666 0.4228981481481482 0.074640625 0.057601851851851855
2 0.896859375 0.36575925925925923 0.058312499999999996 0.048212962962962964
2 0.954859375 0.4613240740740741 0.073703125 0.0661851851851852
2 0.12966145833333334 0.7707962962962963 0.14955729166666665 0.22440740740740742
0 0.41185937499999997 0.3937962962962963 0.014276041666666666 0.06344444444444444
2 0.38928124999999997 0.2497222222222222 0.017833333333333333 0.024324074074074074
2 0.7108072916666667 0.362962962962963 0.05774479166666667 0.06762037037037037
1 0.6291822916666666 0.2961111111111111 0.03602083333333333 0.055574074074074074
1 0.667171875 0.2786574074074074 0.031927083333333335 0.046481481481481485
2 0.6225572916666666 0.26790740740740737 0.024890625 0.0145
1 0.6233697916666666 0.24130555555555558 0.02606770833333333 0.03334259259259259