2 0.897921875 0.5286203703703704 0.09601041666666667 0.08663888888888888
2 0.9056041666666667 0.4368518518518519 0.077625 0.06240740740740741
1 0.6260781249999999 0.26430555555555557 0.024645833333333332 0.03127777777777778
2 0.37890625 0.2994444444444444 0.023838541666666668 0.02940740740740741
2 0.9552083333333333 0.4753611111111111 0.07999479166666666 0.06406481481481481
0 0.3151041666666667 0.9382685185185186 0.064234375 0.11728703703703704
2 0.12783854166666667 0.7881574074074075 0.14074479166666667 0.22936111111111113
0 0.818484375 0.5049814814814815 0.03644791666666667 0.08874074074074075
2 0.7772291666666666 0.4158425925925926 0.05706770833333333 0.059175925925925923
2 0.7286354166666666 0.41980555555555554 0.05736458333333334 0.06710185185185186
0 0.6784010416666667 0.33473148148148146 0.013375 0.04491666666666667
2 0.6529895833333333 0.3302407407407408 0.03507291666666667 0.03699074074074074
2 0.6049895833333333 0.2834814814814815 0.028828125 0.04174074074074074