2 0.9076978021978022 0.505771484375 0.10128571428571437 0.09137695312499994
2 0.9158021978021978 0.408984375 0.08189010989010986 0.06582031249999998
1 0.6209175824175824 0.227001953125 0.02600000000000009 0.03298828124999997
2 0.36016483516483516 0.2640625 0.02514835164835164 0.03101562499999999
2 0.9629120879120879 0.44873046875 0.07417582417582418 0.0673828125
0 0.29285714285714287 0.937822265625 0.06776373626373622 0.12370117187500007
2 0.0953021978021978 0.779501953125 0.14847802197802198 0.24190429687500004
0 0.8238956043956044 0.48083984375 0.03845054945054946 0.09359374999999992
2 0.7803736263736264 0.386826171875 0.06020329670329679 0.06241210937499997
2 0.7291098901098901 0.391005859375 0.06051648351648345 0.07077148437500003
0 0.6761153846153846 0.301279296875 0.01410989010989002 0.04737304687499999
2 0.6493076923076924 0.29654296875 0.03700000000000008 0.039013671875000044
2 0.5986703296703296 0.24722656250000002 0.03041208791208786 0.04402343750000004