2 0.10068077803203662 0.5121283095723014 0.10545766590389025 0.09528513238289199
2 0.09224256292906179 0.4112016293279023 0.08526315789473682 0.0686354378818737
1 0.3992734553775744 0.22143584521384926 0.02707093821510307 0.034399185336048854
2 0.670766590389016 0.260081466395112 0.02618421052631578 0.032342158859470456
2 0.040903890160183067 0.4526476578411405 0.08180778032036613 0.07026476578411406
0 0.7411327231121282 0.9485743380855397 0.07036613272311212 0.10285132382892057
2 0.9347826086956522 0.7973523421588594 0.13043478260869565 0.2525458248472505
0 0.18793478260869564 0.4861303462321792 0.04003432494279177 0.09759674134419544
2 0.23324942791762016 0.38809572301425665 0.06268306636155616 0.06508146639511199
2 0.28662471395881006 0.3924541751527495 0.06300915331807773 0.07379837067209778
0 0.3418020594965675 0.2988900203665988 0.014691075514874048 0.04939918533604887
2 0.36971395881006863 0.2939511201629328 0.03852402745995432 0.040682281059063186
2 0.42243707093821514 0.24252545824847252 0.03166475972540041 0.04590631364562122