2 0.5068648018648019 0.19580912863070538 0.05144522144522143 0.08606846473029048
2 0.47884615384615387 0.3779979253112033 0.07453379953379959 0.16140041493775936
2 0.47864801864801865 0.06736514522821577 0.03148018648018647 0.05489626556016599
2 0.42018648018648014 0.07413900414937759 0.03405594405594409 0.05348547717842324
2 0.3645454545454545 0.021317427385892113 0.02766899766899768 0.040570539419087136
2 0.9656177156177156 0.18724066390041494 0.06876456876456877 0.06535269709543569
2 0.9906759906759907 0.23858921161825727 0.018648018648018648 0.07676348547717843
2 0.6976748251748252 0.07430497925311202 0.0408974358974358 0.037105809128630714
2 0.9614743589743591 0.12389004149377594 0.06832750582750582 0.06131742738589213
2 0.6280128205128206 0.6251763485477178 0.14957459207459212 0.31465767634854763
0 0.3408857808857809 0.6969709543568464 0.06386946386946382 0.20465767634854767
2 0.09533216783216782 0.5883298755186722 0.16322843822843824 0.2299170124481329
2 0.7518531468531469 0.03885892116182573 0.041340326340326375 0.04365145228215767
0 0.7830303030303031 0.08874481327800832 0.018216783216783345 0.06110995850622406
2 0.29643939393939395 0.1816597510373444 0.0637587412587413 0.09229253112033198