2 0.5722368421052632 0.22634042553191489 0.05279904306220094 0.08826595744680854
2 0.5434808612440192 0.4131808510638298 0.07649521531100484 0.16552127659574473
2 0.5432775119617225 0.09461702127659574 0.03230861244019138 0.05629787234042555
2 0.4832775119617225 0.10156382978723404 0.03495215311004788 0.05485106382978724
2 0.4261722488038277 0.04739361702127659 0.028397129186602883 0.04160638297872339
2 0.7680681818181818 0.10173404255319149 0.04197368421052622 0.03805319148936171
2 0.696572966507177 0.6666702127659574 0.15351076555023926 0.32269148936170206
0 0.4018899521531101 0.7402978723404255 0.0655502392344497 0.20988297872340422
2 0.14987440191387558 0.6288829787234043 0.1675239234449761 0.2357872340425533
2 0.8236722488038278 0.06538297872340426 0.0424282296650718 0.044765957446808495
0 0.8556698564593301 0.11654255319148937 0.018696172248803957 0.06267021276595741
2 0.3562739234449761 0.21182978723404255 0.06543660287081345 0.09464893617021279