2 0.5384270833333333 0.26644444444444443 0.04597916666666667 0.07682407407407407
2 0.5133854166666667 0.4290648148148148 0.06661458333333334 0.1440648148148148
2 0.5132083333333334 0.1517962962962963 0.02813541666666667 0.049
2 0.4609583333333333 0.1578425925925926 0.0304375 0.04774074074074074
2 0.41122916666666665 0.11069444444444444 0.024729166666666667 0.03621296296296296
2 0.953546875 0.2589259259259259 0.07139583333333334 0.05812962962962963
2 0.9806406249999999 0.3048796296296296 0.035437500000000004 0.06863888888888889
2 0.7089635416666666 0.15799074074074074 0.03655208333333334 0.033120370370370376
2 0.6083958333333332 0.03533333333333333 0.018328124999999997 0.02022222222222222
2 0.944734375 0.20225 0.06106770833333333 0.05473148148148148
2 0.646703125 0.6496944444444444 0.13368229166666667 0.2808611111111111
0 0.39008333333333334 0.7137777777777777 0.05708333333333333 0.1826759259259259
2 0.17061979166666666 0.6168055555555555 0.14588541666666668 0.20522222222222222
2 0.7573854166666667 0.12635185185185185 0.036947916666666664 0.03896296296296296
0 0.78525 0.17087962962962963 0.01628125 0.054546296296296294
2 0.35035937500000003 0.2538148148148148 0.056984375 0.08237962962962962
2 0.4989635416666667 0.05815740740740741 0.015098958333333332 0.02684259259259259