2 0.5319414893617022 0.4716068052930057 0.04835106382978728 0.10058601134215508
2 0.5180053191489362 0.35607750472589794 0.031281914893616994 0.058393194706994306
2 0.34969680851063834 0.28344045368620036 0.02731914893617028 0.025718336483931983
2 0.07372872340425526 0.4644706994328923 0.07583510638297881 0.06262759924385633
2 0.6096648936170214 0.28882797731569 0.02575531914893621 0.03129489603024576
2 0.03430851063829787 0.4943289224952741 0.06861702127659575 0.10586011342155009
2 0.27011170212765956 0.3160018903591682 0.03665957446808515 0.03855387523629486
2 0.5202925531914894 0.2516351606805293 0.017398936170212785 0.030916824196597387
1 0.551154255319149 0.2259735349716446 0.019372340425531955 0.029754253308128562
2 0.6008936170212765 0.25396975425330814 0.02298404255319151 0.02158790170132328
2 0.8731861702127659 0.7774669187145558 0.1409521276595746 0.22084120982986777