2 0.4862362637362638 0.46675781250000004 0.049945054945054995 0.10392578125000007
2 0.5006318681318681 0.347392578125 0.03231318681318678 0.06033203124999997
2 0.6744890109890109 0.27234375 0.02821978021978029 0.026572265625000036
2 0.9595549450549451 0.459384765625 0.07833516483516492 0.06470703124999999
2 0.4059505494505495 0.27791015625 0.026604395604395644 0.03233398437500001
2 0.9824175824175824 0.490234375 0.035164835164835165 0.109375
2 0.7566978021978022 0.305986328125 0.037868131868131906 0.039833984374999964
2 0.4982692307692308 0.23948242187500002 0.01797252747252749 0.031943359375000036
1 0.4663901098901099 0.21296874999999998 0.02001098901098905 0.030742187500000018
2 0.41501098901098904 0.24189453125 0.02374175824175826 0.02230468750000003
2 0.13374175824175827 0.7827734375 0.1455989010989011 0.2281738281250001