2 0.472890625 0.4786666666666667 0.047343750000000004 0.09853703703703703
2 0.4865364583333333 0.3654907407407408 0.030630208333333336 0.05720370370370371
2 0.6513385416666666 0.29433333333333334 0.02675 0.025194444444444446
2 0.9215572916666667 0.47167592592592594 0.07425520833333334 0.06135185185185186
2 0.39678645833333337 0.2996111111111111 0.02521875 0.030657407407407408
2 0.9634895833333333 0.5017407407407407 0.073015625 0.1035648148148148
2 0.729265625 0.32623148148148146 0.035895833333333335 0.03776851851851852
2 0.484296875 0.2631759259259259 0.017036458333333334 0.03028703703703704
1 0.454078125 0.23803703703703702 0.01896875 0.02914814814814815
2 0.40537500000000004 0.26546296296296296 0.022505208333333335 0.02114814814814815
2 0.13875520833333335 0.7782962962962963 0.138015625 0.2163425925925926