2 0.427921875 0.32516666666666666 0.039625 0.07396296296296295
2 0.52521875 0.4076018518518518 0.05138020833333334 0.0984074074074074
2 0.9270156249999999 0.4957685185185185 0.11560416666666667 0.11581481481481481
2 0.475765625 0.1943888888888889 0.023453125000000002 0.03661111111111111
1 0.8953489583333333 0.3862777777777778 0.10575520833333334 0.11466666666666667
2 0.9264635416666667 0.34202777777777776 0.06788020833333334 0.04562962962962963
2 0.6029791666666667 0.1641388888888889 0.020083333333333335 0.02560185185185185
2 0.32965104166666664 0.32978703703703705 0.06434375 0.08439814814814815
2 0.6302083333333334 0.9197500000000001 0.14235937499999998 0.16049074074074074
2 0.14604166666666665 0.689675925925926 0.14547916666666666 0.22053703703703703
2 0.39107291666666666 0.19 0.025890625 0.03746296296296296
2 0.4845520833333333 0.14700925925925926 0.017833333333333333 0.02823148148148148
2 0.4008854166666667 0.16350925925925927 0.02003125 0.026490740740740742
2 0.40894791666666663 0.15243518518518517 0.016125 0.02171296296296296
2 0.4091927083333333 0.1374537037037037 0.013682291666666667 0.015203703703703705
2 0.4769791666666666 0.12268518518518519 0.012947916666666667 0.017805555555555557
2 0.728515625 0.21151851851851852 0.036609375000000006 0.033990740740740745