2 0.6227987804878048 0.3006290672451193 0.04639024390243898 0.08663774403470716
2 0.5088902439024391 0.3971908893709327 0.0601524390243903 0.11527114967462036
2 0.053353658536585365 0.49945770065075923 0.10670731707317073 0.13557483731019523
2 0.5667865853658537 0.14744034707158352 0.027457317073170714 0.04288503253796098
1 0.07556707317073175 0.37221258134490237 0.12381097560975621 0.13431670281995664
2 0.039634146341463415 0.3199566160520607 0.07926829268292683 0.05422993492407809
2 0.41785365853658535 0.1120065075921909 0.023512195121951185 0.02998915401301519
2 0.7378475609756099 0.3060412147505423 0.07532926829268291 0.09886117136659434
2 0.38628048780487806 0.9511930585683297 0.16646341463414635 0.09761388286334056
2 0.9338414634146341 0.7266811279826464 0.1323170731707317 0.25813449023861174
2 0.6659390243902438 0.1422993492407809 0.03031097560975612 0.04388286334056397
2 0.5565 0.091941431670282 0.02087804878048781 0.03306941431670283
2 0.6544512195121951 0.11126898047722343 0.023451219512195143 0.031030368763557498
2 0.6450121951219513 0.09829718004338395 0.01887804878048783 0.025433839479392612
2 0.6447256097560975 0.08074837310195226 0.01601829268292682 0.017809110629067263
2 0.5653658536585366 0.06344902386117136 0.015158536585365793 0.020856832971800424
2 0.2708841463414634 0.16750542299349241 0.04285975609756095 0.03981561822125811