2 0.5465219907407407 0.2687037037037037 0.044027777777777735 0.08218106995884773
2 0.4384143518518519 0.360298353909465 0.05708912037037042 0.1093415637860082
2 0.028356481481481483 0.4573045267489712 0.056712962962962965 0.1286008230452675
2 0.4933622685185185 0.12339506172839505 0.02605902777777776 0.040679012345679035
1 0.04311342592592592 0.33641975308641975 0.08622685185185185 0.12757201646090535
2 0.015335648148148149 0.28703703703703703 0.030671296296296297 0.051440329218107
2 0.35201388888888885 0.08978395061728396 0.022314814814814784 0.028446502057613173
2 0.6557118055555556 0.2738374485596708 0.07149305555555553 0.09377572016460903
2 0.3220486111111111 0.9197530864197531 0.1579861111111111 0.16049382716049382
2 0.8597222222222222 0.6737139917695474 0.16164351851851835 0.24504115226337456
2 0.5874652777777777 0.11851851851851851 0.028767361111111132 0.04162551440329216
2 0.483599537037037 0.07075102880658438 0.01981481481481482 0.03136831275720166
2 0.5765625 0.0890843621399177 0.022256944444444465 0.029434156378600838
2 0.5676041666666667 0.0767798353909465 0.01791666666666669 0.024125514403292168
2 0.5673321759259259 0.060133744855967064 0.015202546296296285 0.016893004115226352
2 0.4920138888888889 0.04372427983539095 0.014386574074074017 0.019783950617283955
2 0.21252893518518517 0.14242798353909464 0.040677083333333315 0.03776748971193414