2 0.926774595267746 0.16096452328159644 0.08933997509339976 0.07260532150776054
2 0.354439601494396 0.11074279379157427 0.05372976338729761 0.076940133037694
2 0.9710460772104608 0.21729490022172948 0.05790784557907846 0.09312638580931264
2 0.41344956413449563 0.005543237250554324 0.029887920298879204 0.011086474501108648
2 0.6442901618929017 0.027760532150776045 0.04136363636363626 0.04771618625277161
2 0.3094769613947696 0.35643015521064303 0.09108343711083436 0.17152993348115303
2 0.04140722291407223 0.5803769401330376 0.08281444582814446 0.26940133037694014
2 0.6575342465753424 0.01662971175166297 0.049813200498132 0.03325942350332594
2 0.6998754669987547 0.009423503325942351 0.0323785803237858 0.018847006651884702
0 0.6958468244084682 0.05723946784922394 0.01805728518057285 0.05922394678492241
0 0.6024283935242839 0.018847006651884702 0.015566625155666251 0.037694013303769404