2 0.009868421052631578 0.23138297872340424 0.019736842105263157 0.06914893617021277
2 0.5261782296650718 0.1839255319148936 0.051608851674641125 0.07382978723404253
2 0.5899700956937799 0.06161702127659573 0.028313397129186554 0.033085106382978714
2 0.46917464114832536 0.0662872340425532 0.02864832535885173 0.04536170212765956
2 0.49507775119617226 0.01831914893617021 0.01834330143540674 0.018936170212765953
2 0.24776913875598086 0.10429787234042552 0.03973086124401904 0.045787234042553186
2 0.569366028708134 0.4196808510638298 0.08748803827751181 0.16459574468085109
2 0.8700598086124401 0.6353191489361703 0.16702153110047832 0.2588191489361702
2 0.23453349282296657 0.07941489361702128 0.04791866028708128 0.060882978723404244
2 0.1941387559808612 0.07454255319148935 0.031034688995215234 0.04302127659574468
0 0.19824760765550242 0.1325851063829787 0.017344497607655503 0.05682978723404257
0 0.28747009569377996 0.09159574468085106 0.015059808612440093 0.04627659574468085
0 0.28975478468899524 0.027053191489361708 0.011411483253588473 0.03734042553191489