2 0.9236458333333334 0.2964722222222222 0.07472916666666667 0.06063888888888888
2 0.44491145833333334 0.25452777777777774 0.04494270833333334 0.06425925925925927
2 0.9683697916666667 0.3439351851851852 0.06326041666666667 0.07739814814814815
2 0.389359375 0.14807407407407405 0.02465625 0.0287962962962963
2 0.49455208333333334 0.15213888888888888 0.024947916666666667 0.039481481481481485
2 0.4719947916666667 0.11038888888888888 0.015973958333333333 0.016481481481481482
2 0.687359375 0.1852222222222222 0.03459895833333334 0.039851851851851854
2 0.40730208333333334 0.4597222222222222 0.0761875 0.14325925925925925
2 0.14544791666666665 0.6474074074074074 0.14544791666666665 0.2252685185185185
2 0.6988854166666666 0.16356481481481483 0.04172916666666667 0.05299074074074074
2 0.7340625000000001 0.15932407407407406 0.027026041666666667 0.03744444444444444
0 0.730484375 0.20984259259259258 0.015104166666666667 0.049462962962962966
0 0.6527864583333333 0.17416666666666666 0.013114583333333334 0.04027777777777778
0 0.6507968749999999 0.11799074074074074 0.009937499999999998 0.0325