2 0.5329947916666666 0.29948148148148146 0.04477083333333333 0.07451851851851853
2 0.9672395833333333 0.35241666666666666 0.06552083333333333 0.07235185185185185
2 0.4590885416666667 0.19016666666666665 0.029104166666666667 0.0445462962962963
2 0.9178541666666666 0.30510185185185185 0.05951041666666667 0.05884259259259259
2 0.39008333333333334 0.15677777777777777 0.025567708333333335 0.03744444444444444
2 0.47894270833333336 0.08776851851851852 0.016072916666666666 0.01662037037037037
2 0.3188958333333333 0.5316111111111111 0.096421875 0.16374074074074074
2 0.14604166666666665 0.6596018518518518 0.1545 0.22053703703703703
2 0.495171875 0.16724999999999998 0.026166666666666668 0.04156481481481482
2 0.465828125 0.13875925925925928 0.023494791666666667 0.03791666666666667
1 0.8221927083333332 0.32503703703703707 0.13075520833333334 0.16547222222222224
2 0.7297447916666666 0.17249074074074072 0.034166666666666665 0.03765740740740741
0 0.6145052083333333 0.1308888888888889 0.010848958333333332 0.02625925925925926
2 0.6173906250000001 0.1157037037037037 0.025390625 0.03611111111111111
2 0.5875052083333333 0.11139814814814815 0.017770833333333333 0.020925925925925928