2 0.46471119133574007 0.19211991434689507 0.05172081829121542 0.08616702355460387
2 0.9641997593261131 0.25267665952890794 0.07160048134777376 0.0835117773019272
2 0.3793321299638989 0.06571734475374731 0.03362214199759333 0.05150963597430408
2 0.9093140794223826 0.1986188436830835 0.06874849578820712 0.06804068522483941
2 0.2996149217809868 0.027109207708779438 0.02953670276774965 0.04329764453961456
2 0.21737665463297232 0.46053533190578155 0.1113898916967509 0.18933618843683075
2 0.05324909747292419 0.6081370449678801 0.10649819494584838 0.25481798715203424
2 0.4210168471720818 0.03921841541755888 0.030228640192539114 0.04806209850107066
2 0.38658243080625754 0.013918629550321198 0.02707581227436823 0.027837259100642397
1 0.7988026474127556 0.22167023554603857 0.15105294825511442 0.191338329764454
2 0.6920036101083031 0.045278372591006415 0.03947051744885675 0.043543897216274094
0 0.5586642599277978 0.005888650963597431 0.01263537906137184 0.011777301927194861