2 0.46013227513227517 0.2913747645951036 0.0454814814814815 0.07578154425612055
2 0.02619047619047619 0.3446327683615819 0.05238095238095238 0.07344632768361582
2 0.5352116402116401 0.18020715630885123 0.029566137566137622 0.045301318267419975
2 0.06916402116402118 0.297090395480226 0.060455026455026574 0.0598399246704331
2 0.6053121693121692 0.14625235404896422 0.02597354497354505 0.03807909604519774
2 0.515042328042328 0.07607344632768362 0.016328042328042275 0.0169020715630885
2 0.6776296296296297 0.5274387947269303 0.09795238095238101 0.16651600753295662
2 0.8532275132275132 0.6575988700564972 0.1569523809523809 0.22427495291902078
2 0.49855555555555553 0.1569020715630885 0.026582010582010585 0.042269303201506576
2 0.5283650793650794 0.12792843691148778 0.023867724867724815 0.038559322033898294
1 0.1663439153439154 0.31736346516007535 0.13283068783068794 0.1682768361581921
2 0.2602592592592593 0.16223163841807908 0.03470899470899466 0.038295668549905855
0 0.3773280423280424 0.11992467043314502 0.011021164021163982 0.026704331450094175
2 0.37439682539682534 0.10448210922787192 0.025793650793650792 0.03672316384180791
2 0.40475661375661376 0.10010357815442561 0.018052910052909994 0.021280602636534834