2 0.5540974729241878 0.3371841541755889 0.07046931407942232 0.12370449678800853
2 0.9897713598074609 0.37794432548179874 0.02045728038507822 0.10920770877944326
2 0.42099277978339356 0.29138115631691647 0.05353188929001205 0.10040685224839398
2 0.49104091456077015 0.1990256959314775 0.044524669073405534 0.07598501070663814
1 0.6670096269554753 0.07457173447537474 0.05189530685920578 0.07441113490364026
2 0.9747292418772563 0.2494646680942184 0.05054151624548736 0.06638115631691649
2 0.766985559566787 0.09810492505353319 0.039001203369434516 0.03504282655246251
2 0.32521058965102284 0.9202355460385439 0.06799037304452467 0.15952890792291222
2 0.09075812274368229 0.6578907922912206 0.17050541516245488 0.253254817987152
2 0.3756678700361011 0.07310492505353319 0.029524669073405497 0.04323340471092076
2 0.43453670276774975 0.027869379014989294 0.023922984356197347 0.048554603854389713
2 0.4840613718411552 0.03685224839400427 0.020559566787003655 0.039903640256959326
0 0.4640673886883273 0.032526766595289074 0.008971119133574056 0.03524625267665953
2 0.3866365824308063 0.04165952890792291 0.021817087845968707 0.029807280513918632
0 0.9162876052948254 0.22313704496788012 0.026064981949458582 0.06880085653104924