2 0.5431822916666668 0.3851203703703704 0.061000000000000006 0.10698148148148148
2 0.9557760416666666 0.4203796296296296 0.08844270833333333 0.09443518518518518
2 0.42796354166666667 0.34550925925925924 0.04633854166666666 0.08683333333333333
2 0.48859895833333333 0.26563888888888887 0.03854166666666667 0.06571296296296296
1 0.640921875 0.15800925925925927 0.044921875 0.06435185185185185
2 0.9239635416666666 0.3097314814814815 0.07623437500000001 0.057101851851851855
2 0.9652447916666667 0.35395370370370366 0.06951041666666667 0.06668518518518518
2 0.7274635416666667 0.1783611111111111 0.03376041666666666 0.030305555555555554
2 0.345484375 0.9058611111111111 0.05902604166666667 0.16975
2 0.14210416666666664 0.6624722222222222 0.14759375 0.2190185185185185
2 0.3887291666666667 0.15674074074074074 0.025557291666666666 0.03738888888888889
2 0.4396875 0.11762037037037038 0.020708333333333332 0.041990740740740745
2 0.48255729166666667 0.12538888888888888 0.017796875 0.03450925925925926
0 0.46525 0.12164814814814814 0.007765625 0.030481481481481484
2 0.39822395833333335 0.1295462962962963 0.018885416666666665 0.025777777777777778
0 0.8567031249999999 0.28649074074074077 0.0225625 0.059500000000000004