2 0.531587570621469 0.36813883299798794 0.06616949152542367 0.11623742454728367
2 0.9655367231638418 0.40643863179074446 0.06892655367231638 0.10261569416498995
2 0.40660451977401135 0.3251006036217304 0.050265536723163855 0.09434607645875248
2 0.47237853107344635 0.2383199195171026 0.04180790960451977 0.07139839034205234
1 0.6376101694915254 0.12137826961770624 0.048728813559322036 0.0699195171026157
2 0.944638418079096 0.28622736418511063 0.08269491525423722 0.06204225352112672
2 0.9757062146892655 0.33400402414486924 0.04858757062146893 0.07243460764587525
2 0.7314858757062147 0.14349094567404427 0.03662146892655376 0.03292756539235414
2 0.31666666666666665 0.920523138832998 0.06384180790960452 0.158953722334004
2 0.09651977401129942 0.6694869215291751 0.16010169491525422 0.23796780684104624
2 0.364045197740113 0.12 0.027723163841807872 0.040623742454728363
2 0.41932203389830514 0.07749496981891348 0.02246327683615819 0.04562374245472837
2 0.46582485875706214 0.08593561368209254 0.019305084745762754 0.03749496981891349
0 0.4470508474576271 0.0818712273641851 0.008423728813559368 0.03311871227364187
2 0.3743446327683616 0.09045271629778671 0.020485875706214685 0.028008048289738435
0 0.8716779661016949 0.26097585513078475 0.024474576271186533 0.06464788732394365