2 0.5492542372881356 0.3387323943661972 0.05441807909604516 0.1132193158953722
1 0.44838418079096043 0.18835010060362176 0.0414293785310734 0.08462776659959759
2 0.39782485875706214 0.12131790744466801 0.0271751412429378 0.04226358148893359
2 0.9675141242937854 0.28420523138833 0.06497175141242938 0.06539235412474849
2 0.6577627118644068 0.06630784708249497 0.01852542372881354 0.01695171026156941
2 0.13502824858757062 0.6596277665995975 0.16007344632768358 0.22132796780684105
2 0.980225988700565 0.4964788732394366 0.03954802259887006 0.10362173038229376
2 0.7826384180790961 0.2516800804828974 0.0510338983050847 0.06731388329979876
2 0.6969548022598869 0.11648893360160965 0.02961016949152534 0.032535211267605606
2 0.7672033898305085 0.14285714285714285 0.03780225988700557 0.04487927565392356
0 0.4789604519774011 0.23933601609657945 0.01701129943502819 0.07404426559356139
0 0.48938983050847457 0.13590543259557344 0.013502824858757114 0.048822937625754556
2 0.4101638418079096 0.08959758551307848 0.02063841807909603 0.028068410462776666