2 0.49953089244851256 0.3764765784114053 0.05510297482837525 0.11460285132382889
1 0.3973913043478261 0.22425661914460288 0.041950800915331765 0.08566191446028514
2 0.346195652173913 0.15640529531568229 0.02751716247139583 0.04278004073319755
2 0.9705377574370709 0.3696537678207739 0.05892448512585812 0.08961303462321792
2 0.9322368421052631 0.32194501018329935 0.08372997711670488 0.06589613034623222
2 0.6094050343249428 0.10072301425661914 0.01875858123569792 0.017158859470468427
2 0.08037757437070939 0.7006109979633401 0.16075514874141877 0.2240325865580448
2 0.9579519450800915 0.5361507128309573 0.08409610983981694 0.10488798370672098
2 0.7358524027459954 0.2883604887983707 0.05167620137299767 0.0681364562118126
2 0.6490903890160182 0.15151731160896129 0.029982837528604037 0.03293279022403256
2 0.7202231121281465 0.17820773930753564 0.03827803203661319 0.0454276985743381
0 0.4283524027459954 0.27586558044806514 0.017225400457665848 0.07494908350305501
0 0.4389130434782609 0.17117107942973525 0.013672768878718588 0.049419551934826916
2 0.3586899313501144 0.12429735234215886 0.020898169336384425 0.028411405295315658