2 0.52509375 0.3775 0.050166666666666665 0.10420370370370372
1 0.4321041666666667 0.2390925925925926 0.03819270833333333 0.0778888888888889
2 0.38549479166666667 0.17739814814814814 0.025052083333333332 0.03889814814814815
2 0.9637239583333332 0.3717962962962963 0.07255208333333334 0.08183333333333333
2 0.9190364583333334 0.32791666666666663 0.07622916666666667 0.05991666666666666
2 0.625125 0.1267685185185185 0.017078125 0.015601851851851853
2 0.14322916666666666 0.6728425925925926 0.14756770833333333 0.2037037037037037
2 0.9522552083333333 0.5231481481481481 0.09548437500000001 0.09567592592592593
2 0.7402447916666667 0.29737962962962966 0.047046875 0.0619537037037037
2 0.6612552083333333 0.1729537037037037 0.027296874999999998 0.029944444444444447
2 0.726015625 0.19722222222222222 0.03484895833333333 0.041305555555555554
0 0.46029166666666665 0.2860185185185185 0.015682291666666667 0.06814814814814814
0 0.46990625 0.1908240740740741 0.012447916666666666 0.04493518518518519
2 0.3968697916666667 0.1482037037037037 0.019026041666666667 0.025833333333333333