2 0.03571428571428571 0.35986328125 0.07142857142857142 0.0830078125
2 0.6407032967032966 0.153466796875 0.026796703296703285 0.034833984375000016
2 0.07774725274725275 0.31388671875 0.07989560439560432 0.064697265625
0 0.5446483516483517 0.580751953125 0.033313186813186874 0.1458984375000001
2 0.9021538461538462 0.68224609375 0.15823076923076923 0.243173828125
1 0.5899010989010989 0.388232421875 0.06770329670329685 0.17084960937499993
0 0.5134175824175824 0.32583984375 0.028417582417582434 0.08467773437500004
2 0.22128021978021978 0.28126953125 0.057675824175824064 0.06685546875000004
2 0.2806263736263736 0.2634375 0.040956043956043936 0.054970703124999964
2 0.34760439560439566 0.196767578125 0.0352582417582418 0.04283203125000001
2 0.39870329670329674 0.141240234375 0.024098901098901167 0.03490234375000001
1 0.5772197802197802 0.11348632812500001 0.0214230769230768 0.04758789062500002
0 0.5267857142857143 0.136884765625 0.011604395604395544 0.037275390625000016
2 0.39837362637362633 0.105751953125 0.018945054945054954 0.027011718749999997
2 0.4563076923076923 0.079716796875 0.014978021978021974 0.01958007812500001