2 0.9702702702702702 0.3504807692307692 0.05945945945945946 0.08173076923076923
2 0.38049729729729725 0.14725961538461538 0.026362162162162153 0.03429807692307694
2 0.9343243243243243 0.3052115384615385 0.07859999999999992 0.06370192307692307
0 0.4749945945945946 0.5679711538461539 0.03277297297297303 0.14365384615384624
2 0.12328648648648648 0.6679038461538461 0.1556648648648649 0.2394326923076923
1 0.4304756756756757 0.37841346153846156 0.06660540540540542 0.16822115384615377
0 0.505718918918919 0.31698076923076923 0.02795675675675677 0.08337500000000003
2 0.793118918918919 0.2730961538461538 0.05674054054054043 0.06582692307692312
2 0.7347351351351351 0.25553846153846155 0.04029189189189187 0.054124999999999965
2 0.6688432432432432 0.1898942307692308 0.03468648648648653 0.04217307692307694
2 0.6185729729729729 0.13522115384615385 0.023708108108108177 0.034365384615384624
1 0.4429513513513514 0.10789423076923077 0.02107567567567568 0.04685576923076925
0 0.4925675675675676 0.1309326923076923 0.011416216216216158 0.03670192307692309
2 0.6188972972972974 0.10027884615384616 0.01863783783783785 0.026596153846153842
2 0.5619027027027027 0.07464423076923077 0.014735135135135254 0.019278846153846164