2 0.9623020833333332 0.3576851851851852 0.07539583333333333 0.07857407407407407
2 0.38485416666666666 0.16125 0.02540104166666667 0.03302777777777778
2 0.9184895833333333 0.3133518518518519 0.07573437499999999 0.061342592592592594
0 0.47590625000000003 0.5663796296296297 0.031578125 0.13833333333333334
2 0.13702083333333331 0.6626111111111112 0.14998958333333334 0.2305648148148148
1 0.4330104166666667 0.3838425925925926 0.06417708333333333 0.16199074074074074
0 0.5055104166666667 0.3246851851851852 0.0269375 0.08028703703703703
2 0.7824322916666666 0.2824259259259259 0.054671875 0.06338888888888888
2 0.7261770833333333 0.2655185185185185 0.03882291666666667 0.05212037037037037
2 0.6626875 0.20230555555555557 0.033421875000000004 0.04061111111111111
2 0.61425 0.1496574074074074 0.02284375 0.0330925925925926
1 0.44503125000000004 0.1233425925925926 0.020307291666666668 0.045120370370370366
0 0.4928385416666667 0.14552777777777776 0.011000000000000001 0.03534259259259259
2 0.6145625 0.11600925925925927 0.017958333333333333 0.025611111111111112
2 0.5596458333333333 0.09132407407407407 0.014197916666666668 0.018564814814814815