2 0.6572119565217391 0.2403771760154739 0.022500000000000048 0.028907156673114106
2 0.9915760869565218 0.5203094777562862 0.01684782608695652 0.09090909090909091
2 0.9559782608695652 0.4574468085106383 0.08804347826086957 0.07930367504835589
2 0.6721793478260869 0.31945841392649904 0.03540217391304341 0.04386847195357835
2 0.38611413043478265 0.2690232108317215 0.02343478260869559 0.04020309477756291
2 0.6113586956521739 0.23699226305609286 0.02002173913043486 0.027379110251450626
2 0.9160869565217391 0.4156286266924565 0.07596195652173912 0.06074468085106378
2 0.39773913043478265 0.4946034816247582 0.06423369565217395 0.12324951644100586
2 0.4895434782608696 0.3028239845261122 0.02977173913043477 0.052978723404255294
0 0.4112336956521739 0.32379110251450677 0.010853260869565232 0.05077369439071567
2 0.4064836956521739 0.23809477756286268 0.017885869565217438 0.02268858800773698
2 0.7371847826086957 0.2803191489361702 0.03331521739130445 0.03840425531914897