2 0.3416351829988194 0.227468487394958 0.024439197166469948 0.031397058823529396
2 0.032467532467532464 0.4632352941176471 0.06493506493506493 0.0861344537815126
2 0.32537780401416766 0.3133613445378151 0.0384533648170011 0.047647058823529424
2 0.6360979929161747 0.25858193277310926 0.02545454545454539 0.04366596638655468
2 0.39144037780401414 0.2237920168067227 0.02174734356552547 0.029737394957983197
2 0.060448642266824136 0.41781512605042015 0.08250885478158204 0.06597689075630246
2 0.6234710743801652 0.5035924369747898 0.06976977567886662 0.13386554621848745
2 0.523754427390791 0.2952941176470588 0.032337662337662325 0.05754201680672266
0 0.6088134592680047 0.31806722689075634 0.011788665879575121 0.05514705882352941
2 0.6139728453364818 0.22498949579831934 0.01942739079102707 0.024642857142857123
2 0.25476977567886655 0.2708508403361345 0.036186540731995384 0.04171218487394962