2 0.6412864583333333 0.2514351851851852 0.0215625 0.027675925925925927
2 0.9762916666666667 0.5201759259259259 0.04458854166666667 0.08691666666666667
2 0.9296562500000001 0.4596574074074074 0.08835416666666666 0.07591666666666666
2 0.6556302083333333 0.32714814814814813 0.03392708333333334 0.042
2 0.38148437500000004 0.2788611111111111 0.022458333333333334 0.03849074074074074
2 0.5973437500000001 0.24819444444444447 0.019187500000000003 0.026212962962962962
2 0.8893749999999999 0.4192222222222222 0.07279687500000001 0.05815740740740741
2 0.392625 0.4948333333333333 0.061557291666666666 0.118
2 0.48060416666666667 0.31122222222222223 0.02853125 0.050722222222222224
0 0.40555729166666665 0.3312962962962963 0.010401041666666666 0.04861111111111111
2 0.4010052083333333 0.24925 0.017140625 0.021722222222222223
2 0.7179270833333333 0.28967592592592595 0.031927083333333335 0.03676851851851852