2 0.9169835164835165 0.439091796875 0.075021978021978 0.06235351562500002
2 0.499054945054945 0.4591894531249999 0.04832967032967035 0.09056640625000001
2 0.3834230769230769 0.2955078125 0.028357142857142803 0.03415039062500003
2 0.9582417582417583 0.4853515625 0.08351648351648351 0.078125
1 0.7392802197802197 0.394228515625 0.0629010989010989 0.08871093750000003
2 0.4577527472527473 0.272265625 0.021967032967032975 0.02824218749999996
2 0.40385714285714286 0.265732421875 0.023736263736263762 0.023193359375
2 0.9135549450549451 0.7138671875 0.16300549450549454 0.205078125
2 0.7356153846153846 0.30111328125 0.033648351648351525 0.03587890625000001
2 0.4897252747252747 0.25775390625 0.020065934065934057 0.02791015625000004
2 0.5871538461538461 0.2244140625 0.013670329670329731 0.02119140624999999