2 0.8947447916666668 0.43854629629629627 0.07111458333333333 0.05912037037037037
2 0.4985833333333333 0.4576018518518518 0.0458125 0.08587037037037036
2 0.38897395833333337 0.3024074074074074 0.026880208333333332 0.032379629629629626
2 0.9372239583333334 0.48274074074074075 0.08494270833333334 0.07412037037037036
1 0.726296875 0.3960092592592593 0.059625000000000004 0.08411111111111111
2 0.45943229166666666 0.2803703703703704 0.020822916666666667 0.02677777777777778
2 0.40834375 0.27417592592592593 0.022500000000000003 0.02199074074074074
2 0.8914947916666667 0.6990740740740741 0.15451562500000002 0.19444444444444445
2 0.7228229166666666 0.3077222222222222 0.03189583333333333 0.03401851851851852
2 0.4897395833333333 0.26661111111111113 0.019020833333333334 0.026462962962962962
2 0.58209375 0.23500000000000001 0.012958333333333332 0.020092592592592592