2 0.9197500000000001 0.46499074074074076 0.08467708333333333 0.07665740740740741
2 0.3993333333333334 0.4063148148148148 0.04833333333333333 0.08046296296296297
2 0.8744062499999999 0.4217685185185185 0.07307812500000001 0.0600925925925926
2 0.9713541666666666 0.5265833333333334 0.057296875000000004 0.09230555555555556
1 0.44090625 0.26705555555555555 0.02568229166666667 0.051370370370370365
2 0.7281354166666667 0.3656111111111111 0.044140625 0.05015740740740741
2 0.37324999999999997 0.27482407407407405 0.02811458333333333 0.03262037037037037
2 0.39087500000000003 0.2513703703703704 0.022026041666666666 0.02287962962962963
2 0.4636927083333333 0.3772314814814815 0.03675 0.05765740740740741
2 0.9698802083333333 0.42150925925925925 0.06023958333333333 0.06460185185185185
2 0.4869791666666667 0.8379629629629629 0.109375 0.28703703703703703
0 0.7008697916666667 0.3861759259259259 0.018958333333333334 0.05226851851851852
2 0.7100729166666666 0.2892037037037037 0.027479166666666666 0.03126851851851852
2 0.61746875 0.29018518518518516 0.030229166666666665 0.045925925925925926
1 0.617328125 0.24987962962962965 0.025557291666666666 0.03273148148148148
2 0.45252604166666666 0.32504629629629633 0.028880208333333334 0.042666666666666665
2 0.47847395833333334 0.2500648148148148 0.017671875 0.033