2 0.08551955307262565 0.4484990059642147 0.09082681564245806 0.08229622266401587
2 0.643731843575419 0.385506958250497 0.05184357541899426 0.08638170974155067
2 0.13415642458100563 0.40209741550695827 0.07838547486033516 0.06451292246520872
2 0.030726256983240222 0.5139165009940357 0.061452513966480445 0.09940357852882704
1 0.5991396648044693 0.23600397614314117 0.027547486033519523 0.05514910536779326
2 0.291050279329609 0.34180914512922467 0.0473463687150838 0.053846918489065566
2 0.671709497206704 0.24434393638170973 0.030156424581005595 0.03501988071570578
2 0.652804469273743 0.21916500994035787 0.023625698324022327 0.024562624254473142
2 0.5746983240223464 0.35428429423459246 0.03941899441340779 0.06189860834990058
2 0.03212290502793296 0.40159045725646125 0.06424581005586592 0.06958250497017893
2 0.5497206703910614 0.8474155069582505 0.11731843575418995 0.305168986083499
0 0.3202960893854748 0.36388667992047713 0.020335195530726307 0.05611332007952291
2 0.3104245810055866 0.25978131212723654 0.02947486033519565 0.033568588469184875
2 0.4097541899441341 0.2608349900596421 0.032424581005586574 0.049304174950298235
1 0.4099050279329609 0.21756461232604374 0.02741340782122914 0.03513916500994038
2 0.5866759776536313 0.29826043737574554 0.030977653631284813 0.04580516898608354
2 0.5588435754189944 0.21776341948310138 0.018955307262569866 0.03542743538767394