2 0.02502844141069397 0.5045546558704453 0.05005688282138794 0.0840080971659919
2 0.5718316268486917 0.44111336032388665 0.05278725824800894 0.0879554655870445
2 0.05298065984072816 0.4580060728744939 0.07981228668941977 0.06568825910931171
1 0.5264277588168373 0.2888866396761134 0.028048919226393597 0.05615384615384617
2 0.21273037542662118 0.39661943319838056 0.048208191126279866 0.05482793522267202
2 0.6003185437997726 0.29737854251012147 0.030705346985210477 0.035657894736842125
2 0.5810693970420933 0.27174089068825913 0.02405574516496016 0.025010121457489914
2 0.5015415244596132 0.4093218623481782 0.04013651877133103 0.06302631578947367
2 0.4761092150170648 0.8780364372469636 0.11945392491467577 0.24392712550607287
0 0.24250853242320816 0.4190991902834008 0.020705346985210517 0.05713562753036442
2 0.2324573378839591 0.3130971659919028 0.03001137656427771 0.03418016194331982
2 0.3335949943117179 0.3141700404858299 0.033014789533560844 0.05020242914979759
1 0.33374857792946533 0.2701113360323887 0.027912400455062665 0.03577935222672067
2 0.5137372013651877 0.3522773279352227 0.031541524459613224 0.04663967611336037
2 0.4853981797497156 0.27031376518218625 0.019300341296928362 0.03607287449392711