2 0.04316939890710383 0.4679611650485437 0.08633879781420765 0.07572815533980583
2 0.08030054644808746 0.4220582524271845 0.07163934426229503 0.05768932038834947
2 0.6150054644808743 0.2787087378640777 0.026644808743169518 0.04035922330097092
2 0.5643169398907104 0.3060970873786408 0.03452459016393434 0.05405825242718442
1 0.2585027322404371 0.3741553398058252 0.06871038251366109 0.08700000000000001
2 0.10278688524590159 0.41639805825242715 0.04510928961748644 0.050300970873786356
2 0.6560109289617486 0.9150485436893204 0.1185792349726776 0.16990291262135923
2 0.021584699453551914 0.695631067961165 0.04316939890710383 0.17766990291262136
2 0.14225683060109284 0.6009708737864078 0.10018032786885242 0.14239805825242727
0 0.617136612021858 0.4667961165048543 0.02496721311475413 0.08170873786407774
0 0.672983606557377 0.46854368932038837 0.032846994535518946 0.07587378640776708
0 0.5410437158469945 0.2597281553398058 0.008983606557377078 0.034640776699029076
1 0.5143169398907104 0.26576699029126216 0.023005464480874267 0.051378640776698986
2 0.5963661202185792 0.25038834951456307 0.019278688524590026 0.024524271844660186