2 0.04296388542963885 0.5543237250554324 0.0859277708592777 0.08647450110864745
2 0.07904732254047325 0.5019068736141907 0.08163138231631377 0.06587583148558754
2 0.6883312577833126 0.3382150776053215 0.03036114570361159 0.046086474501108705
2 0.6305728518057285 0.36949002217294896 0.03933997509339965 0.06172949002217289
1 0.28210460772104606 0.4472062084257206 0.07829389788293885 0.09934589800443461
2 0.10466998754669982 0.4954434589800443 0.051400996264010075 0.05743902439024384
2 0.018368617683686177 0.8143015521064302 0.036737235367372355 0.20288248337028825
2 0.14964508094645076 0.7062084257206208 0.11415317559153171 0.1626053215077606
0 0.6907596513075966 0.5529933481152993 0.028449564134495675 0.09330376940133046
0 0.7543960149439601 0.554988913525499 0.037428393524284016 0.08664079822616418
0 0.6040535491905356 0.3165410199556541 0.01023661270236616 0.0395565410199556
1 0.57359900373599 0.32343680709534367 0.02621419676214191 0.058669623059866914
2 0.6670921544209215 0.30587583148558756 0.021967621419676054 0.028004434589800432