2 0.9410885416666667 0.48474074074074075 0.08619791666666667 0.07225925925925926
2 0.903671875 0.44048148148148153 0.06828125 0.05501851851851852
2 0.39403125 0.3037685185185185 0.025395833333333333 0.03849074074074074
2 0.44234375 0.32988888888888884 0.03290625 0.051555555555555556
1 0.7338229166666667 0.3947962962962963 0.06548958333333334 0.08297222222222222
2 0.8822395833333334 0.4350833333333333 0.042994791666666664 0.04797222222222222
2 0.3550364583333333 0.9135833333333333 0.11284895833333333 0.16666666666666666
2 0.9696197916666667 0.7021574074074074 0.060760416666666664 0.16975
2 0.8446197916666667 0.6111111111111112 0.09548437500000001 0.13580555555555554
0 0.392 0.4831481481481481 0.023796875 0.07792592592592593
0 0.33877083333333335 0.4848148148148148 0.03130729166666667 0.07236111111111111
0 0.46452604166666667 0.2856666666666666 0.0085625 0.03303703703703704
1 0.49 0.2914259259259259 0.021927083333333333 0.049
2 0.411796875 0.27675925925925926 0.018375 0.02338888888888889