2 0.717813578826237 0.3938627049180328 0.05577675489067897 0.06788934426229508
1 0.6983486766398159 0.3015061475409836 0.05036823935558111 0.06847336065573775
2 0.6252819332566169 0.28515368852459017 0.03548331415420027 0.04386270491803285
2 0.3400632911392405 0.2523770491803279 0.02689873417721519 0.035922131147541045
2 0.9006904487917147 0.3966393442622951 0.08094361334867654 0.07232581967213118
2 0.948716915995397 0.44562499999999994 0.09478711162255453 0.08384221311475414
1 0.26256041426927507 0.5763114754098361 0.11770425776754886 0.21839139344262304
1 0.41492520138089756 0.4219979508196721 0.06039125431530497 0.12779713114754102
2 0.988204833141542 0.4953893442622951 0.023590333716915997 0.08709016393442623
1 0.6049309551208285 0.21664959016393442 0.025517836593785908 0.042827868852459025
2 0.44444188722669736 0.1986270491803279 0.01823935558112776 0.025440573770491786
2 0.44578250863060986 0.2478176229508197 0.02547756041426926 0.0413934426229508
0 0.36880322209436134 0.3476331967213115 0.021605293440736452 0.061987704918032786
1 0.40153049482163405 0.2228483606557377 0.02466628308400454 0.05236680327868854
2 0.36073647871116227 0.22004098360655736 0.01960299194476406 0.027592213114754106