2 0.7357083333333333 0.42908333333333337 0.05048958333333333 0.06135185185185186
1 0.7180885416666667 0.34562037037037036 0.04559375 0.061879629629629625
2 0.6519479166666666 0.3308425925925926 0.03211979166666667 0.03963888888888889
2 0.393765625 0.3012222222222222 0.024348958333333334 0.032462962962962964
2 0.90125 0.4315925925925926 0.07327083333333334 0.06536111111111112
2 0.9447239583333332 0.47586111111111107 0.08580208333333333 0.07576851851851851
1 0.32360937500000003 0.593962962962963 0.106546875 0.19736111111111113
1 0.46153125 0.4545092592592593 0.05466666666666666 0.11549074074074074
2 0.9845885416666668 0.5212777777777778 0.028817708333333334 0.07880555555555556
1 0.6335260416666666 0.26893518518518517 0.023098958333333332 0.0387037037037037
2 0.48825 0.2526481481481482 0.016510416666666666 0.02299074074074074
2 0.48946354166666667 0.29710185185185184 0.0230625 0.0374074074074074
0 0.41978125 0.38730555555555557 0.019557291666666664 0.056018518518518516
1 0.44940625 0.274537037037037 0.022328124999999997 0.047324074074074074
2 0.4124791666666667 0.27199999999999996 0.017744791666666666 0.024935185185185185