2 0.27151381215469617 0.4178880157170924 0.05355801104972379 0.06508840864440078
1 0.29020441988950274 0.3293418467583497 0.04836464088397788 0.06564833005893914
2 0.3603646408839779 0.313664047151277 0.034071823204419927 0.04205304518664053
2 0.6342375690607734 0.2822396856581532 0.025828729281767954 0.03444007858546175
2 0.0959116022099447 0.4205500982318271 0.07772375690607726 0.06934184675834974
2 0.0497955801104973 0.46751473477406674 0.09101657458563524 0.08038310412573667
1 0.7086574585635359 0.5928094302554028 0.11302209944751365 0.2093811394891946
1 0.5623535911602211 0.4448624754420432 0.057988950276243116 0.12252455795677801
2 0.011602209944751382 0.5152259332023575 0.023204419889502764 0.08349705304518663
1 0.37990607734806636 0.2479862475442043 0.024502762430939178 0.041060903732809385
2 0.5340110497237569 0.2307072691552063 0.01751381215469616 0.024390962671905683
2 0.5327237569060773 0.2778683693516699 0.02446408839779004 0.039685658153241626
0 0.6066408839779005 0.37356581532416505 0.02074585635359126 0.059430255402750494
1 0.5752154696132596 0.2539292730844794 0.023685082872928115 0.050206286836935184
2 0.6143867403314917 0.251237721021611 0.01882320441988934 0.026453831041257318