1 0.28015625 0.3758148148148148 0.07789583333333333 0.08318518518518518
2 0.42246875 0.30324999999999996 0.034984375 0.07335185185185185
2 0.45509374999999996 0.24375 0.025796875 0.048407407407407406
2 0.97509375 0.33502777777777776 0.0480625 0.054268518518518515
2 0.43281770833333333 0.2234814814814815 0.021687500000000002 0.02524074074074074
2 0.833125 0.3124537037037037 0.04413020833333334 0.050638888888888886
2 0.6151979166666667 0.24381481481481482 0.022166666666666668 0.030666666666666665
2 0.3758697916666666 0.904324074074074 0.11631770833333334 0.1913611111111111
2 0.05816145833333333 0.7037037037037037 0.11631770833333334 0.2098796296296296
3 0.18399479166666666 0.5017777777777778 0.08805729166666666 0.1466574074074074
2 0.3941145833333334 0.2489351851851852 0.040802083333333336 0.02967592592592592