2 0.21717187500000001 0.48418055555555556 0.0842421875 0.12445833333333334
2 0.5435625 0.43743055555555554 0.0700546875 0.07343055555555555
2 0.4384765625 0.4734305555555556 0.0755 0.12586111111111112
2 0.941390625 0.3978611111111111 0.0783671875 0.08679166666666667
2 0.8784296875000001 0.4179583333333333 0.064359375 0.08829166666666667
2 0.56521875 0.5129444444444444 0.0761484375 0.11293055555555556
2 0.3088828125 0.5540555555555555 0.086515625 0.120875
2 0.9661484375 0.30633333333333335 0.067703125 0.07772222222222222
2 0.3383828125 0.42927777777777776 0.07032812499999999 0.08143055555555556
2 0.7741640624999999 0.6300972222222222 0.113984375 0.149875
2 0.89765625 0.7810277777777779 0.163859375 0.22375
2 0.936359375 0.9179583333333332 0.12728124999999998 0.16409722222222223
2 0.710046875 0.8767916666666666 0.149609375 0.24641666666666664
2 0.6071640625 0.6454444444444445 0.1076484375 0.14018055555555556
2 0.4847734375 0.927861111111111 0.1330234375 0.14427777777777778
2 0.48237500000000005 0.7892777777777777 0.10628125 0.17916666666666667
2 0.466234375 0.6839861111111112 0.0982109375 0.096375
2 0.2599296875 0.946875 0.13192187500000002 0.1062361111111111
2 0.274546875 0.839875 0.1055390625 0.11790277777777777
2 0.311625 0.6649305555555556 0.08842187500000001 0.12804166666666666
2 0.06671875000000001 0.8766388888888889 0.13343750000000001 0.22945833333333335
2 0.1548359375 0.6852083333333334 0.1026875 0.1356527777777778
2 0.4230625 0.37177777777777776 0.05115625 0.07381944444444444
2 0.5052109375 0.3172083333333333 0.052359375 0.089875
2 0.3502421875 0.3533194444444444 0.043929687499999995 0.060444444444444446
2 0.27502343749999997 0.3581388888888889 0.0451328125 0.06365277777777778
2 0.2872109375 0.315875 0.041828125 0.05509722222222223
2 0.3612265625 0.3115972222222222 0.0370078125 0.05830555555555555
2 0.4257734375 0.3078472222222222 0.038515625 0.04654166666666666
2 0.4720703125 0.2505 0.0312890625 0.03870833333333334
2 0.4194296875 0.26740277777777777 0.0321328125 0.045472222222222226
2 0.3591796875 0.2724861111111111 0.027484375 0.024805555555555556
2 0.3094296875 0.2769583333333333 0.028765625 0.044569444444444446