2 0.20865168539325843 0.4808714285714286 0.08654093097913326 0.12801428571428575
2 0.5439486356340288 0.4327857142857143 0.07196629213483152 0.07552857142857143
2 0.4359951845906902 0.46981428571428574 0.07756019261637247 0.12945714285714285
2 0.9526324237560193 0.39208571428571426 0.08050561797752805 0.08927142857142858
2 0.8879534510433388 0.4127571428571429 0.06611556982343508 0.09081428571428579
2 0.5661958266452649 0.5104571428571428 0.07822632423756022 0.11615714285714294
2 0.3028651685393258 0.5527428571428572 0.08887640449438203 0.12432857142857139
2 0.9715088282504013 0.29714285714285715 0.05698234349919743 0.08
2 0.33317014446227927 0.4244 0.07224719101123595 0.08375714285714285
2 0.7808426966292134 0.6309571428571429 0.1170947030497593 0.1541571428571428
2 0.9077046548956661 0.7862 0.16833065810593884 0.230142857142857
2 0.9410112359550562 0.9207142857142857 0.11797752808988764 0.15857142857142856
2 0.7146869983948636 0.8785714285714286 0.15329052969502407 0.24285714285714285
2 0.6092857142857142 0.6467428571428572 0.11058587479935791 0.1441857142857144
2 0.48314606741573035 0.9314285714285714 0.13643659711075443 0.13714285714285715
2 0.48109149277688606 0.7946857142857142 0.10918138041733544 0.18428571428571427
2 0.46451043338683784 0.6863857142857144 0.10089085072231142 0.09912857142857157
2 0.25240770465489565 0.9507142857142857 0.13563402889245585 0.09857142857142857
2 0.26759229534510437 0.8467285714285715 0.10841894060995187 0.12127142857142871
2 0.3056821829855538 0.6667857142857143 0.09083467094703054 0.13170000000000007
2 0.060995184590690206 0.8828571428571429 0.12199036918138041 0.2342857142857143
2 0.1446147672552167 0.6876428571428572 0.10548956661316211 0.13952857142857153
2 0.4201605136436597 0.3652571428571429 0.05255216693418942 0.0759285714285714
2 0.5045505617977528 0.3091285714285714 0.05378812199036917 0.09244285714285712
2 0.3453531300160514 0.34627142857142856 0.04512841091492778 0.062171428571428544
2 0.26808186195826644 0.35122857142857145 0.04636436597110753 0.06547142857142862
2 0.2806019261637239 0.30775714285714284 0.04296950240770463 0.056671428571428595
2 0.3566372391653291 0.3033571428571428 0.03801765650080257 0.0599714285714286
2 0.4229454253611557 0.2995 0.03956661316211874 0.04787142857142856
2 0.4705056179775281 0.24051428571428574 0.032142857142857105 0.03981428571428572
2 0.4164285714285714 0.2579 0.03300963081861967 0.04677142857142858
2 0.35453451043338685 0.26312857142857143 0.028234349919743138 0.025514285714285732
2 0.30342696629213484 0.2677285714285714 0.02955056179775285 0.04584285714285711