2 0.21346709470304978 0.48372857142857145 0.08654093097913326 0.12801428571428575
2 0.5487640449438203 0.4356428571428571 0.07196629213483152 0.07552857142857143
2 0.44081059390048155 0.4726714285714286 0.07756019261637247 0.12945714285714285
2 0.9574478330658106 0.3949428571428571 0.08050561797752805 0.08927142857142858
2 0.8927688603531301 0.4156142857142857 0.06611556982343508 0.09081428571428579
2 0.5710112359550562 0.5133142857142857 0.07822632423756022 0.11615714285714294
2 0.3076805778491172 0.5556 0.08887640449438203 0.12432857142857139
2 0.973916532905297 0.3 0.0521669341894061 0.08
2 0.3379855537720706 0.42725714285714284 0.07224719101123595 0.08375714285714285
2 0.7856581059390046 0.6338142857142858 0.1170947030497593 0.1541571428571428
2 0.9125200642054575 0.7890571428571429 0.16833065810593884 0.230142857142857
2 0.9434189406099518 0.9221428571428572 0.11316211878009631 0.15571428571428572
2 0.7195024077046549 0.88 0.15329052969502407 0.24
2 0.6141011235955056 0.6496000000000001 0.11058587479935791 0.1441857142857144
2 0.48796147672552165 0.9328571428571428 0.13643659711075443 0.13428571428571429
2 0.4859069020866774 0.7975428571428571 0.10918138041733544 0.18428571428571427
2 0.4693258426966292 0.6892428571428572 0.10089085072231142 0.09912857142857157
2 0.257223113964687 0.9521428571428572 0.13563402889245585 0.09571428571428571
2 0.27240770465489567 0.8495857142857144 0.10841894060995187 0.12127142857142871
2 0.3104975922953451 0.6696428571428571 0.09083467094703054 0.13170000000000007
2 0.06340288924558588 0.8842857142857142 0.12680577849117175 0.23142857142857143
2 0.149430176565008 0.6905 0.10548956661316211 0.13952857142857153
2 0.42497592295345105 0.3681142857142857 0.05255216693418942 0.0759285714285714
2 0.5093659711075441 0.31198571428571426 0.05378812199036917 0.09244285714285712
2 0.3501685393258427 0.3491285714285714 0.04512841091492778 0.062171428571428544
2 0.27289727126805774 0.3540857142857143 0.04636436597110753 0.06547142857142862
2 0.2854173354735152 0.31061428571428573 0.04296950240770463 0.056671428571428595
2 0.3614526484751204 0.3062142857142857 0.03801765650080257 0.0599714285714286
2 0.42776083467094705 0.3023571428571429 0.03956661316211874 0.04787142857142856
2 0.4753210272873194 0.2433714285714286 0.032142857142857105 0.03981428571428572
2 0.4212439807383628 0.26075714285714285 0.03300963081861967 0.04677142857142858
2 0.35934991974317815 0.26598571428571427 0.028234349919743138 0.025514285714285732
2 0.30824237560192613 0.27058571428571426 0.02955056179775285 0.04584285714285711