2 0.87615625 0.16894444444444445 0.0694609375 0.07672222222222222
2 0.5531640624999999 0.349875 0.08301562500000001 0.12662500000000002
2 0.5298671875000001 0.27288888888888885 0.068 0.08862500000000001
2 0.9720234375000001 0.11669444444444443 0.052171875 0.084625
2 0.4860390625 0.13029166666666667 0.051671875 0.09459722222222222
2 0.4145703125 0.30059722222222224 0.0775703125 0.12788888888888889
2 0.23318750000000002 0.1787361111111111 0.05315625 0.058875000000000004
2 0.181265625 0.3070138888888889 0.08225 0.13520833333333332
2 0.7321875 0.026625000000000003 0.039765625 0.03830555555555555
2 0.9291406249999999 0.09513888888888888 0.065375 0.07555555555555556
2 0.92421875 0.7569444444444444 0.1515625 0.2361111111111111
2 0.868015625 0.5797222222222221 0.1538984375 0.21854166666666666
2 0.758921875 0.44277777777777777 0.1161953125 0.16859722222222223
2 0.6041640625 0.4877083333333333 0.11203125 0.14172222222222222
2 0.6796875 0.6819444444444445 0.14375 0.25277777777777777
2 0.4607578125 0.754375 0.1319453125 0.22894444444444445
2 0.4556484375 0.5775972222222222 0.10423437499999999 0.16905555555555554
2 0.438875 0.4590972222222222 0.0881953125 0.07001388888888889
2 0.23233593749999998 0.8007083333333334 0.133578125 0.23341666666666666
2 0.24775 0.6271805555555555 0.09133593749999999 0.11366666666666667
2 0.28123437500000004 0.4802361111111111 0.0866953125 0.14472222222222222
2 0.280109375 0.35918055555555556 0.074640625 0.11895833333333335
2 0.053265625000000004 0.6854583333333333 0.10498437499999999 0.2648611111111111
2 0.113546875 0.519 0.1026953125 0.15170833333333333
2 0.310828125 0.23722222222222225 0.0641484375 0.11544444444444445
2 0.399328125 0.19463888888888886 0.05582812499999999 0.08095833333333333
2 0.31934375 0.15627777777777777 0.0455390625 0.053500000000000006
2 0.3997734375 0.12173611111111111 0.039859375 0.05230555555555555
2 0.330625 0.12008333333333332 0.041726562499999995 0.06419444444444444
2 0.25198437500000004 0.12150000000000001 0.0460078125 0.06038888888888889
2 0.45103125000000005 0.05609722222222222 0.03315625 0.04390277777777778
2 0.3950078125 0.07073611111111111 0.036359375 0.04227777777777778
2 0.2781796875 0.07748611111111112 0.030984374999999998 0.052208333333333336