2 0.11904424778761061 0.1745110410094637 0.07868141592920351 0.0871293375394322
2 0.4849115044247788 0.37998422712933755 0.09403539823008848 0.14380126182965303
2 0.5113008849557522 0.2925552050473186 0.07702654867256634 0.10064668769716088
2 0.020353982300884955 0.11435331230283911 0.04070796460176991 0.09621451104100946
2 0.5609469026548672 0.13061514195583596 0.058530973451327524 0.10742902208201895
2 0.6419026548672566 0.32402208201892746 0.08786725663716811 0.14523659305993689
2 0.8473628318584071 0.1856309148264984 0.06021238938053094 0.06686119873817033
2 0.9061769911504425 0.33130914826498425 0.09316814159292053 0.15354889589905366
2 0.2827433628318584 0.016561514195583597 0.04513274336283186 0.033123028391167195
2 0.05902654867256641 0.09069400630914827 0.0740530973451327 0.0858044164037855
2 0.0752212389380531 0.8422712933753943 0.1504424778761062 0.26813880126182965
2 0.12826548672566376 0.6410094637223974 0.17432743362831848 0.24818611987381706
2 0.2518407079646018 0.4854889589905363 0.1316194690265487 0.1914668769716088
2 0.4271415929203539 0.5365141955835961 0.12690265486725671 0.1609463722397476
2 0.3415929203539823 0.7570977917981072 0.16283185840707964 0.2870662460567823
2 0.5895840707964602 0.839353312302839 0.14946017699115033 0.2599999999999999
2 0.5953716814159292 0.638596214511041 0.11807079646017705 0.19198738170347007
2 0.6143716814159292 0.5040220820189275 0.09990265486725652 0.07951104100946367
2 0.8491150442477876 0.8793375394321766 0.15132743362831858 0.24132492113564669
2 0.8308672566371681 0.6949053627760252 0.10346017699115051 0.12908517350157733
2 0.7929380530973451 0.5280283911671924 0.09820353982300888 0.1643533123028392
2 0.794212389380531 0.39055205047318614 0.08454867256637165 0.13509463722397472
2 0.9623893805309734 0.5717665615141956 0.0752212389380531 0.1719242902208202
2 0.7594159292035398 0.2520504731861199 0.0726637168141592 0.13110410094637226
2 0.6591681415929204 0.20369085173501575 0.06323893805309738 0.09194006309148268
2 0.7497699115044247 0.16012618296529968 0.051584070796460144 0.06075709779179812
2 0.6586637168141593 0.12089905362776027 0.04515044247787609 0.059400630914826495
2 0.7369911504424779 0.11902208201892743 0.04726548672566359 0.07290220820189275
2 0.826070796460177 0.12063091482649843 0.0521150442477875 0.06858044164037853
2 0.6006017699115044 0.04635646687697161 0.037557522123893856 0.04985804416403786
2 0.6640619469026549 0.06298107255520505 0.04118584070796457 0.04801261829652997
2 0.7963982300884956 0.07064668769716088 0.035097345132743235 0.05929022082018928