2 0.03146853146853147 0.14875389408099687 0.06293706293706294 0.08566978193146417
2 0.3854458041958042 0.3518847352024922 0.09288461538461537 0.14200934579439256
2 0.4115122377622377 0.26554517133956385 0.07608391608391606 0.09939252336448598
2 0.4605506993006993 0.10562305295950156 0.0578146853146854 0.10609034267912774
2 0.5405157342657343 0.29661993769470407 0.08679195804195801 0.14342679127725855
2 0.7434615384615384 0.15995327102803739 0.05947552447552444 0.06602803738317754
2 0.8015559440559441 0.30381619937694704 0.092027972027972 0.15163551401869163
2 0.18575174825174826 0.004672897196261682 0.044580419580419584 0.009345794392523364
2 0.027534965034965036 0.8084112149532711 0.05506993006993007 0.26479750778816197
2 0.059877622377622376 0.6090342679127726 0.11975524475524475 0.24610591900311526
2 0.15522727272727285 0.4560747663551402 0.13000874125874118 0.18908099688473518
2 0.3283828671328671 0.5064641744548286 0.12534965034965043 0.1589408099688473
2 0.24388111888111888 0.7242990654205608 0.16083916083916083 0.2834890965732087
2 0.4888374125874126 0.8055295950155763 0.14763111888111877 0.2567601246105918
2 0.4945541958041958 0.6072741433021807 0.11662587412587419 0.18959501557632402
2 0.5133216783216783 0.4743769470404985 0.09868006993007002 0.07852024922118375
2 0.7444143356643357 0.8574922118380062 0.14945804195804197 0.26177570093457936
2 0.7271678321678322 0.6628816199376947 0.10219405594405602 0.12747663551401875
2 0.6897027972027971 0.4980841121495327 0.09700174825174827 0.16230529595015583
2 0.6909615384615385 0.36232087227414334 0.08351398601398598 0.133411214953271
2 0.9431818181818182 0.7274143302180686 0.11363636363636363 0.29595015576323985
2 0.8773251748251748 0.5415576323987539 0.11490384615384619 0.1701401869158879
2 0.6565909090909091 0.2255451713395639 0.07177447552447544 0.1294704049844237
2 0.55756993006993 0.17778816199376946 0.062465034965035 0.09079439252336452
2 0.647062937062937 0.13476635514018692 0.05095279720279717 0.06000000000000002
2 0.5570716783216783 0.09602803738317758 0.044597902097902084 0.05866043613707165
2 0.6344405594405594 0.09417445482866042 0.04668706293706281 0.07199376947040498
2 0.72243006993007 0.09576323987538941 0.051477272727272615 0.0677258566978193
2 0.5 0.02336448598130841 0.03671328671328671 0.04672897196261682
2 0.5624038461538461 0.03883177570093458 0.04068181818181815 0.04741433021806853
2 0.6931206293706295 0.046401869158878506 0.03466783216783204 0.05855140186915889