2 0.8669609375 0.04794444444444445 0.059625 0.07138888888888889
2 0.5564843749999999 0.20836111111111114 0.074265625 0.09480555555555556
2 0.24196093749999997 0.09284722222222222 0.0548203125 0.07130555555555557
2 0.264265625 0.035513888888888887 0.056437499999999995 0.06870833333333333
2 0.4329375 0.22731944444444444 0.0831796875 0.140125
2 0.1862578125 0.24258333333333332 0.089953125 0.15866666666666665
2 0.97384375 0.24283333333333335 0.05040625 0.1103888888888889
2 0.514265625 0.05215277777777778 0.058835937500000005 0.10387500000000001
2 0.9321328125000001 0.657625 0.13573437500000002 0.24356944444444445
2 0.6998671875 0.5865833333333333 0.14842187499999998 0.2719722222222222
2 0.47837500000000005 0.6606666666666666 0.1370078125 0.23341666666666666
2 0.24889062499999998 0.6941527777777778 0.13015625 0.23544444444444446
2 0.06171093749999999 0.580375 0.1198515625 0.2512361111111111
2 0.8835390625 0.47144444444444444 0.1508203125 0.196625
2 0.7829296875 0.34397222222222223 0.11592968749999999 0.15675
2 0.6396484375 0.40058333333333335 0.1200078125 0.09869444444444445
2 0.586171875 0.28375 0.08490625 0.11755555555555555
2 0.473515625 0.481125 0.09960156249999999 0.1756111111111111
2 0.45922656249999994 0.3650277777777778 0.0906171875 0.07111111111111111
2 0.2666875 0.5190833333333333 0.100578125 0.1083611111111111
2 0.1255703125 0.43672222222222223 0.09875 0.153875
2 0.2947265625 0.386875 0.092046875 0.140875
2 0.2953125 0.27408333333333335 0.08225 0.13056944444444446
2 0.32578125 0.16227777777777777 0.067125 0.11881944444444444
2 0.4261640625 0.11611111111111111 0.06021875 0.08234722222222222
2 0.33671875 0.08261111111111111 0.0475625 0.06954166666666667
2 0.419015625 0.03754166666666667 0.042562499999999996 0.058402777777777776