2 0.11499999999999998 0.03788571428571429 0.06125200642054588 0.07342857142857141
2 0.4339486356340289 0.2028857142857143 0.07629213483146063 0.0975142857142857
2 0.7570545746388443 0.08407142857142856 0.05631621187800969 0.07334285714285715
2 0.7343499197431782 0.03 0.05778491171749599 0.06
2 0.5608667736757624 0.22238571428571427 0.08544943820224721 0.1441285714285714
2 0.8142776886035312 0.2380857142857143 0.09240770465489556 0.1632
2 0.01565008025682183 0.23785714285714285 0.03130016051364366 0.11285714285714285
2 0.47792937399678975 0.047142857142857146 0.06019261637239166 0.09428571428571429
2 0.05898876404494382 0.6642857142857143 0.11797752808988764 0.25142857142857145
2 0.286653290529695 0.5919142857142857 0.15247191011235955 0.27974285714285724
2 0.5141894060995185 0.6681142857142858 0.14074638844301776 0.24008571428571437
2 0.7499357945425362 0.702557142857143 0.13370786516853925 0.24217142857142854
2 0.9406099518459069 0.585 0.1187800963081862 0.25857142857142856
2 0.0979695024077046 0.4734857142857143 0.15493579454253625 0.20224285714285722
2 0.20132423756019263 0.34237142857142855 0.11909309791332272 0.16122857142857144
2 0.34851524879614765 0.4006 0.12328250401284119 0.10151428571428579
2 0.4034510433386838 0.28042857142857147 0.08722311396468704 0.1209142857142857
2 0.5191813804173354 0.4834428571428572 0.10231942215088283 0.18062857142857133
2 0.5338603531300161 0.3640285714285714 0.09308988764044944 0.0731428571428572
2 0.731653290529695 0.5224857142857143 0.10332263242375603 0.11145714285714284
2 0.8766211878009631 0.4377714285714286 0.10144462279293748 0.1582714285714285
2 0.7028491171749599 0.3865 0.09455858747993574 0.14489999999999992
2 0.702247191011236 0.2704857142857143 0.08449438202247189 0.13429999999999997
2 0.6709470304975923 0.15548571428571428 0.06895666131621193 0.12221428571428573
2 0.567825040128411 0.108 0.06186195826645259 0.08469999999999998
2 0.6597110754414125 0.07354285714285713 0.04886035313001614 0.07152857142857144
2 0.5754414125200642 0.02857142857142857 0.04333868378812199 0.05714285714285714