2 0.08755354200988465 0.04768328445747801 0.06286655683690294 0.075366568914956
2 0.41490939044481057 0.21703812316715543 0.07830313014827013 0.10008797653958942
2 0.7465321252059308 0.09508797653958943 0.057800658978583254 0.07527859237536658
2 0.7232289950576606 0.03519061583577713 0.05930807248764415 0.07038123167155426
2 0.5451729818780889 0.23705278592375364 0.08770181219110382 0.14793255131964808
2 0.8052635914332783 0.25316715542521995 0.09484349258649083 0.16750733137829912
2 0.4600494233937397 0.05278592375366569 0.06177924217462932 0.10557184750733138
2 0.045304777594728174 0.6906158357771262 0.09060955518945635 0.25806451612903225
2 0.26373146622734756 0.6163343108504399 0.15649093904448108 0.28712609970674496
2 0.4972652388797364 0.6945454545454546 0.14445634266886337 0.24642228739002942
2 0.7392257001647448 0.7298973607038124 0.13723228995057654 0.2485630498533724
2 0.9365815485996705 0.6097800586510264 0.12636738056013166 0.2652346041055718
2 0.07495881383855024 0.4941348973607038 0.14991762767710048 0.20821114369501467
2 0.1761532125205931 0.36020527859237533 0.1222322899505767 0.16548387096774195
2 0.32722405271828664 0.41997067448680353 0.1265321252059309 0.10419354838709687
2 0.3836079077429984 0.2966275659824047 0.08952224052718293 0.12410557184750731
2 0.5023887973640856 0.505 0.10501647446457991 0.1853958944281524
2 0.5174546952224053 0.38243401759530793 0.09554365733113675 0.07507331378299127
2 0.7204612850082373 0.5450733137829912 0.10604612850082373 0.11439882697947211
2 0.8692504118616144 0.4581231671554252 0.10411861614497536 0.1624486803519061
2 0.6908978583196046 0.4054985337243402 0.09705107084019764 0.148724340175953
2 0.6902800658978583 0.28642228739002934 0.08672158154859964 0.13784457478005863
2 0.658154859967051 0.16838709677419356 0.07077429983525542 0.12543988269794723
2 0.5523146622734761 0.11964809384164223 0.06349258649093899 0.08693548387096774
2 0.6466227347611203 0.08428152492668621 0.0501482701812192 0.07341642228739004
2 0.5598517298187808 0.0367008797653959 0.044876441515650754 0.06165689149560117